날짜,시도,시군구,지표,거래구분,값
2024-06-24,경기,가평군,가격지수,매매,101.8271
2024-07-01,경기,가평군,가격지수,매매,101.8271
2024-07-08,경기,가평군,가격지수,매매,101.8271
2024-07-15,경기,가평군,가격지수,매매,101.8271
2024-07-22,경기,가평군,가격지수,매매,101.3301
2024-07-29,경기,가평군,가격지수,매매,101.0243
2024-08-05,경기,가평군,가격지수,매매,101.0328
2024-08-12,경기,가평군,가격지수,매매,101.0328
2024-08-19,경기,가평군,가격지수,매매,101.0328
2024-08-26,경기,가평군,가격지수,매매,101.0328
2024-09-02,경기,가평군,가격지수,매매,101.0328
2024-09-09,경기,가평군,가격지수,매매,100.9896
2024-09-23,경기,가평군,가격지수,매매,100.9896
2024-09-30,경기,가평군,가격지수,매매,100.9896
2024-10-07,경기,가평군,가격지수,매매,100.9896
2024-10-14,경기,가평군,가격지수,매매,100.9896
2024-10-21,경기,가평군,가격지수,매매,100.7559
2024-10-28,경기,가평군,가격지수,매매,100.7559
2024-11-04,경기,가평군,가격지수,매매,100.7559
2024-11-11,경기,가평군,가격지수,매매,100.7559
2024-11-18,경기,가평군,가격지수,매매,100.7795
2024-11-25,경기,가평군,가격지수,매매,100.9612
2024-12-02,경기,가평군,가격지수,매매,100.9612
2024-12-09,경기,가평군,가격지수,매매,100.9612
2024-12-16,경기,가평군,가격지수,매매,100.9612
2024-12-23,경기,가평군,가격지수,매매,100.7204
2024-12-30,경기,가평군,가격지수,매매,100.7204
2025-01-06,경기,가평군,가격지수,매매,100.7204
2025-01-13,경기,가평군,가격지수,매매,100.7204
2025-01-20,경기,가평군,가격지수,매매,100.7204
2025-02-03,경기,가평군,가격지수,매매,100.7204
2025-02-10,경기,가평군,가격지수,매매,100.7969
2025-02-17,경기,가평군,가격지수,매매,100.8139
2025-02-24,경기,가평군,가격지수,매매,100.8139
2025-03-03,경기,가평군,가격지수,매매,100.8139
2025-03-10,경기,가평군,가격지수,매매,100.8139
2025-03-17,경기,가평군,가격지수,매매,100.8139
2025-03-24,경기,가평군,가격지수,매매,100.489
2025-03-31,경기,가평군,가격지수,매매,100.489
2025-04-07,경기,가평군,가격지수,매매,100.184
2025-04-14,경기,가평군,가격지수,매매,100.184
2025-04-21,경기,가평군,가격지수,매매,100.184
2025-04-28,경기,가평군,가격지수,매매,100.184
2025-05-05,경기,가평군,가격지수,매매,100.184
2025-05-12,경기,가평군,가격지수,매매,100.184
2025-05-19,경기,가평군,가격지수,매매,100.184
2025-05-26,경기,가평군,가격지수,매매,100.184
2025-06-02,경기,가평군,가격지수,매매,100.184
2025-06-09,경기,가평군,가격지수,매매,100.184
2025-06-16,경기,가평군,가격지수,매매,99.8166
2025-06-23,경기,가평군,가격지수,매매,99.8166
2025-06-30,경기,가평군,가격지수,매매,100.2859
2025-07-07,경기,가평군,가격지수,매매,100.4078
2025-07-14,경기,가평군,가격지수,매매,100.3509
2025-07-21,경기,가평군,가격지수,매매,100.0286
2025-07-28,경기,가평군,가격지수,매매,100.0286
2025-08-04,경기,가평군,가격지수,매매,99.6457
2025-08-11,경기,가평군,가격지수,매매,99.5983
2025-08-18,경기,가평군,가격지수,매매,99.6149
2025-08-25,경기,가평군,가격지수,매매,99.5456
2025-09-01,경기,가평군,가격지수,매매,99.6817
2025-09-08,경기,가평군,가격지수,매매,99.6817
2025-09-15,경기,가평군,가격지수,매매,99.6817
2025-09-22,경기,가평군,가격지수,매매,99.7981
2025-09-29,경기,가평군,가격지수,매매,99.6216
2025-10-13,경기,가평군,가격지수,매매,99.9262
2025-10-20,경기,가평군,가격지수,매매,100.023
2025-10-27,경기,가평군,가격지수,매매,100.159
2025-11-03,경기,가평군,가격지수,매매,100.159
2025-11-10,경기,가평군,가격지수,매매,100.1758
2025-11-17,경기,가평군,가격지수,매매,100.1758
2025-11-24,경기,가평군,가격지수,매매,99.9489
2025-12-01,경기,가평군,가격지수,매매,99.9251
2025-12-08,경기,가평군,가격지수,매매,100.0416
2025-12-15,경기,가평군,가격지수,매매,100.0416
2025-12-22,경기,가평군,가격지수,매매,100.0416
2025-12-29,경기,가평군,가격지수,매매,100.0835
2026-01-05,경기,가평군,가격지수,매매,100.0835
2026-01-12,경기,가평군,가격지수,매매,100.0
2026-01-19,경기,가평군,가격지수,매매,100.0
2026-01-26,경기,가평군,가격지수,매매,100.0
2026-02-02,경기,가평군,가격지수,매매,100.0
2026-02-09,경기,가평군,가격지수,매매,100.0
2026-02-23,경기,가평군,가격지수,매매,100.0
2026-03-02,경기,가평군,가격지수,매매,100.0184
2026-03-09,경기,가평군,가격지수,매매,100.0446
2026-03-16,경기,가평군,가격지수,매매,100.0446
2026-03-23,경기,가평군,가격지수,매매,100.1486
2026-03-30,경기,가평군,가격지수,매매,100.1729
2026-04-06,경기,가평군,가격지수,매매,100.1729
2026-04-13,경기,가평군,가격지수,매매,100.272
2026-04-20,경기,가평군,가격지수,매매,100.2933
2026-04-27,경기,가평군,가격지수,매매,100.1576
2026-05-04,경기,가평군,가격지수,매매,100.1912
2026-05-11,경기,가평군,가격지수,매매,100.1912
2026-05-18,경기,가평군,가격지수,매매,100.2582
2026-05-25,경기,가평군,가격지수,매매,100.2582
2026-06-01,경기,가평군,가격지수,매매,100.2582
2026-06-08,경기,가평군,가격지수,매매,100.2998
2026-06-15,경기,가평군,가격지수,매매,100.3162
2026-06-22,경기,가평군,가격지수,매매,100.3162
2024-06-24,경기,고양시,가격지수,매매,101.2784
2024-07-01,경기,고양시,가격지수,매매,101.2491
2024-07-08,경기,고양시,가격지수,매매,101.1942
2024-07-15,경기,고양시,가격지수,매매,101.1858
2024-07-22,경기,고양시,가격지수,매매,101.1792
2024-07-29,경기,고양시,가격지수,매매,101.2155
2024-08-05,경기,고양시,가격지수,매매,101.221
2024-08-12,경기,고양시,가격지수,매매,101.2672
2024-08-19,경기,고양시,가격지수,매매,101.3126
2024-08-26,경기,고양시,가격지수,매매,101.3333
2024-09-02,경기,고양시,가격지수,매매,101.3288
2024-09-09,경기,고양시,가격지수,매매,101.3576
2024-09-23,경기,고양시,가격지수,매매,101.3879
2024-09-30,경기,고양시,가격지수,매매,101.375
2024-10-07,경기,고양시,가격지수,매매,101.4117
2024-10-14,경기,고양시,가격지수,매매,101.4115
2024-10-21,경기,고양시,가격지수,매매,101.4198
2024-10-28,경기,고양시,가격지수,매매,101.4166
2024-11-04,경기,고양시,가격지수,매매,101.4496
2024-11-11,경기,고양시,가격지수,매매,101.4516
2024-11-18,경기,고양시,가격지수,매매,101.4491
2024-11-25,경기,고양시,가격지수,매매,101.4349
2024-12-02,경기,고양시,가격지수,매매,101.4281
2024-12-09,경기,고양시,가격지수,매매,101.4386
2024-12-16,경기,고양시,가격지수,매매,101.4333
2024-12-23,경기,고양시,가격지수,매매,101.4377
2024-12-30,경기,고양시,가격지수,매매,101.4207
2025-01-06,경기,고양시,가격지수,매매,101.2747
2025-01-13,경기,고양시,가격지수,매매,101.1923
2025-01-20,경기,고양시,가격지수,매매,101.111
2025-02-03,경기,고양시,가격지수,매매,101.0497
2025-02-10,경기,고양시,가격지수,매매,101.0399
2025-02-17,경기,고양시,가격지수,매매,101.0159
2025-02-24,경기,고양시,가격지수,매매,100.9808
2025-03-03,경기,고양시,가격지수,매매,100.9755
2025-03-10,경기,고양시,가격지수,매매,100.9525
2025-03-17,경기,고양시,가격지수,매매,100.9268
2025-03-24,경기,고양시,가격지수,매매,100.9044
2025-03-31,경기,고양시,가격지수,매매,100.8522
2025-04-07,경기,고양시,가격지수,매매,100.826
2025-04-14,경기,고양시,가격지수,매매,100.8116
2025-04-21,경기,고양시,가격지수,매매,100.7607
2025-04-28,경기,고양시,가격지수,매매,100.7344
2025-05-05,경기,고양시,가격지수,매매,100.7084
2025-05-12,경기,고양시,가격지수,매매,100.6961
2025-05-19,경기,고양시,가격지수,매매,100.6789
2025-05-26,경기,고양시,가격지수,매매,100.6376
2025-06-02,경기,고양시,가격지수,매매,100.5897
2025-06-09,경기,고양시,가격지수,매매,100.5713
2025-06-16,경기,고양시,가격지수,매매,100.5393
2025-06-23,경기,고양시,가격지수,매매,100.5246
2025-06-30,경기,고양시,가격지수,매매,100.4786
2025-07-07,경기,고양시,가격지수,매매,100.432
2025-07-14,경기,고양시,가격지수,매매,100.4155
2025-07-21,경기,고양시,가격지수,매매,100.3979
2025-07-28,경기,고양시,가격지수,매매,100.3673
2025-08-04,경기,고양시,가격지수,매매,100.3271
2025-08-11,경기,고양시,가격지수,매매,100.319
2025-08-18,경기,고양시,가격지수,매매,100.3041
2025-08-25,경기,고양시,가격지수,매매,100.304
2025-09-01,경기,고양시,가격지수,매매,100.2664
2025-09-08,경기,고양시,가격지수,매매,100.2429
2025-09-15,경기,고양시,가격지수,매매,100.2127
2025-09-22,경기,고양시,가격지수,매매,100.1902
2025-09-29,경기,고양시,가격지수,매매,100.1763
2025-10-13,경기,고양시,가격지수,매매,100.1797
2025-10-20,경기,고양시,가격지수,매매,100.1494
2025-10-27,경기,고양시,가격지수,매매,100.1197
2025-11-03,경기,고양시,가격지수,매매,100.1117
2025-11-10,경기,고양시,가격지수,매매,100.0781
2025-11-17,경기,고양시,가격지수,매매,100.0503
2025-11-24,경기,고양시,가격지수,매매,100.0612
2025-12-01,경기,고양시,가격지수,매매,100.0616
2025-12-08,경기,고양시,가격지수,매매,100.0422
2025-12-15,경기,고양시,가격지수,매매,100.0432
2025-12-22,경기,고양시,가격지수,매매,100.021
2025-12-29,경기,고양시,가격지수,매매,100.0082
2026-01-05,경기,고양시,가격지수,매매,100.0042
2026-01-12,경기,고양시,가격지수,매매,100.0
2026-01-19,경기,고양시,가격지수,매매,99.9908
2026-01-26,경기,고양시,가격지수,매매,99.9947
2026-02-02,경기,고양시,가격지수,매매,100.003
2026-02-09,경기,고양시,가격지수,매매,100.0237
2026-02-23,경기,고양시,가격지수,매매,100.0132
2026-03-02,경기,고양시,가격지수,매매,100.0091
2026-03-09,경기,고양시,가격지수,매매,99.9852
2026-03-16,경기,고양시,가격지수,매매,99.9862
2026-03-23,경기,고양시,가격지수,매매,99.952
2026-03-30,경기,고양시,가격지수,매매,99.9243
2026-04-06,경기,고양시,가격지수,매매,99.9368
2026-04-13,경기,고양시,가격지수,매매,99.9187
2026-04-20,경기,고양시,가격지수,매매,99.9063
2026-04-27,경기,고양시,가격지수,매매,99.8882
2026-05-04,경기,고양시,가격지수,매매,99.8773
2026-05-11,경기,고양시,가격지수,매매,99.9405
2026-05-18,경기,고양시,가격지수,매매,99.9231
2026-05-25,경기,고양시,가격지수,매매,99.9342
2026-06-01,경기,고양시,가격지수,매매,99.9372
2026-06-08,경기,고양시,가격지수,매매,99.9331
2026-06-15,경기,고양시,가격지수,매매,99.9112
2026-06-22,경기,고양시,가격지수,매매,99.9053
2024-06-24,경기,고양시 덕양구,가격지수,매매,99.0384
2024-07-01,경기,고양시 덕양구,가격지수,매매,99.1027
2024-07-08,경기,고양시 덕양구,가격지수,매매,99.1602
2024-07-15,경기,고양시 덕양구,가격지수,매매,99.1985
2024-07-22,경기,고양시 덕양구,가격지수,매매,99.2444
2024-07-29,경기,고양시 덕양구,가격지수,매매,99.3722
2024-08-05,경기,고양시 덕양구,가격지수,매매,99.504
2024-08-12,경기,고양시 덕양구,가격지수,매매,99.6082
2024-08-19,경기,고양시 덕양구,가격지수,매매,99.7134
2024-08-26,경기,고양시 덕양구,가격지수,매매,99.7753
2024-09-02,경기,고양시 덕양구,가격지수,매매,99.8367
2024-09-09,경기,고양시 덕양구,가격지수,매매,99.9245
2024-09-23,경기,고양시 덕양구,가격지수,매매,100.0215
2024-09-30,경기,고양시 덕양구,가격지수,매매,100.0519
2024-10-07,경기,고양시 덕양구,가격지수,매매,100.1295
2024-10-14,경기,고양시 덕양구,가격지수,매매,100.1815
2024-10-21,경기,고양시 덕양구,가격지수,매매,100.2022
2024-10-28,경기,고양시 덕양구,가격지수,매매,100.2062
2024-11-04,경기,고양시 덕양구,가격지수,매매,100.2828
2024-11-11,경기,고양시 덕양구,가격지수,매매,100.3186
2024-11-18,경기,고양시 덕양구,가격지수,매매,100.3352
2024-11-25,경기,고양시 덕양구,가격지수,매매,100.3351
2024-12-02,경기,고양시 덕양구,가격지수,매매,100.3415
2024-12-09,경기,고양시 덕양구,가격지수,매매,100.3866
2024-12-16,경기,고양시 덕양구,가격지수,매매,100.3833
2024-12-23,경기,고양시 덕양구,가격지수,매매,100.3958
2024-12-30,경기,고양시 덕양구,가격지수,매매,100.3991
2025-01-06,경기,고양시 덕양구,가격지수,매매,100.2048
2025-01-13,경기,고양시 덕양구,가격지수,매매,100.1825
2025-01-20,경기,고양시 덕양구,가격지수,매매,100.0921
2025-02-03,경기,고양시 덕양구,가격지수,매매,100.0549
2025-02-10,경기,고양시 덕양구,가격지수,매매,100.0502
2025-02-17,경기,고양시 덕양구,가격지수,매매,100.0402
2025-02-24,경기,고양시 덕양구,가격지수,매매,100.0037
2025-03-03,경기,고양시 덕양구,가격지수,매매,100.0073
2025-03-10,경기,고양시 덕양구,가격지수,매매,100.0147
2025-03-17,경기,고양시 덕양구,가격지수,매매,100.007
2025-03-24,경기,고양시 덕양구,가격지수,매매,100.0072
2025-03-31,경기,고양시 덕양구,가격지수,매매,99.9967
2025-04-07,경기,고양시 덕양구,가격지수,매매,99.9796
2025-04-14,경기,고양시 덕양구,가격지수,매매,99.9415
2025-04-21,경기,고양시 덕양구,가격지수,매매,99.9295
2025-04-28,경기,고양시 덕양구,가격지수,매매,99.9377
2025-05-05,경기,고양시 덕양구,가격지수,매매,99.9416
2025-05-12,경기,고양시 덕양구,가격지수,매매,99.9525
2025-05-19,경기,고양시 덕양구,가격지수,매매,99.9492
2025-05-26,경기,고양시 덕양구,가격지수,매매,99.9176
2025-06-02,경기,고양시 덕양구,가격지수,매매,99.8598
2025-06-09,경기,고양시 덕양구,가격지수,매매,99.8536
2025-06-16,경기,고양시 덕양구,가격지수,매매,99.8391
2025-06-23,경기,고양시 덕양구,가격지수,매매,99.8247
2025-06-30,경기,고양시 덕양구,가격지수,매매,99.8241
2025-07-07,경기,고양시 덕양구,가격지수,매매,99.8017
2025-07-14,경기,고양시 덕양구,가격지수,매매,99.8025
2025-07-21,경기,고양시 덕양구,가격지수,매매,99.8118
2025-07-28,경기,고양시 덕양구,가격지수,매매,99.7796
2025-08-04,경기,고양시 덕양구,가격지수,매매,99.7829
2025-08-11,경기,고양시 덕양구,가격지수,매매,99.8068
2025-08-18,경기,고양시 덕양구,가격지수,매매,99.8139
2025-08-25,경기,고양시 덕양구,가격지수,매매,99.8461
2025-09-01,경기,고양시 덕양구,가격지수,매매,99.8324
2025-09-08,경기,고양시 덕양구,가격지수,매매,99.83
2025-09-15,경기,고양시 덕양구,가격지수,매매,99.8224
2025-09-22,경기,고양시 덕양구,가격지수,매매,99.8145
2025-09-29,경기,고양시 덕양구,가격지수,매매,99.7998
2025-10-13,경기,고양시 덕양구,가격지수,매매,99.8345
2025-10-20,경기,고양시 덕양구,가격지수,매매,99.8373
2025-10-27,경기,고양시 덕양구,가격지수,매매,99.857
2025-11-03,경기,고양시 덕양구,가격지수,매매,99.8697
2025-11-10,경기,고양시 덕양구,가격지수,매매,99.8402
2025-11-17,경기,고양시 덕양구,가격지수,매매,99.8325
2025-11-24,경기,고양시 덕양구,가격지수,매매,99.8425
2025-12-01,경기,고양시 덕양구,가격지수,매매,99.8677
2025-12-08,경기,고양시 덕양구,가격지수,매매,99.9014
2025-12-15,경기,고양시 덕양구,가격지수,매매,99.9386
2025-12-22,경기,고양시 덕양구,가격지수,매매,99.9461
2025-12-29,경기,고양시 덕양구,가격지수,매매,99.9696
2026-01-05,경기,고양시 덕양구,가격지수,매매,99.9735
2026-01-12,경기,고양시 덕양구,가격지수,매매,100.0
2026-01-19,경기,고양시 덕양구,가격지수,매매,100.0073
2026-01-26,경기,고양시 덕양구,가격지수,매매,100.0318
2026-02-02,경기,고양시 덕양구,가격지수,매매,100.0519
2026-02-09,경기,고양시 덕양구,가격지수,매매,100.1052
2026-02-23,경기,고양시 덕양구,가격지수,매매,100.1748
2026-03-02,경기,고양시 덕양구,가격지수,매매,100.2188
2026-03-09,경기,고양시 덕양구,가격지수,매매,100.2607
2026-03-16,경기,고양시 덕양구,가격지수,매매,100.3068
2026-03-23,경기,고양시 덕양구,가격지수,매매,100.3654
2026-03-30,경기,고양시 덕양구,가격지수,매매,100.3853
2026-04-06,경기,고양시 덕양구,가격지수,매매,100.4479
2026-04-13,경기,고양시 덕양구,가격지수,매매,100.4964
2026-04-20,경기,고양시 덕양구,가격지수,매매,100.5407
2026-04-27,경기,고양시 덕양구,가격지수,매매,100.5952
2026-05-04,경기,고양시 덕양구,가격지수,매매,100.633
2026-05-11,경기,고양시 덕양구,가격지수,매매,100.8396
2026-05-18,경기,고양시 덕양구,가격지수,매매,100.9244
2026-05-25,경기,고양시 덕양구,가격지수,매매,100.9975
2026-06-01,경기,고양시 덕양구,가격지수,매매,101.0514
2026-06-08,경기,고양시 덕양구,가격지수,매매,101.0871
2026-06-15,경기,고양시 덕양구,가격지수,매매,101.0978
2026-06-22,경기,고양시 덕양구,가격지수,매매,101.1668
2024-06-24,경기,고양시 일산동구,가격지수,매매,101.4376
2024-07-01,경기,고양시 일산동구,가격지수,매매,101.3458
2024-07-08,경기,고양시 일산동구,가격지수,매매,101.2383
2024-07-15,경기,고양시 일산동구,가격지수,매매,101.1902
2024-07-22,경기,고양시 일산동구,가격지수,매매,101.1545
2024-07-29,경기,고양시 일산동구,가격지수,매매,101.1549
2024-08-05,경기,고양시 일산동구,가격지수,매매,101.1678
2024-08-12,경기,고양시 일산동구,가격지수,매매,101.1942
2024-08-19,경기,고양시 일산동구,가격지수,매매,101.2242
2024-08-26,경기,고양시 일산동구,가격지수,매매,101.2356
2024-09-02,경기,고양시 일산동구,가격지수,매매,101.1761
2024-09-09,경기,고양시 일산동구,가격지수,매매,101.176
2024-09-23,경기,고양시 일산동구,가격지수,매매,101.1959
2024-09-30,경기,고양시 일산동구,가격지수,매매,101.1992
2024-10-07,경기,고양시 일산동구,가격지수,매매,101.2239
2024-10-14,경기,고양시 일산동구,가격지수,매매,101.2502
2024-10-21,경기,고양시 일산동구,가격지수,매매,101.2709
2024-10-28,경기,고양시 일산동구,가격지수,매매,101.2674
2024-11-04,경기,고양시 일산동구,가격지수,매매,101.2744
2024-11-11,경기,고양시 일산동구,가격지수,매매,101.2483
2024-11-18,경기,고양시 일산동구,가격지수,매매,101.2427
2024-11-25,경기,고양시 일산동구,가격지수,매매,101.2293
2024-12-02,경기,고양시 일산동구,가격지수,매매,101.2616
2024-12-09,경기,고양시 일산동구,가격지수,매매,101.2824
2024-12-16,경기,고양시 일산동구,가격지수,매매,101.2864
2024-12-23,경기,고양시 일산동구,가격지수,매매,101.2864
2024-12-30,경기,고양시 일산동구,가격지수,매매,101.2677
2025-01-06,경기,고양시 일산동구,가격지수,매매,101.1816
2025-01-13,경기,고양시 일산동구,가격지수,매매,101.1582
2025-01-20,경기,고양시 일산동구,가격지수,매매,101.1157
2025-02-03,경기,고양시 일산동구,가격지수,매매,101.1196
2025-02-10,경기,고양시 일산동구,가격지수,매매,101.1308
2025-02-17,경기,고양시 일산동구,가격지수,매매,101.1356
2025-02-24,경기,고양시 일산동구,가격지수,매매,101.1488
2025-03-03,경기,고양시 일산동구,가격지수,매매,101.1876
2025-03-10,경기,고양시 일산동구,가격지수,매매,101.1792
2025-03-17,경기,고양시 일산동구,가격지수,매매,101.1848
2025-03-24,경기,고양시 일산동구,가격지수,매매,101.1775
2025-03-31,경기,고양시 일산동구,가격지수,매매,101.1521
2025-04-07,경기,고양시 일산동구,가격지수,매매,101.1254
2025-04-14,경기,고양시 일산동구,가격지수,매매,101.1398
2025-04-21,경기,고양시 일산동구,가격지수,매매,101.1184
2025-04-28,경기,고양시 일산동구,가격지수,매매,101.0834
2025-05-05,경기,고양시 일산동구,가격지수,매매,101.0834
2025-05-12,경기,고양시 일산동구,가격지수,매매,101.0541
2025-05-19,경기,고양시 일산동구,가격지수,매매,101.0376
2025-05-26,경기,고양시 일산동구,가격지수,매매,101.022
2025-06-02,경기,고양시 일산동구,가격지수,매매,100.9997
2025-06-09,경기,고양시 일산동구,가격지수,매매,100.9694
2025-06-16,경기,고양시 일산동구,가격지수,매매,100.9349
2025-06-23,경기,고양시 일산동구,가격지수,매매,100.9436
2025-06-30,경기,고양시 일산동구,가격지수,매매,100.841
2025-07-07,경기,고양시 일산동구,가격지수,매매,100.8037
2025-07-14,경기,고양시 일산동구,가격지수,매매,100.7854
2025-07-21,경기,고양시 일산동구,가격지수,매매,100.7683
2025-07-28,경기,고양시 일산동구,가격지수,매매,100.7134
2025-08-04,경기,고양시 일산동구,가격지수,매매,100.7043
2025-08-11,경기,고양시 일산동구,가격지수,매매,100.6846
2025-08-18,경기,고양시 일산동구,가격지수,매매,100.6171
2025-08-25,경기,고양시 일산동구,가격지수,매매,100.5867
2025-09-01,경기,고양시 일산동구,가격지수,매매,100.5465
2025-09-08,경기,고양시 일산동구,가격지수,매매,100.5069
2025-09-15,경기,고양시 일산동구,가격지수,매매,100.457
2025-09-22,경기,고양시 일산동구,가격지수,매매,100.4205
2025-09-29,경기,고양시 일산동구,가격지수,매매,100.4185
2025-10-13,경기,고양시 일산동구,가격지수,매매,100.392
2025-10-20,경기,고양시 일산동구,가격지수,매매,100.3222
2025-10-27,경기,고양시 일산동구,가격지수,매매,100.2986
2025-11-03,경기,고양시 일산동구,가격지수,매매,100.2792
2025-11-10,경기,고양시 일산동구,가격지수,매매,100.183
2025-11-17,경기,고양시 일산동구,가격지수,매매,100.1629
2025-11-24,경기,고양시 일산동구,가격지수,매매,100.1509
2025-12-01,경기,고양시 일산동구,가격지수,매매,100.1303
2025-12-08,경기,고양시 일산동구,가격지수,매매,100.1026
2025-12-15,경기,고양시 일산동구,가격지수,매매,100.0746
2025-12-22,경기,고양시 일산동구,가격지수,매매,100.0546
2025-12-29,경기,고양시 일산동구,가격지수,매매,100.0227
2026-01-05,경기,고양시 일산동구,가격지수,매매,100.0129
2026-01-12,경기,고양시 일산동구,가격지수,매매,100.0
2026-01-19,경기,고양시 일산동구,가격지수,매매,99.9781
2026-01-26,경기,고양시 일산동구,가격지수,매매,99.9832
2026-02-02,경기,고양시 일산동구,가격지수,매매,99.9831
2026-02-09,경기,고양시 일산동구,가격지수,매매,100.0009
2026-02-23,경기,고양시 일산동구,가격지수,매매,99.9609
2026-03-02,경기,고양시 일산동구,가격지수,매매,99.9116
2026-03-09,경기,고양시 일산동구,가격지수,매매,99.8352
2026-03-16,경기,고양시 일산동구,가격지수,매매,99.822
2026-03-23,경기,고양시 일산동구,가격지수,매매,99.744
2026-03-30,경기,고양시 일산동구,가격지수,매매,99.6996
2026-04-06,경기,고양시 일산동구,가격지수,매매,99.6646
2026-04-13,경기,고양시 일산동구,가격지수,매매,99.5786
2026-04-20,경기,고양시 일산동구,가격지수,매매,99.4892
2026-04-27,경기,고양시 일산동구,가격지수,매매,99.3965
2026-05-04,경기,고양시 일산동구,가격지수,매매,99.3456
2026-05-11,경기,고양시 일산동구,가격지수,매매,99.3072
2026-05-18,경기,고양시 일산동구,가격지수,매매,99.2847
2026-05-25,경기,고양시 일산동구,가격지수,매매,99.2596
2026-06-01,경기,고양시 일산동구,가격지수,매매,99.2324
2026-06-08,경기,고양시 일산동구,가격지수,매매,99.2329
2026-06-15,경기,고양시 일산동구,가격지수,매매,99.2172
2026-06-22,경기,고양시 일산동구,가격지수,매매,99.1521
2024-06-24,경기,고양시 일산서구,가격지수,매매,103.9307
2024-07-01,경기,고양시 일산서구,가격지수,매매,103.8281
2024-07-08,경기,고양시 일산서구,가격지수,매매,103.6694
2024-07-15,경기,고양시 일산서구,가격지수,매매,103.6312
2024-07-22,경기,고양시 일산서구,가격지수,매매,103.5797
2024-07-29,경기,고양시 일산서구,가격지수,매매,103.5275
2024-08-05,경기,고양시 일산서구,가격지수,매매,103.3708
2024-08-12,경기,고양시 일산서구,가격지수,매매,103.359
2024-08-19,경기,고양시 일산서구,가격지수,매매,103.3413
2024-08-26,경기,고양시 일산서구,가격지수,매매,103.3176
2024-09-02,경기,고양시 일산서구,가격지수,매매,103.2706
2024-09-09,경기,고양시 일산서구,가격지수,매매,103.2468
2024-09-23,경기,고양시 일산서구,가격지수,매매,103.2024
2024-09-30,경기,고양시 일산서구,가격지수,매매,103.1246
2024-10-07,경기,고양시 일산서구,가격지수,매매,103.1196
2024-10-14,경기,고양시 일산서구,가격지수,매매,103.0366
2024-10-21,경기,고양시 일산서구,가격지수,매매,103.021
2024-10-28,경기,고양시 일산서구,가격지수,매매,103.009
2024-11-04,경기,고양시 일산서구,가격지수,매매,103.0068
2024-11-11,경기,고양시 일산서구,가격지수,매매,102.9875
2024-11-18,경기,고양시 일산서구,가격지수,매매,102.9636
2024-11-25,경기,고양시 일산서구,가격지수,매매,102.9318
2024-12-02,경기,고양시 일산서구,가격지수,매매,102.881
2024-12-09,경기,고양시 일산서구,가격지수,매매,102.8417
2024-12-16,경기,고양시 일산서구,가격지수,매매,102.8277
2024-12-23,경기,고양시 일산서구,가격지수,매매,102.825
2024-12-30,경기,고양시 일산서구,가격지수,매매,102.7846
2025-01-06,경기,고양시 일산서구,가격지수,매매,102.655
2025-01-13,경기,고양시 일산서구,가격지수,매매,102.4572
2025-01-20,경기,고양시 일산서구,가격지수,매매,102.3595
2025-02-03,경기,고양시 일산서구,가격지수,매매,102.2228
2025-02-10,경기,고양시 일산서구,가격지수,매매,102.1921
2025-02-17,경기,고양시 일산서구,가격지수,매매,102.1304
2025-02-24,경기,고양시 일산서구,가격지수,매매,102.0632
2025-03-03,경기,고양시 일산서구,가격지수,매매,102.0162
2025-03-10,경기,고양시 일산서구,가격지수,매매,101.946
2025-03-17,경기,고양시 일산서구,가격지수,매매,101.8764
2025-03-24,경기,고양시 일산서구,가격지수,매매,101.8158
2025-03-31,경기,고양시 일산서구,가격지수,매매,101.6935
2025-04-07,경기,고양시 일산서구,가격지수,매매,101.6565
2025-04-14,경기,고양시 일산서구,가격지수,매매,101.6511
2025-04-21,경기,고양시 일산서구,가격지수,매매,101.5318
2025-04-28,경기,고양시 일산서구,가격지수,매매,101.4691
2025-05-05,경기,고양시 일산서구,가격지수,매매,101.3882
2025-05-12,경기,고양시 일산서구,가격지수,매매,101.359
2025-05-19,경기,고양시 일산서구,가격지수,매매,101.3244
2025-05-26,경기,고양시 일산서구,가격지수,매매,101.2531
2025-06-02,경기,고양시 일산서구,가격지수,매매,101.1998
2025-06-09,경기,고양시 일산서구,가격지수,매매,101.1745
2025-06-16,경기,고양시 일산서구,가격지수,매매,101.1226
2025-06-23,경기,고양시 일산서구,가격지수,매매,101.0914
2025-06-30,경기,고양시 일산서구,가격지수,매매,101.0291
2025-07-07,경기,고양시 일산서구,가격지수,매매,100.9461
2025-07-14,경기,고양시 일산서구,가격지수,매매,100.9097
2025-07-21,경기,고양시 일산서구,가격지수,매매,100.8588
2025-07-28,경기,고양시 일산서구,가격지수,매매,100.847
2025-08-04,경기,고양시 일산서구,가격지수,매매,100.7317
2025-08-11,경기,고양시 일산서구,가격지수,매매,100.6923
2025-08-18,경기,고양시 일산서구,가격지수,매매,100.6872
2025-08-25,경기,고양시 일산서구,가격지수,매매,100.6686
2025-09-01,경기,고양시 일산서구,가격지수,매매,100.6035
2025-09-08,경기,고양시 일산서구,가격지수,매매,100.5652
2025-09-15,경기,고양시 일산서구,가격지수,매매,100.521
2025-09-22,경기,고양시 일산서구,가격지수,매매,100.4904
2025-09-29,경기,고양시 일산서구,가격지수,매매,100.4693
2025-10-13,경기,고양시 일산서구,가격지수,매매,100.4548
2025-10-20,경기,고양시 일산서구,가격지수,매매,100.4114
2025-10-27,경기,고양시 일산서구,가격지수,매매,100.3169
2025-11-03,경기,고양시 일산서구,가격지수,매매,100.2914
2025-11-10,경기,고양시 일산서구,가격지수,매매,100.296
2025-11-17,경기,고양시 일산서구,가격지수,매매,100.2385
2025-11-24,경기,고양시 일산서구,가격지수,매매,100.2663
2025-12-01,경기,고양시 일산서구,가격지수,매매,100.251
2025-12-08,경기,고양시 일산서구,가격지수,매매,100.1722
2025-12-15,경기,고양시 일산서구,가격지수,매매,100.149
2025-12-22,경기,고양시 일산서구,가격지수,매매,100.089
2025-12-29,경기,고양시 일산서구,가격지수,매매,100.0453
2026-01-05,경기,고양시 일산서구,가격지수,매매,100.0357
2026-01-12,경기,고양시 일산서구,가격지수,매매,100.0
2026-01-19,경기,고양시 일산서구,가격지수,매매,99.9795
2026-01-26,경기,고양시 일산서구,가격지수,매매,99.9576
2026-02-02,경기,고양시 일산서구,가격지수,매매,99.9571
2026-02-09,경기,고양시 일산서구,가격지수,매매,99.94
2026-02-23,경기,고양시 일산서구,가격지수,매매,99.8521
2026-03-02,경기,고양시 일산서구,가격지수,매매,99.8206
2026-03-09,경기,고양시 일산서구,가격지수,매매,99.7527
2026-03-16,경기,고양시 일산서구,가격지수,매매,99.7088
2026-03-23,경기,고양시 일산서구,가격지수,매매,99.5921
2026-03-30,경기,고양시 일산서구,가격지수,매매,99.518
2026-04-06,경기,고양시 일산서구,가격지수,매매,99.5029
2026-04-13,경기,고양시 일산서구,가격지수,매매,99.4509
2026-04-20,경기,고양시 일산서구,가격지수,매매,99.4229
2026-04-27,경기,고양시 일산서구,가격지수,매매,99.3684
2026-05-04,경기,고양시 일산서구,가격지수,매매,99.3265
2026-05-11,경기,고양시 일산서구,가격지수,매매,99.2871
2026-05-18,경기,고양시 일산서구,가격지수,매매,99.1501
2026-05-25,경기,고양시 일산서구,가격지수,매매,99.1118
2026-06-01,경기,고양시 일산서구,가격지수,매매,99.0747
2026-06-08,경기,고양시 일산서구,가격지수,매매,99.02
2026-06-15,경기,고양시 일산서구,가격지수,매매,98.9547
2026-06-22,경기,고양시 일산서구,가격지수,매매,98.8999
2024-06-24,경기,과천시,가격지수,매매,74.4859
2024-07-01,경기,과천시,가격지수,매매,75.1297
2024-07-08,경기,과천시,가격지수,매매,75.5467
2024-07-15,경기,과천시,가격지수,매매,76.1362
2024-07-22,경기,과천시,가격지수,매매,76.257
2024-07-29,경기,과천시,가격지수,매매,76.6485
2024-08-05,경기,과천시,가격지수,매매,77.1295
2024-08-12,경기,과천시,가격지수,매매,77.3228
2024-08-19,경기,과천시,가격지수,매매,77.7296
2024-08-26,경기,과천시,가격지수,매매,78.3225
2024-09-02,경기,과천시,가격지수,매매,78.5295
2024-09-09,경기,과천시,가격지수,매매,78.864
2024-09-23,경기,과천시,가격지수,매매,79.0943
2024-09-30,경기,과천시,가격지수,매매,79.3203
2024-10-07,경기,과천시,가격지수,매매,79.7853
2024-10-14,경기,과천시,가격지수,매매,80.1087
2024-10-21,경기,과천시,가격지수,매매,80.5891
2024-10-28,경기,과천시,가격지수,매매,80.9982
2024-11-04,경기,과천시,가격지수,매매,81.5674
2024-11-11,경기,과천시,가격지수,매매,81.5983
2024-11-18,경기,과천시,가격지수,매매,81.6874
2024-11-25,경기,과천시,가격지수,매매,81.8536
2024-12-02,경기,과천시,가격지수,매매,81.8894
2024-12-09,경기,과천시,가격지수,매매,81.9354
2024-12-16,경기,과천시,가격지수,매매,82.082
2024-12-23,경기,과천시,가격지수,매매,82.0966
2024-12-30,경기,과천시,가격지수,매매,82.1202
2025-01-06,경기,과천시,가격지수,매매,82.143
2025-01-13,경기,과천시,가격지수,매매,82.2746
2025-01-20,경기,과천시,가격지수,매매,82.3713
2025-02-03,경기,과천시,가격지수,매매,82.5093
2025-02-10,경기,과천시,가격지수,매매,82.7158
2025-02-17,경기,과천시,가격지수,매매,83.1911
2025-02-24,경기,과천시,가격지수,매매,83.347
2025-03-03,경기,과천시,가격지수,매매,83.756
2025-03-10,경기,과천시,가격지수,매매,84.3886
2025-03-17,경기,과천시,가격지수,매매,84.8232
2025-03-24,경기,과천시,가격지수,매매,85.1132
2025-03-31,경기,과천시,가격지수,매매,85.6085
2025-04-07,경기,과천시,가격지수,매매,86.2426
2025-04-14,경기,과천시,가격지수,매매,86.5442
2025-04-21,경기,과천시,가격지수,매매,87.0658
2025-04-28,경기,과천시,가격지수,매매,87.0737
2025-05-05,경기,과천시,가격지수,매매,87.6448
2025-05-12,경기,과천시,가격지수,매매,87.8388
2025-05-19,경기,과천시,가격지수,매매,88.2585
2025-05-26,경기,과천시,가격지수,매매,88.6344
2025-06-02,경기,과천시,가격지수,매매,88.9218
2025-06-09,경기,과천시,가격지수,매매,89.6161
2025-06-16,경기,과천시,가격지수,매매,90.0972
2025-06-23,경기,과천시,가격지수,매매,91.3241
2025-06-30,경기,과천시,가격지수,매매,92.1661
2025-07-07,경기,과천시,가격지수,매매,92.8376
2025-07-14,경기,과천시,가격지수,매매,92.9504
2025-07-21,경기,과천시,가격지수,매매,93.1943
2025-07-28,경기,과천시,가격지수,매매,93.2216
2025-08-04,경기,과천시,가격지수,매매,93.2802
2025-08-11,경기,과천시,가격지수,매매,93.3368
2025-08-18,경기,과천시,가격지수,매매,93.4117
2025-08-25,경기,과천시,가격지수,매매,93.4117
2025-09-01,경기,과천시,가격지수,매매,93.4784
2025-09-08,경기,과천시,가격지수,매매,93.6267
2025-09-15,경기,과천시,가격지수,매매,94.1684
2025-09-22,경기,과천시,가격지수,매매,94.5566
2025-09-29,경기,과천시,가격지수,매매,95.5339
2025-10-13,경기,과천시,가격지수,매매,96.8317
2025-10-20,경기,과천시,가격지수,매매,97.4154
2025-10-27,경기,과천시,가격지수,매매,98.0515
2025-11-03,경기,과천시,가격지수,매매,98.389
2025-11-10,경기,과천시,가격지수,매매,98.7699
2025-11-17,경기,과천시,가격지수,매매,98.8281
2025-11-24,경기,과천시,가격지수,매매,98.8972
2025-12-01,경기,과천시,가격지수,매매,98.9144
2025-12-08,경기,과천시,가격지수,매매,98.9854
2025-12-15,경기,과천시,가격지수,매매,99.0506
2025-12-22,경기,과천시,가격지수,매매,99.0506
2025-12-29,경기,과천시,가격지수,매매,99.5945
2026-01-05,경기,과천시,가격지수,매매,99.8842
2026-01-12,경기,과천시,가격지수,매매,100.0
2026-01-19,경기,과천시,가격지수,매매,100.0808
2026-01-26,경기,과천시,가격지수,매매,100.3956
2026-02-02,경기,과천시,가격지수,매매,100.4511
2026-02-09,경기,과천시,가격지수,매매,100.5055
2026-02-23,경기,과천시,가격지수,매매,100.5758
2026-03-02,경기,과천시,가격지수,매매,100.7022
2026-03-09,경기,과천시,가격지수,매매,100.5562
2026-03-16,경기,과천시,가격지수,매매,100.4463
2026-03-23,경기,과천시,가격지수,매매,100.3062
2026-03-30,경기,과천시,가격지수,매매,100.2705
2026-04-06,경기,과천시,가격지수,매매,100.2696
2026-04-13,경기,과천시,가격지수,매매,100.2001
2026-04-20,경기,과천시,가격지수,매매,100.2001
2026-04-27,경기,과천시,가격지수,매매,100.163
2026-05-04,경기,과천시,가격지수,매매,100.08
2026-05-11,경기,과천시,가격지수,매매,100.0432
2026-05-18,경기,과천시,가격지수,매매,100.0254
2026-05-25,경기,과천시,가격지수,매매,99.9983
2026-06-01,경기,과천시,가격지수,매매,99.9064
2026-06-08,경기,과천시,가격지수,매매,99.8313
2026-06-15,경기,과천시,가격지수,매매,99.9277
2026-06-22,경기,과천시,가격지수,매매,100.2559
2024-06-24,경기,광명시,가격지수,매매,91.5998
2024-07-01,경기,광명시,가격지수,매매,91.6277
2024-07-08,경기,광명시,가격지수,매매,91.6657
2024-07-15,경기,광명시,가격지수,매매,91.7061
2024-07-22,경기,광명시,가격지수,매매,91.7365
2024-07-29,경기,광명시,가격지수,매매,91.7897
2024-08-05,경기,광명시,가격지수,매매,91.8267
2024-08-12,경기,광명시,가격지수,매매,91.8889
2024-08-19,경기,광명시,가격지수,매매,91.929
2024-08-26,경기,광명시,가격지수,매매,92.0131
2024-09-02,경기,광명시,가격지수,매매,92.1671
2024-09-09,경기,광명시,가격지수,매매,92.2368
2024-09-23,경기,광명시,가격지수,매매,92.3594
2024-09-30,경기,광명시,가격지수,매매,92.4173
2024-10-07,경기,광명시,가격지수,매매,92.458
2024-10-14,경기,광명시,가격지수,매매,92.513
2024-10-21,경기,광명시,가격지수,매매,92.5363
2024-10-28,경기,광명시,가격지수,매매,92.5998
2024-11-04,경기,광명시,가격지수,매매,92.624
2024-11-11,경기,광명시,가격지수,매매,92.6414
2024-11-18,경기,광명시,가격지수,매매,92.6457
2024-11-25,경기,광명시,가격지수,매매,92.636
2024-12-02,경기,광명시,가격지수,매매,92.5962
2024-12-09,경기,광명시,가격지수,매매,92.5899
2024-12-16,경기,광명시,가격지수,매매,92.5328
2024-12-23,경기,광명시,가격지수,매매,92.5101
2024-12-30,경기,광명시,가격지수,매매,92.3434
2025-01-06,경기,광명시,가격지수,매매,92.332
2025-01-13,경기,광명시,가격지수,매매,92.2629
2025-01-20,경기,광명시,가격지수,매매,92.1664
2025-02-03,경기,광명시,가격지수,매매,92.1166
2025-02-10,경기,광명시,가격지수,매매,92.1132
2025-02-17,경기,광명시,가격지수,매매,92.1043
2025-02-24,경기,광명시,가격지수,매매,92.0362
2025-03-03,경기,광명시,가격지수,매매,92.0221
2025-03-10,경기,광명시,가격지수,매매,92.0032
2025-03-17,경기,광명시,가격지수,매매,91.973
2025-03-24,경기,광명시,가격지수,매매,91.9539
2025-03-31,경기,광명시,가격지수,매매,91.9299
2025-04-07,경기,광명시,가격지수,매매,91.8768
2025-04-14,경기,광명시,가격지수,매매,91.8494
2025-04-21,경기,광명시,가격지수,매매,91.746
2025-04-28,경기,광명시,가격지수,매매,91.7541
2025-05-05,경기,광명시,가격지수,매매,91.7372
2025-05-12,경기,광명시,가격지수,매매,91.717
2025-05-19,경기,광명시,가격지수,매매,91.7923
2025-05-26,경기,광명시,가격지수,매매,91.7597
2025-06-02,경기,광명시,가격지수,매매,91.7643
2025-06-09,경기,광명시,가격지수,매매,91.753
2025-06-16,경기,광명시,가격지수,매매,91.9831
2025-06-23,경기,광명시,가격지수,매매,92.193
2025-06-30,경기,광명시,가격지수,매매,92.4443
2025-07-07,경기,광명시,가격지수,매매,92.5169
2025-07-14,경기,광명시,가격지수,매매,92.5454
2025-07-21,경기,광명시,가격지수,매매,92.6571
2025-07-28,경기,광명시,가격지수,매매,92.7147
2025-08-04,경기,광명시,가격지수,매매,92.7379
2025-08-11,경기,광명시,가격지수,매매,92.7753
2025-08-18,경기,광명시,가격지수,매매,92.9567
2025-08-25,경기,광명시,가격지수,매매,93.1795
2025-09-01,경기,광명시,가격지수,매매,93.4003
2025-09-08,경기,광명시,가격지수,매매,93.706
2025-09-15,경기,광명시,가격지수,매매,93.915
2025-09-22,경기,광명시,가격지수,매매,94.1497
2025-09-29,경기,광명시,가격지수,매매,94.4821
2025-10-13,경기,광명시,가격지수,매매,95.1577
2025-10-20,경기,광명시,가격지수,매매,95.9168
2025-10-27,경기,광명시,가격지수,매매,96.5613
2025-11-03,경기,광명시,가격지수,매매,97.0047
2025-11-10,경기,광명시,가격지수,매매,97.4001
2025-11-17,경기,광명시,가격지수,매매,97.5582
2025-11-24,경기,광명시,가격지수,매매,97.8546
2025-12-01,경기,광명시,가격지수,매매,97.9695
2025-12-08,경기,광명시,가격지수,매매,98.0714
2025-12-15,경기,광명시,가격지수,매매,98.303
2025-12-22,경기,광명시,가격지수,매매,98.7196
2025-12-29,경기,광명시,가격지수,매매,99.1716
2026-01-05,경기,광명시,가격지수,매매,99.413
2026-01-12,경기,광명시,가격지수,매매,100.0
2026-01-19,경기,광명시,가격지수,매매,100.5439
2026-01-26,경기,광명시,가격지수,매매,101.2701
2026-02-02,경기,광명시,가격지수,매매,102.0234
2026-02-09,경기,광명시,가격지수,매매,102.5563
2026-02-23,경기,광명시,가격지수,매매,103.2034
2026-03-02,경기,광명시,가격지수,매매,103.87
2026-03-09,경기,광명시,가격지수,매매,104.817
2026-03-16,경기,광명시,가격지수,매매,105.2694
2026-03-23,경기,광명시,가격지수,매매,105.803
2026-03-30,경기,광명시,가격지수,매매,106.3375
2026-04-06,경기,광명시,가격지수,매매,106.9089
2026-04-13,경기,광명시,가격지수,매매,107.2375
2026-04-20,경기,광명시,가격지수,매매,107.6827
2026-04-27,경기,광명시,가격지수,매매,108.2788
2026-05-04,경기,광명시,가격지수,매매,108.7016
2026-05-11,경기,광명시,가격지수,매매,109.2828
2026-05-18,경기,광명시,가격지수,매매,109.9774
2026-05-25,경기,광명시,가격지수,매매,110.1585
2026-06-01,경기,광명시,가격지수,매매,110.4796
2026-06-08,경기,광명시,가격지수,매매,110.8079
2026-06-15,경기,광명시,가격지수,매매,111.3308
2026-06-22,경기,광명시,가격지수,매매,111.6647
2024-06-24,경기,광주시,가격지수,매매,101.6276
2024-07-01,경기,광주시,가격지수,매매,101.599
2024-07-08,경기,광주시,가격지수,매매,101.5583
2024-07-15,경기,광주시,가격지수,매매,101.5417
2024-07-22,경기,광주시,가격지수,매매,101.497
2024-07-29,경기,광주시,가격지수,매매,101.4725
2024-08-05,경기,광주시,가격지수,매매,101.3652
2024-08-12,경기,광주시,가격지수,매매,101.3514
2024-08-19,경기,광주시,가격지수,매매,101.2502
2024-08-26,경기,광주시,가격지수,매매,101.1967
2024-09-02,경기,광주시,가격지수,매매,101.1401
2024-09-09,경기,광주시,가격지수,매매,101.1309
2024-09-23,경기,광주시,가격지수,매매,101.0504
2024-09-30,경기,광주시,가격지수,매매,101.0429
2024-10-07,경기,광주시,가격지수,매매,101.0457
2024-10-14,경기,광주시,가격지수,매매,101.0058
2024-10-21,경기,광주시,가격지수,매매,100.9552
2024-10-28,경기,광주시,가격지수,매매,100.9377
2024-11-04,경기,광주시,가격지수,매매,100.8837
2024-11-11,경기,광주시,가격지수,매매,100.8597
2024-11-18,경기,광주시,가격지수,매매,100.8469
2024-11-25,경기,광주시,가격지수,매매,100.819
2024-12-02,경기,광주시,가격지수,매매,100.7524
2024-12-09,경기,광주시,가격지수,매매,100.7532
2024-12-16,경기,광주시,가격지수,매매,100.6935
2024-12-23,경기,광주시,가격지수,매매,100.643
2024-12-30,경기,광주시,가격지수,매매,100.6183
2025-01-06,경기,광주시,가격지수,매매,100.558
2025-01-13,경기,광주시,가격지수,매매,100.4187
2025-01-20,경기,광주시,가격지수,매매,100.2781
2025-02-03,경기,광주시,가격지수,매매,100.2005
2025-02-10,경기,광주시,가격지수,매매,100.1455
2025-02-17,경기,광주시,가격지수,매매,100.0416
2025-02-24,경기,광주시,가격지수,매매,99.9628
2025-03-03,경기,광주시,가격지수,매매,99.8969
2025-03-10,경기,광주시,가격지수,매매,99.5537
2025-03-17,경기,광주시,가격지수,매매,99.286
2025-03-24,경기,광주시,가격지수,매매,99.2343
2025-03-31,경기,광주시,가격지수,매매,99.1701
2025-04-07,경기,광주시,가격지수,매매,99.154
2025-04-14,경기,광주시,가격지수,매매,99.1315
2025-04-21,경기,광주시,가격지수,매매,99.103
2025-04-28,경기,광주시,가격지수,매매,99.1024
2025-05-05,경기,광주시,가격지수,매매,99.1074
2025-05-12,경기,광주시,가격지수,매매,99.0462
2025-05-19,경기,광주시,가격지수,매매,99.0559
2025-05-26,경기,광주시,가격지수,매매,98.9962
2025-06-02,경기,광주시,가격지수,매매,98.988
2025-06-09,경기,광주시,가격지수,매매,98.9691
2025-06-16,경기,광주시,가격지수,매매,98.9418
2025-06-23,경기,광주시,가격지수,매매,98.9122
2025-06-30,경기,광주시,가격지수,매매,98.8729
2025-07-07,경기,광주시,가격지수,매매,98.8627
2025-07-14,경기,광주시,가격지수,매매,98.8421
2025-07-21,경기,광주시,가격지수,매매,98.8459
2025-07-28,경기,광주시,가격지수,매매,98.9216
2025-08-04,경기,광주시,가격지수,매매,98.9553
2025-08-11,경기,광주시,가격지수,매매,98.9346
2025-08-18,경기,광주시,가격지수,매매,98.9801
2025-08-25,경기,광주시,가격지수,매매,98.9911
2025-09-01,경기,광주시,가격지수,매매,99.0258
2025-09-08,경기,광주시,가격지수,매매,99.0558
2025-09-15,경기,광주시,가격지수,매매,99.0621
2025-09-22,경기,광주시,가격지수,매매,99.0917
2025-09-29,경기,광주시,가격지수,매매,99.1351
2025-10-13,경기,광주시,가격지수,매매,99.1791
2025-10-20,경기,광주시,가격지수,매매,99.284
2025-10-27,경기,광주시,가격지수,매매,99.3754
2025-11-03,경기,광주시,가격지수,매매,99.4149
2025-11-10,경기,광주시,가격지수,매매,99.4987
2025-11-17,경기,광주시,가격지수,매매,99.5583
2025-11-24,경기,광주시,가격지수,매매,99.61
2025-12-01,경기,광주시,가격지수,매매,99.6736
2025-12-08,경기,광주시,가격지수,매매,99.7094
2025-12-15,경기,광주시,가격지수,매매,99.7663
2025-12-22,경기,광주시,가격지수,매매,99.8541
2025-12-29,경기,광주시,가격지수,매매,99.9372
2026-01-05,경기,광주시,가격지수,매매,99.9779
2026-01-12,경기,광주시,가격지수,매매,100.0
2026-01-19,경기,광주시,가격지수,매매,100.0295
2026-01-26,경기,광주시,가격지수,매매,100.1387
2026-02-02,경기,광주시,가격지수,매매,100.1673
2026-02-09,경기,광주시,가격지수,매매,100.1894
2026-02-23,경기,광주시,가격지수,매매,100.1985
2026-03-02,경기,광주시,가격지수,매매,100.2073
2026-03-09,경기,광주시,가격지수,매매,100.2064
2026-03-16,경기,광주시,가격지수,매매,100.2268
2026-03-23,경기,광주시,가격지수,매매,100.285
2026-03-30,경기,광주시,가격지수,매매,100.3334
2026-04-06,경기,광주시,가격지수,매매,100.3312
2026-04-13,경기,광주시,가격지수,매매,100.3352
2026-04-20,경기,광주시,가격지수,매매,100.3365
2026-04-27,경기,광주시,가격지수,매매,100.3448
2026-05-04,경기,광주시,가격지수,매매,100.3101
2026-05-11,경기,광주시,가격지수,매매,100.2941
2026-05-18,경기,광주시,가격지수,매매,100.2237
2026-05-25,경기,광주시,가격지수,매매,100.1727
2026-06-01,경기,광주시,가격지수,매매,100.1748
2026-06-08,경기,광주시,가격지수,매매,100.1727
2026-06-15,경기,광주시,가격지수,매매,100.2663
2026-06-22,경기,광주시,가격지수,매매,100.2947
2024-06-24,경기,구리시,가격지수,매매,97.1373
2024-07-01,경기,구리시,가격지수,매매,97.0347
2024-07-08,경기,구리시,가격지수,매매,97.0073
2024-07-15,경기,구리시,가격지수,매매,97.0276
2024-07-22,경기,구리시,가격지수,매매,97.0484
2024-07-29,경기,구리시,가격지수,매매,97.0667
2024-08-05,경기,구리시,가격지수,매매,97.1531
2024-08-12,경기,구리시,가격지수,매매,97.2621
2024-08-19,경기,구리시,가격지수,매매,97.3851
2024-08-26,경기,구리시,가격지수,매매,97.4522
2024-09-02,경기,구리시,가격지수,매매,97.5772
2024-09-09,경기,구리시,가격지수,매매,97.6536
2024-09-23,경기,구리시,가격지수,매매,97.6782
2024-09-30,경기,구리시,가격지수,매매,97.7629
2024-10-07,경기,구리시,가격지수,매매,97.8223
2024-10-14,경기,구리시,가격지수,매매,97.8869
2024-10-21,경기,구리시,가격지수,매매,97.96
2024-10-28,경기,구리시,가격지수,매매,97.9801
2024-11-04,경기,구리시,가격지수,매매,98.0378
2024-11-11,경기,구리시,가격지수,매매,98.0594
2024-11-18,경기,구리시,가격지수,매매,98.1305
2024-11-25,경기,구리시,가격지수,매매,98.1354
2024-12-02,경기,구리시,가격지수,매매,98.155
2024-12-09,경기,구리시,가격지수,매매,98.135
2024-12-16,경기,구리시,가격지수,매매,98.1287
2024-12-23,경기,구리시,가격지수,매매,98.1239
2024-12-30,경기,구리시,가격지수,매매,97.9734
2025-01-06,경기,구리시,가격지수,매매,97.9381
2025-01-13,경기,구리시,가격지수,매매,97.9157
2025-01-20,경기,구리시,가격지수,매매,97.9145
2025-02-03,경기,구리시,가격지수,매매,97.9115
2025-02-10,경기,구리시,가격지수,매매,97.9509
2025-02-17,경기,구리시,가격지수,매매,97.9567
2025-02-24,경기,구리시,가격지수,매매,97.9725
2025-03-03,경기,구리시,가격지수,매매,98.009
2025-03-10,경기,구리시,가격지수,매매,97.9986
2025-03-17,경기,구리시,가격지수,매매,97.9694
2025-03-24,경기,구리시,가격지수,매매,97.9908
2025-03-31,경기,구리시,가격지수,매매,97.9722
2025-04-07,경기,구리시,가격지수,매매,97.9993
2025-04-14,경기,구리시,가격지수,매매,98.0203
2025-04-21,경기,구리시,가격지수,매매,98.0039
2025-04-28,경기,구리시,가격지수,매매,98.0184
2025-05-05,경기,구리시,가격지수,매매,98.0184
2025-05-12,경기,구리시,가격지수,매매,98.0219
2025-05-19,경기,구리시,가격지수,매매,98.0294
2025-05-26,경기,구리시,가격지수,매매,98.0286
2025-06-02,경기,구리시,가격지수,매매,98.0242
2025-06-09,경기,구리시,가격지수,매매,98.0276
2025-06-16,경기,구리시,가격지수,매매,98.0339
2025-06-23,경기,구리시,가격지수,매매,98.0777
2025-06-30,경기,구리시,가격지수,매매,98.0965
2025-07-07,경기,구리시,가격지수,매매,98.1017
2025-07-14,경기,구리시,가격지수,매매,98.1046
2025-07-21,경기,구리시,가격지수,매매,98.1149
2025-07-28,경기,구리시,가격지수,매매,98.1213
2025-08-04,경기,구리시,가격지수,매매,98.1304
2025-08-11,경기,구리시,가격지수,매매,98.1379
2025-08-18,경기,구리시,가격지수,매매,98.1403
2025-08-25,경기,구리시,가격지수,매매,98.1398
2025-09-01,경기,구리시,가격지수,매매,98.1063
2025-09-08,경기,구리시,가격지수,매매,98.1049
2025-09-15,경기,구리시,가격지수,매매,98.1198
2025-09-22,경기,구리시,가격지수,매매,98.1264
2025-09-29,경기,구리시,가격지수,매매,98.1388
2025-10-13,경기,구리시,가격지수,매매,98.1981
2025-10-20,경기,구리시,가격지수,매매,98.2458
2025-10-27,경기,구리시,가격지수,매매,98.3319
2025-11-03,경기,구리시,가격지수,매매,98.4797
2025-11-10,경기,구리시,가격지수,매매,98.5619
2025-11-17,경기,구리시,가격지수,매매,98.7305
2025-11-24,경기,구리시,가격지수,매매,98.9228
2025-12-01,경기,구리시,가격지수,매매,99.1447
2025-12-08,경기,구리시,가격지수,매매,99.2562
2025-12-15,경기,구리시,가격지수,매매,99.4737
2025-12-22,경기,구리시,가격지수,매매,99.5685
2025-12-29,경기,구리시,가격지수,매매,99.5975
2026-01-05,경기,구리시,가격지수,매매,99.8782
2026-01-12,경기,구리시,가격지수,매매,100.0
2026-01-19,경기,구리시,가격지수,매매,100.2301
2026-01-26,경기,구리시,가격지수,매매,100.4489
2026-02-02,경기,구리시,가격지수,매매,100.8805
2026-02-09,경기,구리시,가격지수,매매,101.1697
2026-02-23,경기,구리시,가격지수,매매,101.8522
2026-03-02,경기,구리시,가격지수,매매,102.3336
2026-03-09,경기,구리시,가격지수,매매,102.6214
2026-03-16,경기,구리시,가격지수,매매,103.0723
2026-03-23,경기,구리시,가격지수,매매,103.5554
2026-03-30,경기,구리시,가격지수,매매,104.0697
2026-04-06,경기,구리시,가격지수,매매,104.2561
2026-04-13,경기,구리시,가격지수,매매,104.8205
2026-04-20,경기,구리시,가격지수,매매,105.1774
2026-04-27,경기,구리시,가격지수,매매,105.391
2026-05-04,경기,구리시,가격지수,매매,105.7663
2026-05-11,경기,구리시,가격지수,매매,106.0772
2026-05-18,경기,구리시,가격지수,매매,106.6015
2026-05-25,경기,구리시,가격지수,매매,107.0453
2026-06-01,경기,구리시,가격지수,매매,107.4293
2026-06-08,경기,구리시,가격지수,매매,107.7584
2026-06-15,경기,구리시,가격지수,매매,108.1528
2026-06-22,경기,구리시,가격지수,매매,108.3262
2024-06-24,경기,군포시,가격지수,매매,98.8821
2024-07-01,경기,군포시,가격지수,매매,98.8865
2024-07-08,경기,군포시,가격지수,매매,98.8732
2024-07-15,경기,군포시,가격지수,매매,98.9028
2024-07-22,경기,군포시,가격지수,매매,98.9492
2024-07-29,경기,군포시,가격지수,매매,98.9914
2024-08-05,경기,군포시,가격지수,매매,98.9922
2024-08-12,경기,군포시,가격지수,매매,99.025
2024-08-19,경기,군포시,가격지수,매매,99.0852
2024-08-26,경기,군포시,가격지수,매매,99.1056
2024-09-02,경기,군포시,가격지수,매매,99.1661
2024-09-09,경기,군포시,가격지수,매매,99.1741
2024-09-23,경기,군포시,가격지수,매매,99.1859
2024-09-30,경기,군포시,가격지수,매매,99.2277
2024-10-07,경기,군포시,가격지수,매매,99.2648
2024-10-14,경기,군포시,가격지수,매매,99.2922
2024-10-21,경기,군포시,가격지수,매매,99.3235
2024-10-28,경기,군포시,가격지수,매매,99.3335
2024-11-04,경기,군포시,가격지수,매매,99.3303
2024-11-11,경기,군포시,가격지수,매매,99.3269
2024-11-18,경기,군포시,가격지수,매매,99.3098
2024-11-25,경기,군포시,가격지수,매매,99.2842
2024-12-02,경기,군포시,가격지수,매매,99.2793
2024-12-09,경기,군포시,가격지수,매매,99.2734
2024-12-16,경기,군포시,가격지수,매매,99.2661
2024-12-23,경기,군포시,가격지수,매매,99.267
2024-12-30,경기,군포시,가격지수,매매,99.2303
2025-01-06,경기,군포시,가격지수,매매,99.2149
2025-01-13,경기,군포시,가격지수,매매,99.1834
2025-01-20,경기,군포시,가격지수,매매,99.0988
2025-02-03,경기,군포시,가격지수,매매,99.0984
2025-02-10,경기,군포시,가격지수,매매,99.0608
2025-02-17,경기,군포시,가격지수,매매,99.0304
2025-02-24,경기,군포시,가격지수,매매,98.9064
2025-03-03,경기,군포시,가격지수,매매,98.8611
2025-03-10,경기,군포시,가격지수,매매,98.8026
2025-03-17,경기,군포시,가격지수,매매,98.7835
2025-03-24,경기,군포시,가격지수,매매,98.7592
2025-03-31,경기,군포시,가격지수,매매,98.7298
2025-04-07,경기,군포시,가격지수,매매,98.7302
2025-04-14,경기,군포시,가격지수,매매,98.6614
2025-04-21,경기,군포시,가격지수,매매,98.7322
2025-04-28,경기,군포시,가격지수,매매,98.736
2025-05-05,경기,군포시,가격지수,매매,98.724
2025-05-12,경기,군포시,가격지수,매매,98.7167
2025-05-19,경기,군포시,가격지수,매매,98.7034
2025-05-26,경기,군포시,가격지수,매매,98.6813
2025-06-02,경기,군포시,가격지수,매매,98.6553
2025-06-09,경기,군포시,가격지수,매매,98.653
2025-06-16,경기,군포시,가격지수,매매,98.6445
2025-06-23,경기,군포시,가격지수,매매,98.6128
2025-06-30,경기,군포시,가격지수,매매,98.5946
2025-07-07,경기,군포시,가격지수,매매,98.5824
2025-07-14,경기,군포시,가격지수,매매,98.5722
2025-07-21,경기,군포시,가격지수,매매,98.5654
2025-07-28,경기,군포시,가격지수,매매,98.5211
2025-08-04,경기,군포시,가격지수,매매,98.512
2025-08-11,경기,군포시,가격지수,매매,98.5089
2025-08-18,경기,군포시,가격지수,매매,98.4896
2025-08-25,경기,군포시,가격지수,매매,98.4789
2025-09-01,경기,군포시,가격지수,매매,98.447
2025-09-08,경기,군포시,가격지수,매매,98.4518
2025-09-15,경기,군포시,가격지수,매매,98.4475
2025-09-22,경기,군포시,가격지수,매매,98.4496
2025-09-29,경기,군포시,가격지수,매매,98.4171
2025-10-13,경기,군포시,가격지수,매매,98.6627
2025-10-20,경기,군포시,가격지수,매매,98.6919
2025-10-27,경기,군포시,가격지수,매매,98.8898
2025-11-03,경기,군포시,가격지수,매매,98.9117
2025-11-10,경기,군포시,가격지수,매매,99.0094
2025-11-17,경기,군포시,가격지수,매매,99.0551
2025-11-24,경기,군포시,가격지수,매매,99.0916
2025-12-01,경기,군포시,가격지수,매매,99.1317
2025-12-08,경기,군포시,가격지수,매매,99.1492
2025-12-15,경기,군포시,가격지수,매매,99.1894
2025-12-22,경기,군포시,가격지수,매매,99.2427
2025-12-29,경기,군포시,가격지수,매매,99.3051
2026-01-05,경기,군포시,가격지수,매매,99.5772
2026-01-12,경기,군포시,가격지수,매매,100.0
2026-01-19,경기,군포시,가격지수,매매,100.2423
2026-01-26,경기,군포시,가격지수,매매,100.4367
2026-02-02,경기,군포시,가격지수,매매,100.6061
2026-02-09,경기,군포시,가격지수,매매,100.86
2026-02-23,경기,군포시,가격지수,매매,101.0884
2026-03-02,경기,군포시,가격지수,매매,101.3835
2026-03-09,경기,군포시,가격지수,매매,101.4538
2026-03-16,경기,군포시,가격지수,매매,101.5664
2026-03-23,경기,군포시,가격지수,매매,101.7644
2026-03-30,경기,군포시,가격지수,매매,101.7758
2026-04-06,경기,군포시,가격지수,매매,101.8445
2026-04-13,경기,군포시,가격지수,매매,101.9015
2026-04-20,경기,군포시,가격지수,매매,101.9257
2026-04-27,경기,군포시,가격지수,매매,102.0839
2026-05-04,경기,군포시,가격지수,매매,102.1444
2026-05-11,경기,군포시,가격지수,매매,102.4655
2026-05-18,경기,군포시,가격지수,매매,102.8524
2026-05-25,경기,군포시,가격지수,매매,103.1218
2026-06-01,경기,군포시,가격지수,매매,103.3702
2026-06-08,경기,군포시,가격지수,매매,103.7061
2026-06-15,경기,군포시,가격지수,매매,104.0765
2026-06-22,경기,군포시,가격지수,매매,104.4665
2024-06-24,경기,김포시,가격지수,매매,100.0594
2024-07-01,경기,김포시,가격지수,매매,100.0893
2024-07-08,경기,김포시,가격지수,매매,100.1064
2024-07-15,경기,김포시,가격지수,매매,100.1659
2024-07-22,경기,김포시,가격지수,매매,100.1886
2024-07-29,경기,김포시,가격지수,매매,100.2763
2024-08-05,경기,김포시,가격지수,매매,100.3659
2024-08-12,경기,김포시,가격지수,매매,100.4058
2024-08-19,경기,김포시,가격지수,매매,100.4591
2024-08-26,경기,김포시,가격지수,매매,100.5104
2024-09-02,경기,김포시,가격지수,매매,100.5983
2024-09-09,경기,김포시,가격지수,매매,100.6435
2024-09-23,경기,김포시,가격지수,매매,100.7139
2024-09-30,경기,김포시,가격지수,매매,100.7243
2024-10-07,경기,김포시,가격지수,매매,100.7631
2024-10-14,경기,김포시,가격지수,매매,100.8127
2024-10-21,경기,김포시,가격지수,매매,100.8902
2024-10-28,경기,김포시,가격지수,매매,100.8605
2024-11-04,경기,김포시,가격지수,매매,100.8587
2024-11-11,경기,김포시,가격지수,매매,100.9003
2024-11-18,경기,김포시,가격지수,매매,100.9073
2024-11-25,경기,김포시,가격지수,매매,100.9001
2024-12-02,경기,김포시,가격지수,매매,100.9
2024-12-09,경기,김포시,가격지수,매매,100.9021
2024-12-16,경기,김포시,가격지수,매매,100.8895
2024-12-23,경기,김포시,가격지수,매매,100.887
2024-12-30,경기,김포시,가격지수,매매,100.8762
2025-01-06,경기,김포시,가격지수,매매,100.8092
2025-01-13,경기,김포시,가격지수,매매,100.7661
2025-01-20,경기,김포시,가격지수,매매,100.7635
2025-02-03,경기,김포시,가격지수,매매,100.7597
2025-02-10,경기,김포시,가격지수,매매,100.7988
2025-02-17,경기,김포시,가격지수,매매,100.8214
2025-02-24,경기,김포시,가격지수,매매,100.8084
2025-03-03,경기,김포시,가격지수,매매,100.8095
2025-03-10,경기,김포시,가격지수,매매,100.7852
2025-03-17,경기,김포시,가격지수,매매,100.77
2025-03-24,경기,김포시,가격지수,매매,100.7403
2025-03-31,경기,김포시,가격지수,매매,100.7489
2025-04-07,경기,김포시,가격지수,매매,100.774
2025-04-14,경기,김포시,가격지수,매매,100.7901
2025-04-21,경기,김포시,가격지수,매매,100.7891
2025-04-28,경기,김포시,가격지수,매매,100.7934
2025-05-05,경기,김포시,가격지수,매매,100.7938
2025-05-12,경기,김포시,가격지수,매매,100.7886
2025-05-19,경기,김포시,가격지수,매매,100.727
2025-05-26,경기,김포시,가격지수,매매,100.7091
2025-06-02,경기,김포시,가격지수,매매,100.6944
2025-06-09,경기,김포시,가격지수,매매,100.6235
2025-06-16,경기,김포시,가격지수,매매,100.6174
2025-06-23,경기,김포시,가격지수,매매,100.5907
2025-06-30,경기,김포시,가격지수,매매,100.5953
2025-07-07,경기,김포시,가격지수,매매,100.5827
2025-07-14,경기,김포시,가격지수,매매,100.5464
2025-07-21,경기,김포시,가격지수,매매,100.5211
2025-07-28,경기,김포시,가격지수,매매,100.4846
2025-08-04,경기,김포시,가격지수,매매,100.4778
2025-08-11,경기,김포시,가격지수,매매,100.4512
2025-08-18,경기,김포시,가격지수,매매,100.4448
2025-08-25,경기,김포시,가격지수,매매,100.3003
2025-09-01,경기,김포시,가격지수,매매,100.2885
2025-09-08,경기,김포시,가격지수,매매,100.275
2025-09-15,경기,김포시,가격지수,매매,100.2827
2025-09-22,경기,김포시,가격지수,매매,100.258
2025-09-29,경기,김포시,가격지수,매매,100.2482
2025-10-13,경기,김포시,가격지수,매매,100.2063
2025-10-20,경기,김포시,가격지수,매매,100.1472
2025-10-27,경기,김포시,가격지수,매매,100.1457
2025-11-03,경기,김포시,가격지수,매매,100.1239
2025-11-10,경기,김포시,가격지수,매매,100.0472
2025-11-17,경기,김포시,가격지수,매매,100.0361
2025-11-24,경기,김포시,가격지수,매매,100.0333
2025-12-01,경기,김포시,가격지수,매매,100.03
2025-12-08,경기,김포시,가격지수,매매,100.0311
2025-12-15,경기,김포시,가격지수,매매,100.0393
2025-12-22,경기,김포시,가격지수,매매,100.0352
2025-12-29,경기,김포시,가격지수,매매,100.0199
2026-01-05,경기,김포시,가격지수,매매,100.0013
2026-01-12,경기,김포시,가격지수,매매,100.0
2026-01-19,경기,김포시,가격지수,매매,100.0007
2026-01-26,경기,김포시,가격지수,매매,99.9967
2026-02-02,경기,김포시,가격지수,매매,99.9965
2026-02-09,경기,김포시,가격지수,매매,99.9581
2026-02-23,경기,김포시,가격지수,매매,99.9466
2026-03-02,경기,김포시,가격지수,매매,99.9315
2026-03-09,경기,김포시,가격지수,매매,99.9261
2026-03-16,경기,김포시,가격지수,매매,99.918
2026-03-23,경기,김포시,가격지수,매매,99.9179
2026-03-30,경기,김포시,가격지수,매매,99.9015
2026-04-06,경기,김포시,가격지수,매매,99.8882
2026-04-13,경기,김포시,가격지수,매매,99.884
2026-04-20,경기,김포시,가격지수,매매,99.8731
2026-04-27,경기,김포시,가격지수,매매,99.8601
2026-05-04,경기,김포시,가격지수,매매,99.8555
2026-05-11,경기,김포시,가격지수,매매,99.8488
2026-05-18,경기,김포시,가격지수,매매,99.8746
2026-05-25,경기,김포시,가격지수,매매,99.8279
2026-06-01,경기,김포시,가격지수,매매,99.8135
2026-06-08,경기,김포시,가격지수,매매,99.7986
2026-06-15,경기,김포시,가격지수,매매,99.7515
2026-06-22,경기,김포시,가격지수,매매,99.7311
2024-06-24,경기,남양주시,가격지수,매매,100.4709
2024-07-01,경기,남양주시,가격지수,매매,100.4647
2024-07-08,경기,남양주시,가격지수,매매,100.4539
2024-07-15,경기,남양주시,가격지수,매매,100.4223
2024-07-22,경기,남양주시,가격지수,매매,100.4133
2024-07-29,경기,남양주시,가격지수,매매,100.391
2024-08-05,경기,남양주시,가격지수,매매,100.3438
2024-08-12,경기,남양주시,가격지수,매매,100.356
2024-08-19,경기,남양주시,가격지수,매매,100.3272
2024-08-26,경기,남양주시,가격지수,매매,100.3879
2024-09-02,경기,남양주시,가격지수,매매,100.4313
2024-09-09,경기,남양주시,가격지수,매매,100.4591
2024-09-23,경기,남양주시,가격지수,매매,100.4499
2024-09-30,경기,남양주시,가격지수,매매,100.4661
2024-10-07,경기,남양주시,가격지수,매매,100.4977
2024-10-14,경기,남양주시,가격지수,매매,100.5209
2024-10-21,경기,남양주시,가격지수,매매,100.4626
2024-10-28,경기,남양주시,가격지수,매매,100.3841
2024-11-04,경기,남양주시,가격지수,매매,100.3391
2024-11-11,경기,남양주시,가격지수,매매,100.2265
2024-11-18,경기,남양주시,가격지수,매매,100.2062
2024-11-25,경기,남양주시,가격지수,매매,100.0799
2024-12-02,경기,남양주시,가격지수,매매,100.0447
2024-12-09,경기,남양주시,가격지수,매매,100.0076
2024-12-16,경기,남양주시,가격지수,매매,99.9997
2024-12-23,경기,남양주시,가격지수,매매,99.9906
2024-12-30,경기,남양주시,가격지수,매매,99.9459
2025-01-06,경기,남양주시,가격지수,매매,99.9401
2025-01-13,경기,남양주시,가격지수,매매,99.9062
2025-01-20,경기,남양주시,가격지수,매매,99.8753
2025-02-03,경기,남양주시,가격지수,매매,99.8574
2025-02-10,경기,남양주시,가격지수,매매,99.8461
2025-02-17,경기,남양주시,가격지수,매매,99.8194
2025-02-24,경기,남양주시,가격지수,매매,99.8019
2025-03-03,경기,남양주시,가격지수,매매,99.7846
2025-03-10,경기,남양주시,가격지수,매매,99.7754
2025-03-17,경기,남양주시,가격지수,매매,99.7351
2025-03-24,경기,남양주시,가격지수,매매,99.7246
2025-03-31,경기,남양주시,가격지수,매매,99.708
2025-04-07,경기,남양주시,가격지수,매매,99.7061
2025-04-14,경기,남양주시,가격지수,매매,99.6834
2025-04-21,경기,남양주시,가격지수,매매,99.6732
2025-04-28,경기,남양주시,가격지수,매매,99.6936
2025-05-05,경기,남양주시,가격지수,매매,99.6707
2025-05-12,경기,남양주시,가격지수,매매,99.6557
2025-05-19,경기,남양주시,가격지수,매매,99.6392
2025-05-26,경기,남양주시,가격지수,매매,99.6287
2025-06-02,경기,남양주시,가격지수,매매,99.619
2025-06-09,경기,남양주시,가격지수,매매,99.6037
2025-06-16,경기,남양주시,가격지수,매매,99.5962
2025-06-23,경기,남양주시,가격지수,매매,99.6066
2025-06-30,경기,남양주시,가격지수,매매,99.6119
2025-07-07,경기,남양주시,가격지수,매매,99.6123
2025-07-14,경기,남양주시,가격지수,매매,99.6106
2025-07-21,경기,남양주시,가격지수,매매,99.6028
2025-07-28,경기,남양주시,가격지수,매매,99.5778
2025-08-04,경기,남양주시,가격지수,매매,99.5733
2025-08-11,경기,남양주시,가격지수,매매,99.5569
2025-08-18,경기,남양주시,가격지수,매매,99.5578
2025-08-25,경기,남양주시,가격지수,매매,99.5404
2025-09-01,경기,남양주시,가격지수,매매,99.5346
2025-09-08,경기,남양주시,가격지수,매매,99.5239
2025-09-15,경기,남양주시,가격지수,매매,99.5202
2025-09-22,경기,남양주시,가격지수,매매,99.5368
2025-09-29,경기,남양주시,가격지수,매매,99.5295
2025-10-13,경기,남양주시,가격지수,매매,99.4961
2025-10-20,경기,남양주시,가격지수,매매,99.5041
2025-10-27,경기,남양주시,가격지수,매매,99.5254
2025-11-03,경기,남양주시,가격지수,매매,99.5354
2025-11-10,경기,남양주시,가격지수,매매,99.561
2025-11-17,경기,남양주시,가격지수,매매,99.6141
2025-11-24,경기,남양주시,가격지수,매매,99.6377
2025-12-01,경기,남양주시,가격지수,매매,99.6948
2025-12-08,경기,남양주시,가격지수,매매,99.7579
2025-12-15,경기,남양주시,가격지수,매매,99.807
2025-12-22,경기,남양주시,가격지수,매매,99.8508
2025-12-29,경기,남양주시,가격지수,매매,99.891
2026-01-05,경기,남양주시,가격지수,매매,99.9202
2026-01-12,경기,남양주시,가격지수,매매,100.0
2026-01-19,경기,남양주시,가격지수,매매,100.0492
2026-01-26,경기,남양주시,가격지수,매매,100.1038
2026-02-02,경기,남양주시,가격지수,매매,100.1548
2026-02-09,경기,남양주시,가격지수,매매,100.189
2026-02-23,경기,남양주시,가격지수,매매,100.3102
2026-03-02,경기,남양주시,가격지수,매매,100.3877
2026-03-09,경기,남양주시,가격지수,매매,100.4876
2026-03-16,경기,남양주시,가격지수,매매,100.5183
2026-03-23,경기,남양주시,가격지수,매매,100.5783
2026-03-30,경기,남양주시,가격지수,매매,100.613
2026-04-06,경기,남양주시,가격지수,매매,100.6341
2026-04-13,경기,남양주시,가격지수,매매,100.6807
2026-04-20,경기,남양주시,가격지수,매매,100.7072
2026-04-27,경기,남양주시,가격지수,매매,100.7202
2026-05-04,경기,남양주시,가격지수,매매,100.7369
2026-05-11,경기,남양주시,가격지수,매매,100.8004
2026-05-18,경기,남양주시,가격지수,매매,100.8952
2026-05-25,경기,남양주시,가격지수,매매,100.9994
2026-06-01,경기,남양주시,가격지수,매매,101.0721
2026-06-08,경기,남양주시,가격지수,매매,101.1807
2026-06-15,경기,남양주시,가격지수,매매,101.2535
2026-06-22,경기,남양주시,가격지수,매매,101.4682
2024-06-24,경기,동두천시,가격지수,매매,107.7815
2024-07-01,경기,동두천시,가격지수,매매,107.493
2024-07-08,경기,동두천시,가격지수,매매,107.0352
2024-07-15,경기,동두천시,가격지수,매매,106.9536
2024-07-22,경기,동두천시,가격지수,매매,106.6143
2024-07-29,경기,동두천시,가격지수,매매,106.1974
2024-08-05,경기,동두천시,가격지수,매매,106.0248
2024-08-12,경기,동두천시,가격지수,매매,105.872
2024-08-19,경기,동두천시,가격지수,매매,105.7643
2024-08-26,경기,동두천시,가격지수,매매,105.7215
2024-09-02,경기,동두천시,가격지수,매매,105.5826
2024-09-09,경기,동두천시,가격지수,매매,105.3473
2024-09-23,경기,동두천시,가격지수,매매,105.3262
2024-09-30,경기,동두천시,가격지수,매매,105.2948
2024-10-07,경기,동두천시,가격지수,매매,105.3282
2024-10-14,경기,동두천시,가격지수,매매,105.4195
2024-10-21,경기,동두천시,가격지수,매매,105.4844
2024-10-28,경기,동두천시,가격지수,매매,105.5266
2024-11-04,경기,동두천시,가격지수,매매,105.6121
2024-11-11,경기,동두천시,가격지수,매매,105.6588
2024-11-18,경기,동두천시,가격지수,매매,105.8012
2024-11-25,경기,동두천시,가격지수,매매,105.8874
2024-12-02,경기,동두천시,가격지수,매매,105.9509
2024-12-09,경기,동두천시,가격지수,매매,105.994
2024-12-16,경기,동두천시,가격지수,매매,105.9316
2024-12-23,경기,동두천시,가격지수,매매,105.7659
2024-12-30,경기,동두천시,가격지수,매매,105.584
2025-01-06,경기,동두천시,가격지수,매매,105.4891
2025-01-13,경기,동두천시,가격지수,매매,105.2392
2025-01-20,경기,동두천시,가격지수,매매,105.1685
2025-02-03,경기,동두천시,가격지수,매매,105.0396
2025-02-10,경기,동두천시,가격지수,매매,104.5446
2025-02-17,경기,동두천시,가격지수,매매,103.6543
2025-02-24,경기,동두천시,가격지수,매매,103.11
2025-03-03,경기,동두천시,가격지수,매매,103.0765
2025-03-10,경기,동두천시,가격지수,매매,103.0459
2025-03-17,경기,동두천시,가격지수,매매,102.9034
2025-03-24,경기,동두천시,가격지수,매매,102.9401
2025-03-31,경기,동두천시,가격지수,매매,102.8376
2025-04-07,경기,동두천시,가격지수,매매,102.8112
2025-04-14,경기,동두천시,가격지수,매매,102.672
2025-04-21,경기,동두천시,가격지수,매매,102.6583
2025-04-28,경기,동두천시,가격지수,매매,102.5475
2025-05-05,경기,동두천시,가격지수,매매,102.5475
2025-05-12,경기,동두천시,가격지수,매매,102.445
2025-05-19,경기,동두천시,가격지수,매매,102.4379
2025-05-26,경기,동두천시,가격지수,매매,102.4379
2025-06-02,경기,동두천시,가격지수,매매,102.4331
2025-06-09,경기,동두천시,가격지수,매매,102.2573
2025-06-16,경기,동두천시,가격지수,매매,102.2145
2025-06-23,경기,동두천시,가격지수,매매,102.2145
2025-06-30,경기,동두천시,가격지수,매매,102.0991
2025-07-07,경기,동두천시,가격지수,매매,102.125
2025-07-14,경기,동두천시,가격지수,매매,101.9777
2025-07-21,경기,동두천시,가격지수,매매,101.7604
2025-07-28,경기,동두천시,가격지수,매매,101.6849
2025-08-04,경기,동두천시,가격지수,매매,101.6703
2025-08-11,경기,동두천시,가격지수,매매,101.5347
2025-08-18,경기,동두천시,가격지수,매매,101.4153
2025-08-25,경기,동두천시,가격지수,매매,101.2472
2025-09-01,경기,동두천시,가격지수,매매,101.2255
2025-09-08,경기,동두천시,가격지수,매매,101.1705
2025-09-15,경기,동두천시,가격지수,매매,101.1115
2025-09-22,경기,동두천시,가격지수,매매,100.9262
2025-09-29,경기,동두천시,가격지수,매매,100.8149
2025-10-13,경기,동두천시,가격지수,매매,100.7039
2025-10-20,경기,동두천시,가격지수,매매,100.7039
2025-10-27,경기,동두천시,가격지수,매매,100.6058
2025-11-03,경기,동두천시,가격지수,매매,100.5708
2025-11-10,경기,동두천시,가격지수,매매,100.4884
2025-11-17,경기,동두천시,가격지수,매매,100.4391
2025-11-24,경기,동두천시,가격지수,매매,100.3703
2025-12-01,경기,동두천시,가격지수,매매,100.285
2025-12-08,경기,동두천시,가격지수,매매,100.2169
2025-12-15,경기,동두천시,가격지수,매매,100.1435
2025-12-22,경기,동두천시,가격지수,매매,100.1018
2025-12-29,경기,동두천시,가격지수,매매,100.0
2026-01-05,경기,동두천시,가격지수,매매,100.0
2026-01-12,경기,동두천시,가격지수,매매,100.0
2026-01-19,경기,동두천시,가격지수,매매,100.0
2026-01-26,경기,동두천시,가격지수,매매,99.9659
2026-02-02,경기,동두천시,가격지수,매매,99.8794
2026-02-09,경기,동두천시,가격지수,매매,99.8579
2026-02-23,경기,동두천시,가격지수,매매,99.8579
2026-03-02,경기,동두천시,가격지수,매매,99.8579
2026-03-09,경기,동두천시,가격지수,매매,99.9124
2026-03-16,경기,동두천시,가격지수,매매,99.8969
2026-03-23,경기,동두천시,가격지수,매매,99.89
2026-03-30,경기,동두천시,가격지수,매매,99.7819
2026-04-06,경기,동두천시,가격지수,매매,99.7819
2026-04-13,경기,동두천시,가격지수,매매,99.7876
2026-04-20,경기,동두천시,가격지수,매매,99.8352
2026-04-27,경기,동두천시,가격지수,매매,99.7791
2026-05-04,경기,동두천시,가격지수,매매,99.7742
2026-05-11,경기,동두천시,가격지수,매매,99.7437
2026-05-18,경기,동두천시,가격지수,매매,99.7437
2026-05-25,경기,동두천시,가격지수,매매,99.7249
2026-06-01,경기,동두천시,가격지수,매매,99.6936
2026-06-08,경기,동두천시,가격지수,매매,99.5982
2026-06-15,경기,동두천시,가격지수,매매,99.5236
2026-06-22,경기,동두천시,가격지수,매매,99.5029
2024-06-24,경기,부천시,가격지수,매매,98.9677
2024-07-01,경기,부천시,가격지수,매매,98.9994
2024-07-08,경기,부천시,가격지수,매매,99.0149
2024-07-15,경기,부천시,가격지수,매매,99.0596
2024-07-22,경기,부천시,가격지수,매매,99.1047
2024-07-29,경기,부천시,가격지수,매매,99.126
2024-08-05,경기,부천시,가격지수,매매,99.1911
2024-08-12,경기,부천시,가격지수,매매,99.1947
2024-08-19,경기,부천시,가격지수,매매,99.2431
2024-08-26,경기,부천시,가격지수,매매,99.2792
2024-09-02,경기,부천시,가격지수,매매,99.381
2024-09-09,경기,부천시,가격지수,매매,99.4468
2024-09-23,경기,부천시,가격지수,매매,99.4972
2024-09-30,경기,부천시,가격지수,매매,99.5527
2024-10-07,경기,부천시,가격지수,매매,99.5727
2024-10-14,경기,부천시,가격지수,매매,99.6222
2024-10-21,경기,부천시,가격지수,매매,99.6435
2024-10-28,경기,부천시,가격지수,매매,99.6507
2024-11-04,경기,부천시,가격지수,매매,99.679
2024-11-11,경기,부천시,가격지수,매매,99.683
2024-11-18,경기,부천시,가격지수,매매,99.7102
2024-11-25,경기,부천시,가격지수,매매,99.698
2024-12-02,경기,부천시,가격지수,매매,99.7263
2024-12-09,경기,부천시,가격지수,매매,99.7305
2024-12-16,경기,부천시,가격지수,매매,99.7375
2024-12-23,경기,부천시,가격지수,매매,99.7525
2024-12-30,경기,부천시,가격지수,매매,99.7821
2025-01-06,경기,부천시,가격지수,매매,99.8098
2025-01-13,경기,부천시,가격지수,매매,99.7847
2025-01-20,경기,부천시,가격지수,매매,99.7601
2025-02-03,경기,부천시,가격지수,매매,99.7536
2025-02-10,경기,부천시,가격지수,매매,99.7571
2025-02-17,경기,부천시,가격지수,매매,99.7597
2025-02-24,경기,부천시,가격지수,매매,99.7506
2025-03-03,경기,부천시,가격지수,매매,99.7645
2025-03-10,경기,부천시,가격지수,매매,99.7747
2025-03-17,경기,부천시,가격지수,매매,99.7801
2025-03-24,경기,부천시,가격지수,매매,99.783
2025-03-31,경기,부천시,가격지수,매매,99.7811
2025-04-07,경기,부천시,가격지수,매매,99.7932
2025-04-14,경기,부천시,가격지수,매매,99.7739
2025-04-21,경기,부천시,가격지수,매매,99.777
2025-04-28,경기,부천시,가격지수,매매,99.7836
2025-05-05,경기,부천시,가격지수,매매,99.7959
2025-05-12,경기,부천시,가격지수,매매,99.797
2025-05-19,경기,부천시,가격지수,매매,99.7976
2025-05-26,경기,부천시,가격지수,매매,99.7962
2025-06-02,경기,부천시,가격지수,매매,99.7722
2025-06-09,경기,부천시,가격지수,매매,99.7598
2025-06-16,경기,부천시,가격지수,매매,99.7636
2025-06-23,경기,부천시,가격지수,매매,99.7838
2025-06-30,경기,부천시,가격지수,매매,99.7875
2025-07-07,경기,부천시,가격지수,매매,99.7915
2025-07-14,경기,부천시,가격지수,매매,99.7981
2025-07-21,경기,부천시,가격지수,매매,99.8175
2025-07-28,경기,부천시,가격지수,매매,99.8278
2025-08-04,경기,부천시,가격지수,매매,99.8242
2025-08-11,경기,부천시,가격지수,매매,99.8297
2025-08-18,경기,부천시,가격지수,매매,99.8397
2025-08-25,경기,부천시,가격지수,매매,99.8318
2025-09-01,경기,부천시,가격지수,매매,99.8123
2025-09-08,경기,부천시,가격지수,매매,99.8308
2025-09-15,경기,부천시,가격지수,매매,99.8206
2025-09-22,경기,부천시,가격지수,매매,99.7941
2025-09-29,경기,부천시,가격지수,매매,99.7913
2025-10-13,경기,부천시,가격지수,매매,99.7927
2025-10-20,경기,부천시,가격지수,매매,99.7991
2025-10-27,경기,부천시,가격지수,매매,99.8249
2025-11-03,경기,부천시,가격지수,매매,99.8581
2025-11-10,경기,부천시,가격지수,매매,99.8524
2025-11-17,경기,부천시,가격지수,매매,99.8448
2025-11-24,경기,부천시,가격지수,매매,99.8877
2025-12-01,경기,부천시,가격지수,매매,99.913
2025-12-08,경기,부천시,가격지수,매매,99.9757
2025-12-15,경기,부천시,가격지수,매매,100.0006
2025-12-22,경기,부천시,가격지수,매매,100.0047
2025-12-29,경기,부천시,가격지수,매매,100.0054
2026-01-05,경기,부천시,가격지수,매매,100.0095
2026-01-12,경기,부천시,가격지수,매매,100.0
2026-01-19,경기,부천시,가격지수,매매,100.012
2026-01-26,경기,부천시,가격지수,매매,100.0483
2026-02-02,경기,부천시,가격지수,매매,100.0867
2026-02-09,경기,부천시,가격지수,매매,100.1432
2026-02-23,경기,부천시,가격지수,매매,100.1627
2026-03-02,경기,부천시,가격지수,매매,100.2114
2026-03-09,경기,부천시,가격지수,매매,100.3288
2026-03-16,경기,부천시,가격지수,매매,100.3439
2026-03-23,경기,부천시,가격지수,매매,100.4099
2026-03-30,경기,부천시,가격지수,매매,100.4247
2026-04-06,경기,부천시,가격지수,매매,100.4563
2026-04-13,경기,부천시,가격지수,매매,100.4974
2026-04-20,경기,부천시,가격지수,매매,100.5656
2026-04-27,경기,부천시,가격지수,매매,100.656
2026-05-04,경기,부천시,가격지수,매매,100.7009
2026-05-11,경기,부천시,가격지수,매매,100.7611
2026-05-18,경기,부천시,가격지수,매매,100.8228
2026-05-25,경기,부천시,가격지수,매매,100.8744
2026-06-01,경기,부천시,가격지수,매매,100.9337
2026-06-08,경기,부천시,가격지수,매매,101.0877
2026-06-15,경기,부천시,가격지수,매매,101.1622
2026-06-22,경기,부천시,가격지수,매매,101.2528
2024-06-24,경기,부천시 소사구,가격지수,매매,100.6022
2024-07-01,경기,부천시 소사구,가격지수,매매,100.6649
2024-07-08,경기,부천시 소사구,가격지수,매매,100.6704
2024-07-15,경기,부천시 소사구,가격지수,매매,100.6792
2024-07-22,경기,부천시 소사구,가격지수,매매,100.7395
2024-07-29,경기,부천시 소사구,가격지수,매매,100.7796
2024-08-05,경기,부천시 소사구,가격지수,매매,100.8224
2024-08-12,경기,부천시 소사구,가격지수,매매,100.8234
2024-08-19,경기,부천시 소사구,가격지수,매매,100.8215
2024-08-26,경기,부천시 소사구,가격지수,매매,100.8309
2024-09-02,경기,부천시 소사구,가격지수,매매,100.8582
2024-09-09,경기,부천시 소사구,가격지수,매매,100.8914
2024-09-23,경기,부천시 소사구,가격지수,매매,100.997
2024-09-30,경기,부천시 소사구,가격지수,매매,101.0452
2024-10-07,경기,부천시 소사구,가격지수,매매,101.0577
2024-10-14,경기,부천시 소사구,가격지수,매매,101.09
2024-10-21,경기,부천시 소사구,가격지수,매매,101.0199
2024-10-28,경기,부천시 소사구,가격지수,매매,100.995
2024-11-04,경기,부천시 소사구,가격지수,매매,101.0167
2024-11-11,경기,부천시 소사구,가격지수,매매,101.0153
2024-11-18,경기,부천시 소사구,가격지수,매매,101.0527
2024-11-25,경기,부천시 소사구,가격지수,매매,101.013
2024-12-02,경기,부천시 소사구,가격지수,매매,101.005
2024-12-09,경기,부천시 소사구,가격지수,매매,101.0064
2024-12-16,경기,부천시 소사구,가격지수,매매,101.0013
2024-12-23,경기,부천시 소사구,가격지수,매매,100.9739
2024-12-30,경기,부천시 소사구,가격지수,매매,100.9739
2025-01-06,경기,부천시 소사구,가격지수,매매,100.9761
2025-01-13,경기,부천시 소사구,가격지수,매매,100.91
2025-01-20,경기,부천시 소사구,가격지수,매매,100.8486
2025-02-03,경기,부천시 소사구,가격지수,매매,100.8374
2025-02-10,경기,부천시 소사구,가격지수,매매,100.8075
2025-02-17,경기,부천시 소사구,가격지수,매매,100.7982
2025-02-24,경기,부천시 소사구,가격지수,매매,100.7897
2025-03-03,경기,부천시 소사구,가격지수,매매,100.7897
2025-03-10,경기,부천시 소사구,가격지수,매매,100.7878
2025-03-17,경기,부천시 소사구,가격지수,매매,100.774
2025-03-24,경기,부천시 소사구,가격지수,매매,100.7649
2025-03-31,경기,부천시 소사구,가격지수,매매,100.7481
2025-04-07,경기,부천시 소사구,가격지수,매매,100.7466
2025-04-14,경기,부천시 소사구,가격지수,매매,100.6946
2025-04-21,경기,부천시 소사구,가격지수,매매,100.6871
2025-04-28,경기,부천시 소사구,가격지수,매매,100.6863
2025-05-05,경기,부천시 소사구,가격지수,매매,100.6863
2025-05-12,경기,부천시 소사구,가격지수,매매,100.6729
2025-05-19,경기,부천시 소사구,가격지수,매매,100.6342
2025-05-26,경기,부천시 소사구,가격지수,매매,100.631
2025-06-02,경기,부천시 소사구,가격지수,매매,100.6051
2025-06-09,경기,부천시 소사구,가격지수,매매,100.5674
2025-06-16,경기,부천시 소사구,가격지수,매매,100.541
2025-06-23,경기,부천시 소사구,가격지수,매매,100.5307
2025-06-30,경기,부천시 소사구,가격지수,매매,100.5366
2025-07-07,경기,부천시 소사구,가격지수,매매,100.5329
2025-07-14,경기,부천시 소사구,가격지수,매매,100.5251
2025-07-21,경기,부천시 소사구,가격지수,매매,100.5351
2025-07-28,경기,부천시 소사구,가격지수,매매,100.5405
2025-08-04,경기,부천시 소사구,가격지수,매매,100.5446
2025-08-11,경기,부천시 소사구,가격지수,매매,100.5464
2025-08-18,경기,부천시 소사구,가격지수,매매,100.5493
2025-08-25,경기,부천시 소사구,가격지수,매매,100.5312
2025-09-01,경기,부천시 소사구,가격지수,매매,100.51
2025-09-08,경기,부천시 소사구,가격지수,매매,100.503
2025-09-15,경기,부천시 소사구,가격지수,매매,100.5049
2025-09-22,경기,부천시 소사구,가격지수,매매,100.4677
2025-09-29,경기,부천시 소사구,가격지수,매매,100.4473
2025-10-13,경기,부천시 소사구,가격지수,매매,100.4003
2025-10-20,경기,부천시 소사구,가격지수,매매,100.3978
2025-10-27,경기,부천시 소사구,가격지수,매매,100.416
2025-11-03,경기,부천시 소사구,가격지수,매매,100.4025
2025-11-10,경기,부천시 소사구,가격지수,매매,100.3546
2025-11-17,경기,부천시 소사구,가격지수,매매,100.3409
2025-11-24,경기,부천시 소사구,가격지수,매매,100.3374
2025-12-01,경기,부천시 소사구,가격지수,매매,100.2664
2025-12-08,경기,부천시 소사구,가격지수,매매,100.2595
2025-12-15,경기,부천시 소사구,가격지수,매매,100.2268
2025-12-22,경기,부천시 소사구,가격지수,매매,100.2008
2025-12-29,경기,부천시 소사구,가격지수,매매,100.1119
2026-01-05,경기,부천시 소사구,가격지수,매매,100.0715
2026-01-12,경기,부천시 소사구,가격지수,매매,100.0
2026-01-19,경기,부천시 소사구,가격지수,매매,99.9738
2026-01-26,경기,부천시 소사구,가격지수,매매,99.9841
2026-02-02,경기,부천시 소사구,가격지수,매매,100.0099
2026-02-09,경기,부천시 소사구,가격지수,매매,100.0337
2026-02-23,경기,부천시 소사구,가격지수,매매,100.0277
2026-03-02,경기,부천시 소사구,가격지수,매매,100.0196
2026-03-09,경기,부천시 소사구,가격지수,매매,100.1479
2026-03-16,경기,부천시 소사구,가격지수,매매,100.1177
2026-03-23,경기,부천시 소사구,가격지수,매매,100.1414
2026-03-30,경기,부천시 소사구,가격지수,매매,100.1217
2026-04-06,경기,부천시 소사구,가격지수,매매,100.1397
2026-04-13,경기,부천시 소사구,가격지수,매매,100.1351
2026-04-20,경기,부천시 소사구,가격지수,매매,100.1303
2026-04-27,경기,부천시 소사구,가격지수,매매,100.2721
2026-05-04,경기,부천시 소사구,가격지수,매매,100.2905
2026-05-11,경기,부천시 소사구,가격지수,매매,100.3633
2026-05-18,경기,부천시 소사구,가격지수,매매,100.4221
2026-05-25,경기,부천시 소사구,가격지수,매매,100.4533
2026-06-01,경기,부천시 소사구,가격지수,매매,100.5069
2026-06-08,경기,부천시 소사구,가격지수,매매,100.6441
2026-06-15,경기,부천시 소사구,가격지수,매매,100.6505
2026-06-22,경기,부천시 소사구,가격지수,매매,100.6912
2024-06-24,경기,부천시 오정구,가격지수,매매,102.7593
2024-07-01,경기,부천시 오정구,가격지수,매매,102.7543
2024-07-08,경기,부천시 오정구,가격지수,매매,102.7173
2024-07-15,경기,부천시 오정구,가격지수,매매,102.7134
2024-07-22,경기,부천시 오정구,가격지수,매매,102.6785
2024-07-29,경기,부천시 오정구,가격지수,매매,102.6823
2024-08-05,경기,부천시 오정구,가격지수,매매,102.6479
2024-08-12,경기,부천시 오정구,가격지수,매매,102.6175
2024-08-19,경기,부천시 오정구,가격지수,매매,102.6115
2024-08-26,경기,부천시 오정구,가격지수,매매,102.5291
2024-09-02,경기,부천시 오정구,가격지수,매매,102.4385
2024-09-09,경기,부천시 오정구,가격지수,매매,102.3828
2024-09-23,경기,부천시 오정구,가격지수,매매,102.3863
2024-09-30,경기,부천시 오정구,가격지수,매매,102.4536
2024-10-07,경기,부천시 오정구,가격지수,매매,102.4549
2024-10-14,경기,부천시 오정구,가격지수,매매,102.4877
2024-10-21,경기,부천시 오정구,가격지수,매매,102.4833
2024-10-28,경기,부천시 오정구,가격지수,매매,102.4786
2024-11-04,경기,부천시 오정구,가격지수,매매,102.4248
2024-11-11,경기,부천시 오정구,가격지수,매매,102.3802
2024-11-18,경기,부천시 오정구,가격지수,매매,102.3522
2024-11-25,경기,부천시 오정구,가격지수,매매,102.2635
2024-12-02,경기,부천시 오정구,가격지수,매매,102.2514
2024-12-09,경기,부천시 오정구,가격지수,매매,102.2514
2024-12-16,경기,부천시 오정구,가격지수,매매,102.176
2024-12-23,경기,부천시 오정구,가격지수,매매,102.1504
2024-12-30,경기,부천시 오정구,가격지수,매매,102.0736
2025-01-06,경기,부천시 오정구,가격지수,매매,102.0421
2025-01-13,경기,부천시 오정구,가격지수,매매,102.0264
2025-01-20,경기,부천시 오정구,가격지수,매매,102.0081
2025-02-03,경기,부천시 오정구,가격지수,매매,101.9849
2025-02-10,경기,부천시 오정구,가격지수,매매,101.9565
2025-02-17,경기,부천시 오정구,가격지수,매매,101.9561
2025-02-24,경기,부천시 오정구,가격지수,매매,101.7847
2025-03-03,경기,부천시 오정구,가격지수,매매,101.7773
2025-03-10,경기,부천시 오정구,가격지수,매매,101.7117
2025-03-17,경기,부천시 오정구,가격지수,매매,101.6359
2025-03-24,경기,부천시 오정구,가격지수,매매,101.5527
2025-03-31,경기,부천시 오정구,가격지수,매매,101.5142
2025-04-07,경기,부천시 오정구,가격지수,매매,101.5006
2025-04-14,경기,부천시 오정구,가격지수,매매,101.4319
2025-04-21,경기,부천시 오정구,가격지수,매매,101.3849
2025-04-28,경기,부천시 오정구,가격지수,매매,101.3859
2025-05-05,경기,부천시 오정구,가격지수,매매,101.3859
2025-05-12,경기,부천시 오정구,가격지수,매매,101.3596
2025-05-19,경기,부천시 오정구,가격지수,매매,101.3477
2025-05-26,경기,부천시 오정구,가격지수,매매,101.3349
2025-06-02,경기,부천시 오정구,가격지수,매매,101.1851
2025-06-09,경기,부천시 오정구,가격지수,매매,101.1356
2025-06-16,경기,부천시 오정구,가격지수,매매,101.1269
2025-06-23,경기,부천시 오정구,가격지수,매매,101.0822
2025-06-30,경기,부천시 오정구,가격지수,매매,101.0475
2025-07-07,경기,부천시 오정구,가격지수,매매,100.9809
2025-07-14,경기,부천시 오정구,가격지수,매매,100.9538
2025-07-21,경기,부천시 오정구,가격지수,매매,100.8919
2025-07-28,경기,부천시 오정구,가격지수,매매,100.8679
2025-08-04,경기,부천시 오정구,가격지수,매매,100.7852
2025-08-11,경기,부천시 오정구,가격지수,매매,100.7817
2025-08-18,경기,부천시 오정구,가격지수,매매,100.7841
2025-08-25,경기,부천시 오정구,가격지수,매매,100.7825
2025-09-01,경기,부천시 오정구,가격지수,매매,100.6899
2025-09-08,경기,부천시 오정구,가격지수,매매,100.6427
2025-09-15,경기,부천시 오정구,가격지수,매매,100.5196
2025-09-22,경기,부천시 오정구,가격지수,매매,100.3719
2025-09-29,경기,부천시 오정구,가격지수,매매,100.3399
2025-10-13,경기,부천시 오정구,가격지수,매매,100.3203
2025-10-20,경기,부천시 오정구,가격지수,매매,100.262
2025-10-27,경기,부천시 오정구,가격지수,매매,100.2695
2025-11-03,경기,부천시 오정구,가격지수,매매,100.2695
2025-11-10,경기,부천시 오정구,가격지수,매매,100.2294
2025-11-17,경기,부천시 오정구,가격지수,매매,100.2279
2025-11-24,경기,부천시 오정구,가격지수,매매,100.2067
2025-12-01,경기,부천시 오정구,가격지수,매매,100.2036
2025-12-08,경기,부천시 오정구,가격지수,매매,100.1794
2025-12-15,경기,부천시 오정구,가격지수,매매,100.1513
2025-12-22,경기,부천시 오정구,가격지수,매매,100.0421
2025-12-29,경기,부천시 오정구,가격지수,매매,100.02
2026-01-05,경기,부천시 오정구,가격지수,매매,100.0011
2026-01-12,경기,부천시 오정구,가격지수,매매,100.0
2026-01-19,경기,부천시 오정구,가격지수,매매,100.0
2026-01-26,경기,부천시 오정구,가격지수,매매,99.9942
2026-02-02,경기,부천시 오정구,가격지수,매매,100.0981
2026-02-09,경기,부천시 오정구,가격지수,매매,100.0996
2026-02-23,경기,부천시 오정구,가격지수,매매,100.0948
2026-03-02,경기,부천시 오정구,가격지수,매매,100.0842
2026-03-09,경기,부천시 오정구,가격지수,매매,100.0724
2026-03-16,경기,부천시 오정구,가격지수,매매,100.0596
2026-03-23,경기,부천시 오정구,가격지수,매매,100.0255
2026-03-30,경기,부천시 오정구,가격지수,매매,100.0367
2026-04-06,경기,부천시 오정구,가격지수,매매,100.0197
2026-04-13,경기,부천시 오정구,가격지수,매매,99.9931
2026-04-20,경기,부천시 오정구,가격지수,매매,99.9735
2026-04-27,경기,부천시 오정구,가격지수,매매,99.9769
2026-05-04,경기,부천시 오정구,가격지수,매매,99.9769
2026-05-11,경기,부천시 오정구,가격지수,매매,99.9914
2026-05-18,경기,부천시 오정구,가격지수,매매,99.9763
2026-05-25,경기,부천시 오정구,가격지수,매매,99.9353
2026-06-01,경기,부천시 오정구,가격지수,매매,99.936
2026-06-08,경기,부천시 오정구,가격지수,매매,99.9137
2026-06-15,경기,부천시 오정구,가격지수,매매,99.8879
2026-06-22,경기,부천시 오정구,가격지수,매매,99.8763
2024-06-24,경기,부천시 원미구,가격지수,매매,97.2991
2024-07-01,경기,부천시 원미구,가격지수,매매,97.322
2024-07-08,경기,부천시 원미구,가격지수,매매,97.353
2024-07-15,경기,부천시 원미구,가격지수,매매,97.4255
2024-07-22,경기,부천시 원미구,가격지수,매매,97.4786
2024-07-29,경기,부천시 원미구,가격지수,매매,97.4936
2024-08-05,경기,부천시 원미구,가격지수,매매,97.5897
2024-08-12,경기,부천시 원미구,가격지수,매매,97.6011
2024-08-19,경기,부천시 원미구,가격지수,매매,97.6861
2024-08-26,경기,부천시 원미구,가격지수,매매,97.7591
2024-09-02,경기,부천시 원미구,가격지수,매매,97.9368
2024-09-09,경기,부천시 원미구,가격지수,매매,98.043
2024-09-23,경기,부천시 원미구,가격지수,매매,98.074
2024-09-30,경기,부천시 원미구,가격지수,매매,98.1309
2024-10-07,경기,부천시 원미구,가격지수,매매,98.1584
2024-10-14,경기,부천시 원미구,가격지수,매매,98.2201
2024-10-21,경기,부천시 원미구,가격지수,매매,98.2946
2024-10-28,경기,부천시 원미구,가격지수,매매,98.3208
2024-11-04,경기,부천시 원미구,가격지수,매매,98.3685
2024-11-11,경기,부천시 원미구,가격지수,매매,98.3848
2024-11-18,경기,부천시 원미구,가격지수,매매,98.4174
2024-11-25,경기,부천시 원미구,가격지수,매매,98.4346
2024-12-02,경기,부천시 원미구,가격지수,매매,98.4896
2024-12-09,경기,부천시 원미구,가격지수,매매,98.4962
2024-12-16,경기,부천시 원미구,가격지수,매매,98.5259
2024-12-23,경기,부천시 원미구,가격지수,매매,98.573
2024-12-30,경기,부천시 원미구,가격지수,매매,98.64
2025-01-06,경기,부천시 원미구,가격지수,매매,98.6939
2025-01-13,경기,부천시 원미구,가격지수,매매,98.6902
2025-01-20,경기,부천시 원미구,가격지수,매매,98.6851
2025-02-03,경기,부천시 원미구,가격지수,매매,98.6847
2025-02-10,경기,부천시 원미구,가격지수,매매,98.7134
2025-02-17,경기,부천시 원미구,가격지수,매매,98.7234
2025-02-24,경기,부천시 원미구,가격지수,매매,98.7458
2025-03-03,경기,부천시 원미구,가격지수,매매,98.7717
2025-03-10,경기,부천시 원미구,가격지수,매매,98.8036
2025-03-17,경기,부천시 원미구,가격지수,매매,98.8359
2025-03-24,경기,부천시 원미구,가격지수,매매,98.8627
2025-03-31,경기,부천시 원미구,가격지수,매매,98.8764
2025-04-07,경기,부천시 원미구,가격지수,매매,98.9013
2025-04-14,경기,부천시 원미구,가격지수,매매,98.9102
2025-04-21,경기,부천시 원미구,가격지수,매매,98.9292
2025-04-28,경기,부천시 원미구,가격지수,매매,98.941
2025-05-05,경기,부천시 원미구,가격지수,매매,98.9628
2025-05-12,경기,부천시 원미구,가격지수,매매,98.9777
2025-05-19,경기,부천시 원미구,가격지수,매매,99.0031
2025-05-26,경기,부천시 원미구,가격지수,매매,99.005
2025-06-02,경기,부천시 원미구,가격지수,매매,99.0071
2025-06-09,경기,부천시 원미구,가격지수,매매,99.0165
2025-06-16,경기,부천시 원미구,가격지수,매매,99.0402
2025-06-23,경기,부천시 원미구,가격지수,매매,99.0907
2025-06-30,경기,부천시 원미구,가격지수,매매,99.1008
2025-07-07,경기,부천시 원미구,가격지수,매매,99.1233
2025-07-14,경기,부천시 원미구,가격지수,매매,99.1448
2025-07-21,경기,부천시 원미구,가격지수,매매,99.1859
2025-07-28,경기,부천시 원미구,가격지수,매매,99.2059
2025-08-04,경기,부천시 원미구,가격지수,매매,99.2138
2025-08-11,경기,부천시 원미구,가격지수,매매,99.2232
2025-08-18,경기,부천시 원미구,가격지수,매매,99.2387
2025-08-25,경기,부천시 원미구,가격지수,매매,99.2354
2025-09-01,경기,부천시 원미구,가격지수,매매,99.2316
2025-09-08,경기,부천시 원미구,가격지수,매매,99.2779
2025-09-15,경기,부천시 원미구,가격지수,매매,99.2836
2025-09-22,경기,부천시 원미구,가격지수,매매,99.2878
2025-09-29,경기,부천시 원미구,가격지수,매매,99.301
2025-10-13,경기,부천시 원미구,가격지수,매매,99.3345
2025-10-20,경기,부천시 원미구,가격지수,매매,99.3592
2025-10-27,경기,부천시 원미구,가격지수,매매,99.393
2025-11-03,경기,부천시 원미구,가격지수,매매,99.4597
2025-11-10,경기,부천시 원미구,가격지수,매매,99.4853
2025-11-17,경기,부천시 원미구,가격지수,매매,99.4801
2025-11-24,경기,부천시 원미구,가격지수,매매,99.5627
2025-12-01,경기,부천시 원미구,가격지수,매매,99.6493
2025-12-08,경기,부천시 원미구,가격지수,매매,99.7697
2025-12-15,경기,부천시 원미구,가격지수,매매,99.8389
2025-12-22,경기,부천시 원미구,가격지수,매매,99.8835
2025-12-29,경기,부천시 원미구,가격지수,매매,99.9406
2026-01-05,경기,부천시 원미구,가격지수,매매,99.9752
2026-01-12,경기,부천시 원미구,가격지수,매매,100.0
2026-01-19,경기,부천시 원미구,가격지수,매매,100.0365
2026-01-26,경기,부천시 원미구,가격지수,매매,100.0967
2026-02-02,경기,부천시 원미구,가격지수,매매,100.1289
2026-02-09,경기,부천시 원미구,가격지수,매매,100.2158
2026-02-23,경기,부천시 원미구,가격지수,매매,100.255
2026-03-02,경기,부천시 원미구,가격지수,매매,100.349
2026-03-09,경기,부천시 원미구,가격지수,매매,100.4867
2026-03-16,경기,부천시 원미구,가격지수,매매,100.5338
2026-03-23,경기,부천시 원미구,가격지수,매매,100.6451
2026-03-30,경기,부천시 원미구,가격지수,매매,100.681
2026-04-06,경기,부천시 원미구,가격지수,매매,100.7305
2026-04-13,경기,부천시 원미구,가격지수,매매,100.8126
2026-04-20,경기,부천시 원미구,가격지수,매매,100.942
2026-04-27,경기,부천시 원미구,가격지수,매매,101.0201
2026-05-04,경기,부천시 원미구,가격지수,매매,101.0899
2026-05-11,경기,부천시 원미구,가격지수,매매,101.1522
2026-05-18,경기,부천시 원미구,가격지수,매매,101.2316
2026-05-25,경기,부천시 원미구,가격지수,매매,101.3149
2026-06-01,경기,부천시 원미구,가격지수,매매,101.3897
2026-06-08,경기,부천시 원미구,가격지수,매매,101.5908
2026-06-15,경기,부천시 원미구,가격지수,매매,101.7271
2026-06-22,경기,부천시 원미구,가격지수,매매,101.8691
2024-06-24,경기,성남시,가격지수,매매,81.6692
2024-07-01,경기,성남시,가격지수,매매,81.8027
2024-07-08,경기,성남시,가격지수,매매,81.9207
2024-07-15,경기,성남시,가격지수,매매,82.0914
2024-07-22,경기,성남시,가격지수,매매,82.2569
2024-07-29,경기,성남시,가격지수,매매,82.4484
2024-08-05,경기,성남시,가격지수,매매,82.5331
2024-08-12,경기,성남시,가격지수,매매,82.7663
2024-08-19,경기,성남시,가격지수,매매,82.9902
2024-08-26,경기,성남시,가격지수,매매,83.2388
2024-09-02,경기,성남시,가격지수,매매,83.4077
2024-09-09,경기,성남시,가격지수,매매,83.5452
2024-09-23,경기,성남시,가격지수,매매,83.7321
2024-09-30,경기,성남시,가격지수,매매,83.7954
2024-10-07,경기,성남시,가격지수,매매,83.9672
2024-10-14,경기,성남시,가격지수,매매,84.0291
2024-10-21,경기,성남시,가격지수,매매,84.135
2024-10-28,경기,성남시,가격지수,매매,84.2246
2024-11-04,경기,성남시,가격지수,매매,84.2803
2024-11-11,경기,성남시,가격지수,매매,84.3254
2024-11-18,경기,성남시,가격지수,매매,84.3692
2024-11-25,경기,성남시,가격지수,매매,84.4142
2024-12-02,경기,성남시,가격지수,매매,84.512
2024-12-09,경기,성남시,가격지수,매매,84.5846
2024-12-16,경기,성남시,가격지수,매매,84.6341
2024-12-23,경기,성남시,가격지수,매매,84.6659
2024-12-30,경기,성남시,가격지수,매매,84.6899
2025-01-06,경기,성남시,가격지수,매매,84.6989
2025-01-13,경기,성남시,가격지수,매매,84.7131
2025-01-20,경기,성남시,가격지수,매매,84.7381
2025-02-03,경기,성남시,가격지수,매매,84.7365
2025-02-10,경기,성남시,가격지수,매매,84.8131
2025-02-17,경기,성남시,가격지수,매매,84.834
2025-02-24,경기,성남시,가격지수,매매,84.8679
2025-03-03,경기,성남시,가격지수,매매,84.9183
2025-03-10,경기,성남시,가격지수,매매,85.0044
2025-03-17,경기,성남시,가격지수,매매,85.1336
2025-03-24,경기,성남시,가격지수,매매,85.2489
2025-03-31,경기,성남시,가격지수,매매,85.355
2025-04-07,경기,성남시,가격지수,매매,85.447
2025-04-14,경기,성남시,가격지수,매매,85.5407
2025-04-21,경기,성남시,가격지수,매매,85.6532
2025-04-28,경기,성남시,가격지수,매매,85.7701
2025-05-05,경기,성남시,가격지수,매매,85.8228
2025-05-12,경기,성남시,가격지수,매매,86.0151
2025-05-19,경기,성남시,가격지수,매매,86.1922
2025-05-26,경기,성남시,가격지수,매매,86.3926
2025-06-02,경기,성남시,가격지수,매매,86.5853
2025-06-09,경기,성남시,가격지수,매매,86.9404
2025-06-16,경기,성남시,가격지수,매매,87.3864
2025-06-23,경기,성남시,가격지수,매매,87.9623
2025-06-30,경기,성남시,가격지수,매매,88.2538
2025-07-07,경기,성남시,가격지수,매매,88.4693
2025-07-14,경기,성남시,가격지수,매매,88.6858
2025-07-21,경기,성남시,가격지수,매매,88.9095
2025-07-28,경기,성남시,가격지수,매매,89.0056
2025-08-04,경기,성남시,가격지수,매매,89.0945
2025-08-11,경기,성남시,가격지수,매매,89.2498
2025-08-18,경기,성남시,가격지수,매매,89.3952
2025-08-25,경기,성남시,가격지수,매매,89.6196
2025-09-01,경기,성남시,가격지수,매매,89.7644
2025-09-08,경기,성남시,가격지수,매매,90.0442
2025-09-15,경기,성남시,가격지수,매매,90.5372
2025-09-22,경기,성남시,가격지수,매매,91.3134
2025-09-29,경기,성남시,가격지수,매매,92.2835
2025-10-13,경기,성남시,가격지수,매매,93.4488
2025-10-20,경기,성남시,가격지수,매매,94.621
2025-10-27,경기,성남시,가격지수,매매,95.5307
2025-11-03,경기,성남시,가격지수,매매,95.93
2025-11-10,경기,성남시,가격지수,매매,96.4908
2025-11-17,경기,성남시,가격지수,매매,97.1012
2025-11-24,경기,성남시,가격지수,매매,97.4024
2025-12-01,경기,성남시,가격지수,매매,97.7164
2025-12-08,경기,성남시,가격지수,매매,98.1167
2025-12-15,경기,성남시,가격지수,매매,98.4278
2025-12-22,경기,성남시,가격지수,매매,98.7787
2025-12-29,경기,성남시,가격지수,매매,99.2296
2026-01-05,경기,성남시,가격지수,매매,99.5906
2026-01-12,경기,성남시,가격지수,매매,100.0
2026-01-19,경기,성남시,가격지수,매매,100.654
2026-01-26,경기,성남시,가격지수,매매,101.0886
2026-02-02,경기,성남시,가격지수,매매,101.7522
2026-02-09,경기,성남시,가격지수,매매,102.289
2026-02-23,경기,성남시,가격지수,매매,102.7549
2026-03-02,경기,성남시,가격지수,매매,103.1167
2026-03-09,경기,성남시,가격지수,매매,103.6838
2026-03-16,경기,성남시,가격지수,매매,104.0165
2026-03-23,경기,성남시,가격지수,매매,104.3404
2026-03-30,경기,성남시,가격지수,매매,104.7586
2026-04-06,경기,성남시,가격지수,매매,105.111
2026-04-13,경기,성남시,가격지수,매매,105.3318
2026-04-20,경기,성남시,가격지수,매매,105.7496
2026-04-27,경기,성남시,가격지수,매매,106.036
2026-05-04,경기,성남시,가격지수,매매,106.3528
2026-05-11,경기,성남시,가격지수,매매,106.696
2026-05-18,경기,성남시,가격지수,매매,106.9918
2026-05-25,경기,성남시,가격지수,매매,107.2454
2026-06-01,경기,성남시,가격지수,매매,107.4814
2026-06-08,경기,성남시,가격지수,매매,107.8628
2026-06-15,경기,성남시,가격지수,매매,108.1059
2026-06-22,경기,성남시,가격지수,매매,108.4879
2024-06-24,경기,성남시 분당구,가격지수,매매,78.4592
2024-07-01,경기,성남시 분당구,가격지수,매매,78.6247
2024-07-08,경기,성남시 분당구,가격지수,매매,78.7818
2024-07-15,경기,성남시 분당구,가격지수,매매,78.9424
2024-07-22,경기,성남시 분당구,가격지수,매매,79.1099
2024-07-29,경기,성남시 분당구,가격지수,매매,79.2511
2024-08-05,경기,성남시 분당구,가격지수,매매,79.336
2024-08-12,경기,성남시 분당구,가격지수,매매,79.5546
2024-08-19,경기,성남시 분당구,가격지수,매매,79.7497
2024-08-26,경기,성남시 분당구,가격지수,매매,79.9404
2024-09-02,경기,성남시 분당구,가격지수,매매,80.135
2024-09-09,경기,성남시 분당구,가격지수,매매,80.2684
2024-09-23,경기,성남시 분당구,가격지수,매매,80.3977
2024-09-30,경기,성남시 분당구,가격지수,매매,80.4436
2024-10-07,경기,성남시 분당구,가격지수,매매,80.6189
2024-10-14,경기,성남시 분당구,가격지수,매매,80.6775
2024-10-21,경기,성남시 분당구,가격지수,매매,80.8134
2024-10-28,경기,성남시 분당구,가격지수,매매,80.9109
2024-11-04,경기,성남시 분당구,가격지수,매매,80.9766
2024-11-11,경기,성남시 분당구,가격지수,매매,81.0251
2024-11-18,경기,성남시 분당구,가격지수,매매,81.0752
2024-11-25,경기,성남시 분당구,가격지수,매매,81.1235
2024-12-02,경기,성남시 분당구,가격지수,매매,81.2597
2024-12-09,경기,성남시 분당구,가격지수,매매,81.3603
2024-12-16,경기,성남시 분당구,가격지수,매매,81.4291
2024-12-23,경기,성남시 분당구,가격지수,매매,81.4757
2024-12-30,경기,성남시 분당구,가격지수,매매,81.5214
2025-01-06,경기,성남시 분당구,가격지수,매매,81.5344
2025-01-13,경기,성남시 분당구,가격지수,매매,81.556
2025-01-20,경기,성남시 분당구,가격지수,매매,81.5938
2025-02-03,경기,성남시 분당구,가격지수,매매,81.6
2025-02-10,경기,성남시 분당구,가격지수,매매,81.6991
2025-02-17,경기,성남시 분당구,가격지수,매매,81.7155
2025-02-24,경기,성남시 분당구,가격지수,매매,81.7601
2025-03-03,경기,성남시 분당구,가격지수,매매,81.8097
2025-03-10,경기,성남시 분당구,가격지수,매매,81.9063
2025-03-17,경기,성남시 분당구,가격지수,매매,82.0774
2025-03-24,경기,성남시 분당구,가격지수,매매,82.2242
2025-03-31,경기,성남시 분당구,가격지수,매매,82.3623
2025-04-07,경기,성남시 분당구,가격지수,매매,82.4781
2025-04-14,경기,성남시 분당구,가격지수,매매,82.5979
2025-04-21,경기,성남시 분당구,가격지수,매매,82.7476
2025-04-28,경기,성남시 분당구,가격지수,매매,82.8762
2025-05-05,경기,성남시 분당구,가격지수,매매,82.9421
2025-05-12,경기,성남시 분당구,가격지수,매매,83.1134
2025-05-19,경기,성남시 분당구,가격지수,매매,83.3303
2025-05-26,경기,성남시 분당구,가격지수,매매,83.5844
2025-06-02,경기,성남시 분당구,가격지수,매매,83.8374
2025-06-09,경기,성남시 분당구,가격지수,매매,84.3138
2025-06-16,경기,성남시 분당구,가격지수,매매,84.9085
2025-06-23,경기,성남시 분당구,가격지수,매매,85.6478
2025-06-30,경기,성남시 분당구,가격지수,매매,85.9872
2025-07-07,경기,성남시 분당구,가격지수,매매,86.2082
2025-07-14,경기,성남시 분당구,가격지수,매매,86.4442
2025-07-21,경기,성남시 분당구,가격지수,매매,86.654
2025-07-28,경기,성남시 분당구,가격지수,매매,86.772
2025-08-04,경기,성남시 분당구,가격지수,매매,86.8571
2025-08-11,경기,성남시 분당구,가격지수,매매,87.0568
2025-08-18,경기,성남시 분당구,가격지수,매매,87.2509
2025-08-25,경기,성남시 분당구,가격지수,매매,87.4824
2025-09-01,경기,성남시 분당구,가격지수,매매,87.6444
2025-09-08,경기,성남시 분당구,가격지수,매매,87.9898
2025-09-15,경기,성남시 분당구,가격지수,매매,88.5998
2025-09-22,경기,성남시 분당구,가격지수,매매,89.6292
2025-09-29,경기,성남시 분당구,가격지수,매매,90.8366
2025-10-13,경기,성남시 분당구,가격지수,매매,92.2297
2025-10-20,경기,성남시 분당구,가격지수,매매,93.5342
2025-10-27,경기,성남시 분당구,가격지수,매매,94.547
2025-11-03,경기,성남시 분당구,가격지수,매매,95.076
2025-11-10,경기,성남시 분당구,가격지수,매매,95.7428
2025-11-17,경기,성남시 분당구,가격지수,매매,96.57
2025-11-24,경기,성남시 분당구,가격지수,매매,96.9857
2025-12-01,경기,성남시 분당구,가격지수,매매,97.3853
2025-12-08,경기,성남시 분당구,가격지수,매매,97.8486
2025-12-15,경기,성남시 분당구,가격지수,매매,98.1682
2025-12-22,경기,성남시 분당구,가격지수,매매,98.6658
2025-12-29,경기,성남시 분당구,가격지수,매매,99.1523
2026-01-05,경기,성남시 분당구,가격지수,매매,99.5372
2026-01-12,경기,성남시 분당구,가격지수,매매,100.0
2026-01-19,경기,성남시 분당구,가격지수,매매,100.6631
2026-01-26,경기,성남시 분당구,가격지수,매매,101.1495
2026-02-02,경기,성남시 분당구,가격지수,매매,101.875
2026-02-09,경기,성남시 분당구,가격지수,매매,102.3855
2026-02-23,경기,성남시 분당구,가격지수,매매,102.8623
2026-03-02,경기,성남시 분당구,가격지수,매매,103.2201
2026-03-09,경기,성남시 분당구,가격지수,매매,103.805
2026-03-16,경기,성남시 분당구,가격지수,매매,104.0894
2026-03-23,경기,성남시 분당구,가격지수,매매,104.2766
2026-03-30,경기,성남시 분당구,가격지수,매매,104.7286
2026-04-06,경기,성남시 분당구,가격지수,매매,105.0864
2026-04-13,경기,성남시 분당구,가격지수,매매,105.2441
2026-04-20,경기,성남시 분당구,가격지수,매매,105.6031
2026-04-27,경기,성남시 분당구,가격지수,매매,105.8313
2026-05-04,경기,성남시 분당구,가격지수,매매,106.1188
2026-05-11,경기,성남시 분당구,가격지수,매매,106.3622
2026-05-18,경기,성남시 분당구,가격지수,매매,106.5684
2026-05-25,경기,성남시 분당구,가격지수,매매,106.7701
2026-06-01,경기,성남시 분당구,가격지수,매매,107.0386
2026-06-08,경기,성남시 분당구,가격지수,매매,107.325
2026-06-15,경기,성남시 분당구,가격지수,매매,107.5436
2026-06-22,경기,성남시 분당구,가격지수,매매,107.8847
2024-06-24,경기,성남시 수정구,가격지수,매매,85.8124
2024-07-01,경기,성남시 수정구,가격지수,매매,85.9502
2024-07-08,경기,성남시 수정구,가격지수,매매,85.9891
2024-07-15,경기,성남시 수정구,가격지수,매매,86.2983
2024-07-22,경기,성남시 수정구,가격지수,매매,86.5678
2024-07-29,경기,성남시 수정구,가격지수,매매,86.9874
2024-08-05,경기,성남시 수정구,가격지수,매매,87.1332
2024-08-12,경기,성남시 수정구,가격지수,매매,87.4097
2024-08-19,경기,성남시 수정구,가격지수,매매,87.8418
2024-08-26,경기,성남시 수정구,가격지수,매매,88.3737
2024-09-02,경기,성남시 수정구,가격지수,매매,88.5381
2024-09-09,경기,성남시 수정구,가격지수,매매,88.8199
2024-09-23,경기,성남시 수정구,가격지수,매매,89.2422
2024-09-30,경기,성남시 수정구,가격지수,매매,89.3184
2024-10-07,경기,성남시 수정구,가격지수,매매,89.6384
2024-10-14,경기,성남시 수정구,가격지수,매매,89.7445
2024-10-21,경기,성남시 수정구,가격지수,매매,89.7867
2024-10-28,경기,성남시 수정구,가격지수,매매,89.801
2024-11-04,경기,성남시 수정구,가격지수,매매,89.8198
2024-11-11,경기,성남시 수정구,가격지수,매매,89.8594
2024-11-18,경기,성남시 수정구,가격지수,매매,89.8645
2024-11-25,경기,성남시 수정구,가격지수,매매,89.8645
2024-12-02,경기,성남시 수정구,가격지수,매매,89.8727
2024-12-09,경기,성남시 수정구,가격지수,매매,89.8686
2024-12-16,경기,성남시 수정구,가격지수,매매,89.8744
2024-12-23,경기,성남시 수정구,가격지수,매매,89.8645
2024-12-30,경기,성남시 수정구,가격지수,매매,89.8605
2025-01-06,경기,성남시 수정구,가격지수,매매,89.8595
2025-01-13,경기,성남시 수정구,가격지수,매매,89.8595
2025-01-20,경기,성남시 수정구,가격지수,매매,89.8679
2025-02-03,경기,성남시 수정구,가격지수,매매,89.8679
2025-02-10,경기,성남시 수정구,가격지수,매매,89.917
2025-02-17,경기,성남시 수정구,가격지수,매매,89.9373
2025-02-24,경기,성남시 수정구,가격지수,매매,89.9398
2025-03-03,경기,성남시 수정구,가격지수,매매,90.0365
2025-03-10,경기,성남시 수정구,가격지수,매매,90.1698
2025-03-17,경기,성남시 수정구,가격지수,매매,90.2462
2025-03-24,경기,성남시 수정구,가격지수,매매,90.3261
2025-03-31,경기,성남시 수정구,가격지수,매매,90.3969
2025-04-07,경기,성남시 수정구,가격지수,매매,90.4583
2025-04-14,경기,성남시 수정구,가격지수,매매,90.4956
2025-04-21,경기,성남시 수정구,가격지수,매매,90.4924
2025-04-28,경기,성남시 수정구,가격지수,매매,90.5895
2025-05-05,경기,성남시 수정구,가격지수,매매,90.5895
2025-05-12,경기,성남시 수정구,가격지수,매매,90.6827
2025-05-19,경기,성남시 수정구,가격지수,매매,90.7058
2025-05-26,경기,성남시 수정구,가격지수,매매,90.8101
2025-06-02,경기,성남시 수정구,가격지수,매매,90.8494
2025-06-09,경기,성남시 수정구,가격지수,매매,90.9522
2025-06-16,경기,성남시 수정구,가격지수,매매,91.1164
2025-06-23,경기,성남시 수정구,가격지수,매매,91.2941
2025-06-30,경기,성남시 수정구,가격지수,매매,91.5585
2025-07-07,경기,성남시 수정구,가격지수,매매,91.8116
2025-07-14,경기,성남시 수정구,가격지수,매매,92.0629
2025-07-21,경기,성남시 수정구,가격지수,매매,92.3079
2025-07-28,경기,성남시 수정구,가격지수,매매,92.3858
2025-08-04,경기,성남시 수정구,가격지수,매매,92.5183
2025-08-11,경기,성남시 수정구,가격지수,매매,92.5402
2025-08-18,경기,성남시 수정구,가격지수,매매,92.5954
2025-08-25,경기,성남시 수정구,가격지수,매매,92.8416
2025-09-01,경기,성남시 수정구,가격지수,매매,92.9928
2025-09-08,경기,성남시 수정구,가격지수,매매,93.22
2025-09-15,경기,성남시 수정구,가격지수,매매,93.5989
2025-09-22,경기,성남시 수정구,가격지수,매매,93.782
2025-09-29,경기,성남시 수정구,가격지수,매매,94.3773
2025-10-13,경기,성남시 수정구,가격지수,매매,95.2887
2025-10-20,경기,성남시 수정구,가격지수,매매,96.7377
2025-10-27,경기,성남시 수정구,가격지수,매매,97.6788
2025-11-03,경기,성남시 수정구,가격지수,매매,97.8209
2025-11-10,경기,성남시 수정구,가격지수,매매,98.0594
2025-11-17,경기,성남시 수정구,가격지수,매매,98.2359
2025-11-24,경기,성남시 수정구,가격지수,매매,98.2529
2025-12-01,경기,성남시 수정구,가격지수,매매,98.4356
2025-12-08,경기,성남시 수정구,가격지수,매매,98.8091
2025-12-15,경기,성남시 수정구,가격지수,매매,99.0105
2025-12-22,경기,성남시 수정구,가격지수,매매,99.0707
2025-12-29,경기,성남시 수정구,가격지수,매매,99.5129
2026-01-05,경기,성남시 수정구,가격지수,매매,99.6521
2026-01-12,경기,성남시 수정구,가격지수,매매,100.0
2026-01-19,경기,성남시 수정구,가격지수,매매,100.6513
2026-01-26,경기,성남시 수정구,가격지수,매매,100.8673
2026-02-02,경기,성남시 수정구,가격지수,매매,101.2936
2026-02-09,경기,성남시 수정구,가격지수,매매,101.99
2026-02-23,경기,성남시 수정구,가격지수,매매,102.186
2026-03-02,경기,성남시 수정구,가격지수,매매,102.3075
2026-03-09,경기,성남시 수정구,가격지수,매매,102.8979
2026-03-16,경기,성남시 수정구,가격지수,매매,103.1943
2026-03-23,경기,성남시 수정구,가격지수,매매,103.8771
2026-03-30,경기,성남시 수정구,가격지수,매매,104.1921
2026-04-06,경기,성남시 수정구,가격지수,매매,104.2427
2026-04-13,경기,성남시 수정구,가격지수,매매,104.4609
2026-04-20,경기,성남시 수정구,가격지수,매매,105.1308
2026-04-27,경기,성남시 수정구,가격지수,매매,105.3676
2026-05-04,경기,성남시 수정구,가격지수,매매,105.5633
2026-05-11,경기,성남시 수정구,가격지수,매매,106.0829
2026-05-18,경기,성남시 수정구,가격지수,매매,106.6932
2026-05-25,경기,성남시 수정구,가격지수,매매,107.0694
2026-06-01,경기,성남시 수정구,가격지수,매매,107.2524
2026-06-08,경기,성남시 수정구,가격지수,매매,107.6967
2026-06-15,경기,성남시 수정구,가격지수,매매,107.998
2026-06-22,경기,성남시 수정구,가격지수,매매,108.4104
2024-06-24,경기,성남시 중원구,가격지수,매매,91.1645
2024-07-01,경기,성남시 중원구,가격지수,매매,91.1221
2024-07-08,경기,성남시 중원구,가격지수,매매,91.1107
2024-07-15,경기,성남시 중원구,가격지수,매매,91.1904
2024-07-22,경기,성남시 중원구,가격지수,매매,91.2544
2024-07-29,경기,성남시 중원구,가격지수,매매,91.4753
2024-08-05,경기,성남시 중원구,가격지수,매매,91.5053
2024-08-12,경기,성남시 중원구,가격지수,매매,91.7635
2024-08-19,경기,성남시 중원구,가격지수,매매,91.9389
2024-08-26,경기,성남시 중원구,가격지수,매매,92.2063
2024-09-02,경기,성남시 중원구,가격지수,매매,92.2615
2024-09-09,경기,성남시 중원구,가격지수,매매,92.2956
2024-09-23,경기,성남시 중원구,가격지수,매매,92.5422
2024-09-30,경기,성남시 중원구,가격지수,매매,92.6712
2024-10-07,경기,성남시 중원구,가격지수,매매,92.7019
2024-10-14,경기,성남시 중원구,가격지수,매매,92.741
2024-10-21,경기,성남시 중원구,가격지수,매매,92.764
2024-10-28,경기,성남시 중원구,가격지수,매매,92.8786
2024-11-04,경기,성남시 중원구,가격지수,매매,92.9193
2024-11-11,경기,성남시 중원구,가격지수,매매,92.9528
2024-11-18,경기,성남시 중원구,가격지수,매매,92.9992
2024-11-25,경기,성남시 중원구,가격지수,매매,93.0659
2024-12-02,경기,성남시 중원구,가격지수,매매,93.0643
2024-12-09,경기,성남시 중원구,가격지수,매매,93.075
2024-12-16,경기,성남시 중원구,가격지수,매매,93.0738
2024-12-23,경기,성남시 중원구,가격지수,매매,93.0738
2024-12-30,경기,성남시 중원구,가격지수,매매,93.0243
2025-01-06,경기,성남시 중원구,가격지수,매매,93.0234
2025-01-13,경기,성남시 중원구,가격지수,매매,93.0165
2025-01-20,경기,성남시 중원구,가격지수,매매,92.998
2025-02-03,경기,성남시 중원구,가격지수,매매,92.9606
2025-02-10,경기,성남시 중원구,가격지수,매매,92.9586
2025-02-17,경기,성남시 중원구,가격지수,매매,92.9996
2025-02-24,경기,성남시 중원구,가격지수,매매,93.0109
2025-03-03,경기,성남시 중원구,가격지수,매매,93.0266
2025-03-10,경기,성남시 중원구,가격지수,매매,93.026
2025-03-17,경기,성남시 중원구,가격지수,매매,93.0113
2025-03-24,경기,성남시 중원구,가격지수,매매,93.0149
2025-03-31,경기,성남시 중원구,가격지수,매매,93.0067
2025-04-07,경기,성남시 중원구,가격지수,매매,93.018
2025-04-14,경기,성남시 중원구,가격지수,매매,93.0412
2025-04-21,경기,성남시 중원구,가격지수,매매,93.0833
2025-04-28,경기,성남시 중원구,가격지수,매매,93.1635
2025-05-05,경기,성남시 중원구,가격지수,매매,93.2086
2025-05-12,경기,성남시 중원구,가격지수,매매,93.5855
2025-05-19,경기,성남시 중원구,가격지수,매매,93.7345
2025-05-26,경기,성남시 중원구,가격지수,매매,93.7901
2025-06-02,경기,성남시 중원구,가격지수,매매,93.8654
2025-06-09,경기,성남시 중원구,가격지수,매매,93.9316
2025-06-16,경기,성남시 중원구,가격지수,매매,94.0004
2025-06-23,경기,성남시 중원구,가격지수,매매,94.2501
2025-06-30,경기,성남시 중원구,가격지수,매매,94.3613
2025-07-07,경기,성남시 중원구,가격지수,매매,94.5165
2025-07-14,경기,성남시 중원구,가격지수,매매,94.6159
2025-07-21,경기,성남시 중원구,가격지수,매매,94.8775
2025-07-28,경기,성남시 중원구,가격지수,매매,94.8972
2025-08-04,경기,성남시 중원구,가격지수,매매,94.9596
2025-08-11,경기,성남시 중원구,가격지수,매매,95.054
2025-08-18,경기,성남시 중원구,가격지수,매매,95.0796
2025-08-25,경기,성남시 중원구,가격지수,매매,95.2518
2025-09-01,경기,성남시 중원구,가격지수,매매,95.3177
2025-09-08,경기,성남시 중원구,가격지수,매매,95.3689
2025-09-15,경기,성남시 중원구,가격지수,매매,95.4771
2025-09-22,경기,성남시 중원구,가격지수,매매,95.7586
2025-09-29,경기,성남시 중원구,가격지수,매매,96.1004
2025-10-13,경기,성남시 중원구,가격지수,매매,96.5694
2025-10-20,경기,성남시 중원구,가격지수,매매,96.9385
2025-10-27,경기,성남시 중원구,가격지수,매매,97.402
2025-11-03,경기,성남시 중원구,가격지수,매매,97.5229
2025-11-10,경기,성남시 중원구,가격지수,매매,97.9621
2025-11-17,경기,성남시 중원구,가격지수,매매,98.1172
2025-11-24,경기,성남시 중원구,가격지수,매매,98.2326
2025-12-01,경기,성남시 중원구,가격지수,매매,98.3327
2025-12-08,경기,성남시 중원구,가격지수,매매,98.5106
2025-12-15,경기,성남시 중원구,가격지수,매매,98.8909
2025-12-22,경기,성남시 중원구,가격지수,매매,98.9403
2025-12-29,경기,성남시 중원구,가격지수,매매,99.2605
2026-01-05,경기,성남시 중원구,가격지수,매매,99.7375
2026-01-12,경기,성남시 중원구,가격지수,매매,100.0
2026-01-19,경기,성남시 중원구,가격지수,매매,100.6219
2026-01-26,경기,성남시 중원구,가격지수,매매,101.0656
2026-02-02,경기,성남시 중원구,가격지수,매매,101.7183
2026-02-09,경기,성남시 중원구,가격지수,매매,102.2039
2026-02-23,경기,성남시 중원구,가격지수,매매,102.8829
2026-03-02,경기,성남시 중원구,가격지수,매매,103.4869
2026-03-09,경기,성남시 중원구,가격지수,매매,103.9645
2026-03-16,경기,성남시 중원구,가격지수,매매,104.5149
2026-03-23,경기,성남시 중원구,가격지수,매매,105.017
2026-03-30,경기,성남시 중원구,가격지수,매매,105.4042
2026-04-06,경기,성남시 중원구,가격지수,매매,106.0222
2026-04-13,경기,성남시 중원구,가격지수,매매,106.4852
2026-04-20,경기,성남시 중원구,가격지수,매매,106.8869
2026-04-27,경기,성남시 중원구,가격지수,매매,107.443
2026-05-04,경기,성남시 중원구,가격지수,매매,107.9872
2026-05-11,경기,성남시 중원구,가격지수,매매,108.5445
2026-05-18,경기,성남시 중원구,가격지수,매매,108.8838
2026-05-25,경기,성남시 중원구,가격지수,매매,109.2206
2026-06-01,경기,성남시 중원구,가격지수,매매,109.3815
2026-06-08,경기,성남시 중원구,가격지수,매매,110.0689
2026-06-15,경기,성남시 중원구,가격지수,매매,110.3509
2026-06-22,경기,성남시 중원구,가격지수,매매,110.8621
2024-06-24,경기,수원시,가격지수,매매,95.3798
2024-07-01,경기,수원시,가격지수,매매,95.4301
2024-07-08,경기,수원시,가격지수,매매,95.484
2024-07-15,경기,수원시,가격지수,매매,95.5847
2024-07-22,경기,수원시,가격지수,매매,95.7234
2024-07-29,경기,수원시,가격지수,매매,95.8774
2024-08-05,경기,수원시,가격지수,매매,96.0092
2024-08-12,경기,수원시,가격지수,매매,96.1202
2024-08-19,경기,수원시,가격지수,매매,96.2443
2024-08-26,경기,수원시,가격지수,매매,96.44
2024-09-02,경기,수원시,가격지수,매매,96.6155
2024-09-09,경기,수원시,가격지수,매매,96.7257
2024-09-23,경기,수원시,가격지수,매매,96.8409
2024-09-30,경기,수원시,가격지수,매매,96.9107
2024-10-07,경기,수원시,가격지수,매매,97.0225
2024-10-14,경기,수원시,가격지수,매매,97.1622
2024-10-21,경기,수원시,가격지수,매매,97.2411
2024-10-28,경기,수원시,가격지수,매매,97.2828
2024-11-04,경기,수원시,가격지수,매매,97.3349
2024-11-11,경기,수원시,가격지수,매매,97.3442
2024-11-18,경기,수원시,가격지수,매매,97.3585
2024-11-25,경기,수원시,가격지수,매매,97.3876
2024-12-02,경기,수원시,가격지수,매매,97.3977
2024-12-09,경기,수원시,가격지수,매매,97.4169
2024-12-16,경기,수원시,가격지수,매매,97.4327
2024-12-23,경기,수원시,가격지수,매매,97.4554
2024-12-30,경기,수원시,가격지수,매매,97.4721
2025-01-06,경기,수원시,가격지수,매매,97.4833
2025-01-13,경기,수원시,가격지수,매매,97.4473
2025-01-20,경기,수원시,가격지수,매매,97.4342
2025-02-03,경기,수원시,가격지수,매매,97.4225
2025-02-10,경기,수원시,가격지수,매매,97.4119
2025-02-17,경기,수원시,가격지수,매매,97.4261
2025-02-24,경기,수원시,가격지수,매매,97.4363
2025-03-03,경기,수원시,가격지수,매매,97.4591
2025-03-10,경기,수원시,가격지수,매매,97.4803
2025-03-17,경기,수원시,가격지수,매매,97.4944
2025-03-24,경기,수원시,가격지수,매매,97.5201
2025-03-31,경기,수원시,가격지수,매매,97.5118
2025-04-07,경기,수원시,가격지수,매매,97.4925
2025-04-14,경기,수원시,가격지수,매매,97.4876
2025-04-21,경기,수원시,가격지수,매매,97.4874
2025-04-28,경기,수원시,가격지수,매매,97.4886
2025-05-05,경기,수원시,가격지수,매매,97.5069
2025-05-12,경기,수원시,가격지수,매매,97.5159
2025-05-19,경기,수원시,가격지수,매매,97.5089
2025-05-26,경기,수원시,가격지수,매매,97.519
2025-06-02,경기,수원시,가격지수,매매,97.5516
2025-06-09,경기,수원시,가격지수,매매,97.5821
2025-06-16,경기,수원시,가격지수,매매,97.6498
2025-06-23,경기,수원시,가격지수,매매,97.7567
2025-06-30,경기,수원시,가격지수,매매,97.823
2025-07-07,경기,수원시,가격지수,매매,97.8651
2025-07-14,경기,수원시,가격지수,매매,97.9185
2025-07-21,경기,수원시,가격지수,매매,97.954
2025-07-28,경기,수원시,가격지수,매매,98.0001
2025-08-04,경기,수원시,가격지수,매매,98.0408
2025-08-11,경기,수원시,가격지수,매매,98.0739
2025-08-18,경기,수원시,가격지수,매매,98.1041
2025-08-25,경기,수원시,가격지수,매매,98.1423
2025-09-01,경기,수원시,가격지수,매매,98.1581
2025-09-08,경기,수원시,가격지수,매매,98.2425
2025-09-15,경기,수원시,가격지수,매매,98.3173
2025-09-22,경기,수원시,가격지수,매매,98.3631
2025-09-29,경기,수원시,가격지수,매매,98.4376
2025-10-13,경기,수원시,가격지수,매매,98.5057
2025-10-20,경기,수원시,가격지수,매매,98.7424
2025-10-27,경기,수원시,가격지수,매매,98.8944
2025-11-03,경기,수원시,가격지수,매매,99.0161
2025-11-10,경기,수원시,가격지수,매매,99.0967
2025-11-17,경기,수원시,가격지수,매매,99.2187
2025-11-24,경기,수원시,가격지수,매매,99.3188
2025-12-01,경기,수원시,가격지수,매매,99.4007
2025-12-08,경기,수원시,가격지수,매매,99.4692
2025-12-15,경기,수원시,가격지수,매매,99.5865
2025-12-22,경기,수원시,가격지수,매매,99.6964
2025-12-29,경기,수원시,가격지수,매매,99.8024
2026-01-05,경기,수원시,가격지수,매매,99.9064
2026-01-12,경기,수원시,가격지수,매매,100.0
2026-01-19,경기,수원시,가격지수,매매,100.1575
2026-01-26,경기,수원시,가격지수,매매,100.3193
2026-02-02,경기,수원시,가격지수,매매,100.5033
2026-02-09,경기,수원시,가격지수,매매,100.6228
2026-02-23,경기,수원시,가격지수,매매,100.8689
2026-03-02,경기,수원시,가격지수,매매,101.0389
2026-03-09,경기,수원시,가격지수,매매,101.2901
2026-03-16,경기,수원시,가격지수,매매,101.5045
2026-03-23,경기,수원시,가격지수,매매,101.7099
2026-03-30,경기,수원시,가격지수,매매,101.9052
2026-04-06,경기,수원시,가격지수,매매,102.1075
2026-04-13,경기,수원시,가격지수,매매,102.2952
2026-04-20,경기,수원시,가격지수,매매,102.4752
2026-04-27,경기,수원시,가격지수,매매,102.5852
2026-05-04,경기,수원시,가격지수,매매,102.7361
2026-05-11,경기,수원시,가격지수,매매,102.9816
2026-05-18,경기,수원시,가격지수,매매,103.1476
2026-05-25,경기,수원시,가격지수,매매,103.2887
2026-06-01,경기,수원시,가격지수,매매,103.5303
2026-06-08,경기,수원시,가격지수,매매,103.8569
2026-06-15,경기,수원시,가격지수,매매,104.1066
2026-06-22,경기,수원시,가격지수,매매,104.3047
2024-06-24,경기,수원시 권선구,가격지수,매매,97.6309
2024-07-01,경기,수원시 권선구,가격지수,매매,97.6825
2024-07-08,경기,수원시 권선구,가격지수,매매,97.7447
2024-07-15,경기,수원시 권선구,가격지수,매매,97.8462
2024-07-22,경기,수원시 권선구,가격지수,매매,98.0214
2024-07-29,경기,수원시 권선구,가격지수,매매,98.2058
2024-08-05,경기,수원시 권선구,가격지수,매매,98.3691
2024-08-12,경기,수원시 권선구,가격지수,매매,98.5245
2024-08-19,경기,수원시 권선구,가격지수,매매,98.6378
2024-08-26,경기,수원시 권선구,가격지수,매매,98.8343
2024-09-02,경기,수원시 권선구,가격지수,매매,99.0388
2024-09-09,경기,수원시 권선구,가격지수,매매,99.1526
2024-09-23,경기,수원시 권선구,가격지수,매매,99.2157
2024-09-30,경기,수원시 권선구,가격지수,매매,99.2957
2024-10-07,경기,수원시 권선구,가격지수,매매,99.422
2024-10-14,경기,수원시 권선구,가격지수,매매,99.4662
2024-10-21,경기,수원시 권선구,가격지수,매매,99.5107
2024-10-28,경기,수원시 권선구,가격지수,매매,99.5358
2024-11-04,경기,수원시 권선구,가격지수,매매,99.5629
2024-11-11,경기,수원시 권선구,가격지수,매매,99.5779
2024-11-18,경기,수원시 권선구,가격지수,매매,99.596
2024-11-25,경기,수원시 권선구,가격지수,매매,99.6332
2024-12-02,경기,수원시 권선구,가격지수,매매,99.6375
2024-12-09,경기,수원시 권선구,가격지수,매매,99.6682
2024-12-16,경기,수원시 권선구,가격지수,매매,99.6997
2024-12-23,경기,수원시 권선구,가격지수,매매,99.7092
2024-12-30,경기,수원시 권선구,가격지수,매매,99.776
2025-01-06,경기,수원시 권선구,가격지수,매매,99.7566
2025-01-13,경기,수원시 권선구,가격지수,매매,99.6697
2025-01-20,경기,수원시 권선구,가격지수,매매,99.589
2025-02-03,경기,수원시 권선구,가격지수,매매,99.5351
2025-02-10,경기,수원시 권선구,가격지수,매매,99.5142
2025-02-17,경기,수원시 권선구,가격지수,매매,99.5005
2025-02-24,경기,수원시 권선구,가격지수,매매,99.4894
2025-03-03,경기,수원시 권선구,가격지수,매매,99.4952
2025-03-10,경기,수원시 권선구,가격지수,매매,99.4733
2025-03-17,경기,수원시 권선구,가격지수,매매,99.4645
2025-03-24,경기,수원시 권선구,가격지수,매매,99.4527
2025-03-31,경기,수원시 권선구,가격지수,매매,99.4198
2025-04-07,경기,수원시 권선구,가격지수,매매,99.3722
2025-04-14,경기,수원시 권선구,가격지수,매매,99.3278
2025-04-21,경기,수원시 권선구,가격지수,매매,99.3139
2025-04-28,경기,수원시 권선구,가격지수,매매,99.3038
2025-05-05,경기,수원시 권선구,가격지수,매매,99.3114
2025-05-12,경기,수원시 권선구,가격지수,매매,99.3007
2025-05-19,경기,수원시 권선구,가격지수,매매,99.2863
2025-05-26,경기,수원시 권선구,가격지수,매매,99.257
2025-06-02,경기,수원시 권선구,가격지수,매매,99.2411
2025-06-09,경기,수원시 권선구,가격지수,매매,99.2496
2025-06-16,경기,수원시 권선구,가격지수,매매,99.2222
2025-06-23,경기,수원시 권선구,가격지수,매매,99.198
2025-06-30,경기,수원시 권선구,가격지수,매매,99.2001
2025-07-07,경기,수원시 권선구,가격지수,매매,99.2048
2025-07-14,경기,수원시 권선구,가격지수,매매,99.2222
2025-07-21,경기,수원시 권선구,가격지수,매매,99.2359
2025-07-28,경기,수원시 권선구,가격지수,매매,99.2427
2025-08-04,경기,수원시 권선구,가격지수,매매,99.2243
2025-08-11,경기,수원시 권선구,가격지수,매매,99.2262
2025-08-18,경기,수원시 권선구,가격지수,매매,99.2301
2025-08-25,경기,수원시 권선구,가격지수,매매,99.2339
2025-09-01,경기,수원시 권선구,가격지수,매매,99.2084
2025-09-08,경기,수원시 권선구,가격지수,매매,99.2134
2025-09-15,경기,수원시 권선구,가격지수,매매,99.2258
2025-09-22,경기,수원시 권선구,가격지수,매매,99.2153
2025-09-29,경기,수원시 권선구,가격지수,매매,99.2165
2025-10-13,경기,수원시 권선구,가격지수,매매,99.2254
2025-10-20,경기,수원시 권선구,가격지수,매매,99.2335
2025-10-27,경기,수원시 권선구,가격지수,매매,99.2619
2025-11-03,경기,수원시 권선구,가격지수,매매,99.277
2025-11-10,경기,수원시 권선구,가격지수,매매,99.3073
2025-11-17,경기,수원시 권선구,가격지수,매매,99.3809
2025-11-24,경기,수원시 권선구,가격지수,매매,99.4184
2025-12-01,경기,수원시 권선구,가격지수,매매,99.5211
2025-12-08,경기,수원시 권선구,가격지수,매매,99.5529
2025-12-15,경기,수원시 권선구,가격지수,매매,99.6157
2025-12-22,경기,수원시 권선구,가격지수,매매,99.7378
2025-12-29,경기,수원시 권선구,가격지수,매매,99.8214
2026-01-05,경기,수원시 권선구,가격지수,매매,99.9568
2026-01-12,경기,수원시 권선구,가격지수,매매,100.0
2026-01-19,경기,수원시 권선구,가격지수,매매,100.2609
2026-01-26,경기,수원시 권선구,가격지수,매매,100.4542
2026-02-02,경기,수원시 권선구,가격지수,매매,100.581
2026-02-09,경기,수원시 권선구,가격지수,매매,100.7012
2026-02-23,경기,수원시 권선구,가격지수,매매,100.9297
2026-03-02,경기,수원시 권선구,가격지수,매매,101.0121
2026-03-09,경기,수원시 권선구,가격지수,매매,101.1537
2026-03-16,경기,수원시 권선구,가격지수,매매,101.3275
2026-03-23,경기,수원시 권선구,가격지수,매매,101.508
2026-03-30,경기,수원시 권선구,가격지수,매매,101.6529
2026-04-06,경기,수원시 권선구,가격지수,매매,101.7557
2026-04-13,경기,수원시 권선구,가격지수,매매,101.8739
2026-04-20,경기,수원시 권선구,가격지수,매매,101.9597
2026-04-27,경기,수원시 권선구,가격지수,매매,102.0639
2026-05-04,경기,수원시 권선구,가격지수,매매,102.1813
2026-05-11,경기,수원시 권선구,가격지수,매매,102.4633
2026-05-18,경기,수원시 권선구,가격지수,매매,102.6156
2026-05-25,경기,수원시 권선구,가격지수,매매,102.7266
2026-06-01,경기,수원시 권선구,가격지수,매매,102.842
2026-06-08,경기,수원시 권선구,가격지수,매매,102.9864
2026-06-15,경기,수원시 권선구,가격지수,매매,103.1838
2026-06-22,경기,수원시 권선구,가격지수,매매,103.4088
2024-06-24,경기,수원시 영통구,가격지수,매매,93.4571
2024-07-01,경기,수원시 영통구,가격지수,매매,93.5157
2024-07-08,경기,수원시 영통구,가격지수,매매,93.59
2024-07-15,경기,수원시 영통구,가격지수,매매,93.6918
2024-07-22,경기,수원시 영통구,가격지수,매매,93.8354
2024-07-29,경기,수원시 영통구,가격지수,매매,94.0098
2024-08-05,경기,수원시 영통구,가격지수,매매,94.1894
2024-08-12,경기,수원시 영통구,가격지수,매매,94.2729
2024-08-19,경기,수원시 영통구,가격지수,매매,94.4518
2024-08-26,경기,수원시 영통구,가격지수,매매,94.6315
2024-09-02,경기,수원시 영통구,가격지수,매매,94.7728
2024-09-09,경기,수원시 영통구,가격지수,매매,94.9333
2024-09-23,경기,수원시 영통구,가격지수,매매,95.0737
2024-09-30,경기,수원시 영통구,가격지수,매매,95.1755
2024-10-07,경기,수원시 영통구,가격지수,매매,95.2614
2024-10-14,경기,수원시 영통구,가격지수,매매,95.5004
2024-10-21,경기,수원시 영통구,가격지수,매매,95.5833
2024-10-28,경기,수원시 영통구,가격지수,매매,95.6442
2024-11-04,경기,수원시 영통구,가격지수,매매,95.7257
2024-11-11,경기,수원시 영통구,가격지수,매매,95.7341
2024-11-18,경기,수원시 영통구,가격지수,매매,95.7333
2024-11-25,경기,수원시 영통구,가격지수,매매,95.7388
2024-12-02,경기,수원시 영통구,가격지수,매매,95.7433
2024-12-09,경기,수원시 영통구,가격지수,매매,95.7752
2024-12-16,경기,수원시 영통구,가격지수,매매,95.7853
2024-12-23,경기,수원시 영통구,가격지수,매매,95.793
2024-12-30,경기,수원시 영통구,가격지수,매매,95.7945
2025-01-06,경기,수원시 영통구,가격지수,매매,95.7949
2025-01-13,경기,수원시 영통구,가격지수,매매,95.7946
2025-01-20,경기,수원시 영통구,가격지수,매매,95.819
2025-02-03,경기,수원시 영통구,가격지수,매매,95.8378
2025-02-10,경기,수원시 영통구,가격지수,매매,95.8234
2025-02-17,경기,수원시 영통구,가격지수,매매,95.892
2025-02-24,경기,수원시 영통구,가격지수,매매,95.8845
2025-03-03,경기,수원시 영통구,가격지수,매매,95.8979
2025-03-10,경기,수원시 영통구,가격지수,매매,95.9194
2025-03-17,경기,수원시 영통구,가격지수,매매,95.9396
2025-03-24,경기,수원시 영통구,가격지수,매매,95.9749
2025-03-31,경기,수원시 영통구,가격지수,매매,95.9733
2025-04-07,경기,수원시 영통구,가격지수,매매,95.9748
2025-04-14,경기,수원시 영통구,가격지수,매매,95.9916
2025-04-21,경기,수원시 영통구,가격지수,매매,96.0154
2025-04-28,경기,수원시 영통구,가격지수,매매,96.0216
2025-05-05,경기,수원시 영통구,가격지수,매매,96.0216
2025-05-12,경기,수원시 영통구,가격지수,매매,96.0864
2025-05-19,경기,수원시 영통구,가격지수,매매,96.1047
2025-05-26,경기,수원시 영통구,가격지수,매매,96.156
2025-06-02,경기,수원시 영통구,가격지수,매매,96.2518
2025-06-09,경기,수원시 영통구,가격지수,매매,96.2776
2025-06-16,경기,수원시 영통구,가격지수,매매,96.4059
2025-06-23,경기,수원시 영통구,가격지수,매매,96.6046
2025-06-30,경기,수원시 영통구,가격지수,매매,96.6638
2025-07-07,경기,수원시 영통구,가격지수,매매,96.744
2025-07-14,경기,수원시 영통구,가격지수,매매,96.814
2025-07-21,경기,수원시 영통구,가격지수,매매,96.8522
2025-07-28,경기,수원시 영통구,가격지수,매매,96.9152
2025-08-04,경기,수원시 영통구,가격지수,매매,96.9724
2025-08-11,경기,수원시 영통구,가격지수,매매,97.0103
2025-08-18,경기,수원시 영통구,가격지수,매매,97.0612
2025-08-25,경기,수원시 영통구,가격지수,매매,97.1032
2025-09-01,경기,수원시 영통구,가격지수,매매,97.1543
2025-09-08,경기,수원시 영통구,가격지수,매매,97.2629
2025-09-15,경기,수원시 영통구,가격지수,매매,97.4089
2025-09-22,경기,수원시 영통구,가격지수,매매,97.4939
2025-09-29,경기,수원시 영통구,가격지수,매매,97.6143
2025-10-13,경기,수원시 영통구,가격지수,매매,97.7304
2025-10-20,경기,수원시 영통구,가격지수,매매,98.161
2025-10-27,경기,수원시 영통구,가격지수,매매,98.4235
2025-11-03,경기,수원시 영통구,가격지수,매매,98.6595
2025-11-10,경기,수원시 영통구,가격지수,매매,98.789
2025-11-17,경기,수원시 영통구,가격지수,매매,98.8834
2025-11-24,경기,수원시 영통구,가격지수,매매,99.0436
2025-12-01,경기,수원시 영통구,가격지수,매매,99.12
2025-12-08,경기,수원시 영통구,가격지수,매매,99.2523
2025-12-15,경기,수원시 영통구,가격지수,매매,99.4728
2025-12-22,경기,수원시 영통구,가격지수,매매,99.5923
2025-12-29,경기,수원시 영통구,가격지수,매매,99.7496
2026-01-05,경기,수원시 영통구,가격지수,매매,99.8728
2026-01-12,경기,수원시 영통구,가격지수,매매,100.0
2026-01-19,경기,수원시 영통구,가격지수,매매,100.1901
2026-01-26,경기,수원시 영통구,가격지수,매매,100.3619
2026-02-02,경기,수원시 영통구,가격지수,매매,100.5634
2026-02-09,경기,수원시 영통구,가격지수,매매,100.684
2026-02-23,경기,수원시 영통구,가격지수,매매,100.8536
2026-03-02,경기,수원시 영통구,가격지수,매매,101.0421
2026-03-09,경기,수원시 영통구,가격지수,매매,101.4267
2026-03-16,경기,수원시 영통구,가격지수,매매,101.6506
2026-03-23,경기,수원시 영통구,가격지수,매매,101.9751
2026-03-30,경기,수원시 영통구,가격지수,매매,102.1953
2026-04-06,경기,수원시 영통구,가격지수,매매,102.4816
2026-04-13,경기,수원시 영통구,가격지수,매매,102.7032
2026-04-20,경기,수원시 영통구,가격지수,매매,102.9264
2026-04-27,경기,수원시 영통구,가격지수,매매,103.0514
2026-05-04,경기,수원시 영통구,가격지수,매매,103.276
2026-05-11,경기,수원시 영통구,가격지수,매매,103.4861
2026-05-18,경기,수원시 영통구,가격지수,매매,103.6548
2026-05-25,경기,수원시 영통구,가격지수,매매,103.8134
2026-06-01,경기,수원시 영통구,가격지수,매매,104.0608
2026-06-08,경기,수원시 영통구,가격지수,매매,104.441
2026-06-15,경기,수원시 영통구,가격지수,매매,104.657
2026-06-22,경기,수원시 영통구,가격지수,매매,104.9025
2024-06-24,경기,수원시 장안구,가격지수,매매,94.7826
2024-07-01,경기,수원시 장안구,가격지수,매매,94.8412
2024-07-08,경기,수원시 장안구,가격지수,매매,94.8804
2024-07-15,경기,수원시 장안구,가격지수,매매,94.9631
2024-07-22,경기,수원시 장안구,가격지수,매매,95.1165
2024-07-29,경기,수원시 장안구,가격지수,매매,95.2919
2024-08-05,경기,수원시 장안구,가격지수,매매,95.3864
2024-08-12,경기,수원시 장안구,가격지수,매매,95.4841
2024-08-19,경기,수원시 장안구,가격지수,매매,95.546
2024-08-26,경기,수원시 장안구,가격지수,매매,95.8337
2024-09-02,경기,수원시 장안구,가격지수,매매,96.0233
2024-09-09,경기,수원시 장안구,가격지수,매매,96.067
2024-09-23,경기,수원시 장안구,가격지수,매매,96.205
2024-09-30,경기,수원시 장안구,가격지수,매매,96.2424
2024-10-07,경기,수원시 장안구,가격지수,매매,96.4085
2024-10-14,경기,수원시 장안구,가격지수,매매,96.5578
2024-10-21,경기,수원시 장안구,가격지수,매매,96.7223
2024-10-28,경기,수원시 장안구,가격지수,매매,96.7964
2024-11-04,경기,수원시 장안구,가격지수,매매,96.8615
2024-11-11,경기,수원시 장안구,가격지수,매매,96.9042
2024-11-18,경기,수원시 장안구,가격지수,매매,96.9715
2024-11-25,경기,수원시 장안구,가격지수,매매,97.0519
2024-12-02,경기,수원시 장안구,가격지수,매매,97.0994
2024-12-09,경기,수원시 장안구,가격지수,매매,97.1039
2024-12-16,경기,수원시 장안구,가격지수,매매,97.128
2024-12-23,경기,수원시 장안구,가격지수,매매,97.2124
2024-12-30,경기,수원시 장안구,가격지수,매매,97.2272
2025-01-06,경기,수원시 장안구,가격지수,매매,97.3042
2025-01-13,경기,수원시 장안구,가격지수,매매,97.2397
2025-01-20,경기,수원시 장안구,가격지수,매매,97.2482
2025-02-03,경기,수원시 장안구,가격지수,매매,97.2392
2025-02-10,경기,수원시 장안구,가격지수,매매,97.2563
2025-02-17,경기,수원시 장안구,가격지수,매매,97.2344
2025-02-24,경기,수원시 장안구,가격지수,매매,97.3149
2025-03-03,경기,수원시 장안구,가격지수,매매,97.3689
2025-03-10,경기,수원시 장안구,가격지수,매매,97.463
2025-03-17,경기,수원시 장안구,가격지수,매매,97.5048
2025-03-24,경기,수원시 장안구,가격지수,매매,97.565
2025-03-31,경기,수원시 장안구,가격지수,매매,97.566
2025-04-07,경기,수원시 장안구,가격지수,매매,97.5669
2025-04-14,경기,수원시 장안구,가격지수,매매,97.5801
2025-04-21,경기,수원시 장안구,가격지수,매매,97.6074
2025-04-28,경기,수원시 장안구,가격지수,매매,97.6382
2025-05-05,경기,수원시 장안구,가격지수,매매,97.6812
2025-05-12,경기,수원시 장안구,가격지수,매매,97.65
2025-05-19,경기,수원시 장안구,가격지수,매매,97.6126
2025-05-26,경기,수원시 장안구,가격지수,매매,97.5959
2025-06-02,경기,수원시 장안구,가격지수,매매,97.5931
2025-06-09,경기,수원시 장안구,가격지수,매매,97.6405
2025-06-16,경기,수원시 장안구,가격지수,매매,97.7081
2025-06-23,경기,수원시 장안구,가격지수,매매,97.7992
2025-06-30,경기,수원시 장안구,가격지수,매매,97.9194
2025-07-07,경기,수원시 장안구,가격지수,매매,97.9645
2025-07-14,경기,수원시 장안구,가격지수,매매,97.9798
2025-07-21,경기,수원시 장안구,가격지수,매매,98.0296
2025-07-28,경기,수원시 장안구,가격지수,매매,98.0428
2025-08-04,경기,수원시 장안구,가격지수,매매,98.1324
2025-08-11,경기,수원시 장안구,가격지수,매매,98.2146
2025-08-18,경기,수원시 장안구,가격지수,매매,98.2552
2025-08-25,경기,수원시 장안구,가격지수,매매,98.3195
2025-09-01,경기,수원시 장안구,가격지수,매매,98.3218
2025-09-08,경기,수원시 장안구,가격지수,매매,98.5028
2025-09-15,경기,수원시 장안구,가격지수,매매,98.5531
2025-09-22,경기,수원시 장안구,가격지수,매매,98.5895
2025-09-29,경기,수원시 장안구,가격지수,매매,98.6335
2025-10-13,경기,수원시 장안구,가격지수,매매,98.6618
2025-10-20,경기,수원시 장안구,가격지수,매매,98.8681
2025-10-27,경기,수원시 장안구,가격지수,매매,98.974
2025-11-03,경기,수원시 장안구,가격지수,매매,99.0442
2025-11-10,경기,수원시 장안구,가격지수,매매,99.1096
2025-11-17,경기,수원시 장안구,가격지수,매매,99.3713
2025-11-24,경기,수원시 장안구,가격지수,매매,99.5125
2025-12-01,경기,수원시 장안구,가격지수,매매,99.6194
2025-12-08,경기,수원시 장안구,가격지수,매매,99.6474
2025-12-15,경기,수원시 장안구,가격지수,매매,99.7269
2025-12-22,경기,수원시 장안구,가격지수,매매,99.7968
2025-12-29,경기,수원시 장안구,가격지수,매매,99.8386
2026-01-05,경기,수원시 장안구,가격지수,매매,99.8776
2026-01-12,경기,수원시 장안구,가격지수,매매,100.0
2026-01-19,경기,수원시 장안구,가격지수,매매,100.0741
2026-01-26,경기,수원시 장안구,가격지수,매매,100.1447
2026-02-02,경기,수원시 장안구,가격지수,매매,100.232
2026-02-09,경기,수원시 장안구,가격지수,매매,100.2989
2026-02-23,경기,수원시 장안구,가격지수,매매,100.4982
2026-03-02,경기,수원시 장안구,가격지수,매매,100.6594
2026-03-09,경기,수원시 장안구,가격지수,매매,100.8708
2026-03-16,경기,수원시 장안구,가격지수,매매,101.079
2026-03-23,경기,수원시 장안구,가격지수,매매,101.2241
2026-03-30,경기,수원시 장안구,가격지수,매매,101.3911
2026-04-06,경기,수원시 장안구,가격지수,매매,101.6008
2026-04-13,경기,수원시 장안구,가격지수,매매,101.7293
2026-04-20,경기,수원시 장안구,가격지수,매매,101.9396
2026-04-27,경기,수원시 장안구,가격지수,매매,101.9976
2026-05-04,경기,수원시 장안구,가격지수,매매,102.0753
2026-05-11,경기,수원시 장안구,가격지수,매매,102.2881
2026-05-18,경기,수원시 장안구,가격지수,매매,102.4568
2026-05-25,경기,수원시 장안구,가격지수,매매,102.5809
2026-06-01,경기,수원시 장안구,가격지수,매매,102.7889
2026-06-08,경기,수원시 장안구,가격지수,매매,103.1372
2026-06-15,경기,수원시 장안구,가격지수,매매,103.4332
2026-06-22,경기,수원시 장안구,가격지수,매매,103.5709
2024-06-24,경기,수원시 팔달구,가격지수,매매,96.748
2024-07-01,경기,수원시 팔달구,가격지수,매매,96.7585
2024-07-08,경기,수원시 팔달구,가격지수,매매,96.7636
2024-07-15,경기,수원시 팔달구,가격지수,매매,96.8878
2024-07-22,경기,수원시 팔달구,가격지수,매매,96.9149
2024-07-29,경기,수원시 팔달구,가격지수,매매,96.9176
2024-08-05,경기,수원시 팔달구,가격지수,매매,96.9157
2024-08-12,경기,수원시 팔달구,가격지수,매매,97.0286
2024-08-19,경기,수원시 팔달구,가격지수,매매,97.1279
2024-08-26,경기,수원시 팔달구,가격지수,매매,97.2142
2024-09-02,경기,수원시 팔달구,가격지수,매매,97.398
2024-09-09,경기,수원시 팔달구,가격지수,매매,97.4725
2024-09-23,경기,수원시 팔달구,가격지수,매매,97.5923
2024-09-30,경기,수원시 팔달구,가격지수,매매,97.6065
2024-10-07,경기,수원시 팔달구,가격지수,매매,97.6685
2024-10-14,경기,수원시 팔달구,가격지수,매매,97.7253
2024-10-21,경기,수원시 팔달구,가격지수,매매,97.7252
2024-10-28,경기,수원시 팔달구,가격지수,매매,97.6985
2024-11-04,경기,수원시 팔달구,가격지수,매매,97.7026
2024-11-11,경기,수원시 팔달구,가격지수,매매,97.6491
2024-11-18,경기,수원시 팔달구,가격지수,매매,97.6101
2024-11-25,경기,수원시 팔달구,가격지수,매매,97.602
2024-12-02,경기,수원시 팔달구,가격지수,매매,97.5794
2024-12-09,경기,수원시 팔달구,가격지수,매매,97.5634
2024-12-16,경기,수원시 팔달구,가격지수,매매,97.5487
2024-12-23,경기,수원시 팔달구,가격지수,매매,97.5398
2024-12-30,경기,수원시 팔달구,가격지수,매매,97.4942
2025-01-06,경기,수원시 팔달구,가격지수,매매,97.4934
2025-01-13,경기,수원시 팔달구,가격지수,매매,97.5149
2025-01-20,경기,수원시 팔달구,가격지수,매매,97.5098
2025-02-03,경기,수원시 팔달구,가격지수,매매,97.5013
2025-02-10,경기,수원시 팔달구,가격지수,매매,97.4777
2025-02-17,경기,수원시 팔달구,가격지수,매매,97.4632
2025-02-24,경기,수원시 팔달구,가격지수,매매,97.4532
2025-03-03,경기,수원시 팔달구,가격지수,매매,97.4867
2025-03-10,경기,수원시 팔달구,가격지수,매매,97.4813
2025-03-17,경기,수원시 팔달구,가격지수,매매,97.4829
2025-03-24,경기,수원시 팔달구,가격지수,매매,97.5072
2025-03-31,경기,수원시 팔달구,가격지수,매매,97.5174
2025-04-07,경기,수원시 팔달구,가격지수,매매,97.4688
2025-04-14,경기,수원시 팔달구,가격지수,매매,97.4597
2025-04-21,경기,수원시 팔달구,가격지수,매매,97.3786
2025-04-28,경기,수원시 팔달구,가격지수,매매,97.3427
2025-05-05,경기,수원시 팔달구,가격지수,매매,97.3942
2025-05-12,경기,수원시 팔달구,가격지수,매매,97.3596
2025-05-19,경기,수원시 팔달구,가격지수,매매,97.348
2025-05-26,경기,수원시 팔달구,가격지수,매매,97.3707
2025-06-02,경기,수원시 팔달구,가격지수,매매,97.3913
2025-06-09,경기,수원시 팔달구,가격지수,매매,97.4524
2025-06-16,경기,수원시 팔달구,가격지수,매매,97.5556
2025-06-23,경기,수원시 팔달구,가격지수,매매,97.7134
2025-06-30,경기,수원시 팔달구,가격지수,매매,97.8433
2025-07-07,경기,수원시 팔달구,가격지수,매매,97.8584
2025-07-14,경기,수원시 팔달구,가격지수,매매,97.9976
2025-07-21,경기,수원시 팔달구,가격지수,매매,98.047
2025-07-28,경기,수원시 팔달구,가격지수,매매,98.177
2025-08-04,경기,수원시 팔달구,가격지수,매매,98.2195
2025-08-11,경기,수원시 팔달구,가격지수,매매,98.2298
2025-08-18,경기,수원시 팔달구,가격지수,매매,98.2443
2025-08-25,경기,수원시 팔달구,가격지수,매매,98.3013
2025-09-01,경기,수원시 팔달구,가격지수,매매,98.3303
2025-09-08,경기,수원시 팔달구,가격지수,매매,98.3673
2025-09-15,경기,수원시 팔달구,가격지수,매매,98.4238
2025-09-22,경기,수원시 팔달구,가격지수,매매,98.4961
2025-09-29,경기,수원시 팔달구,가격지수,매매,98.6453
2025-10-13,경기,수원시 팔달구,가격지수,매매,98.7689
2025-10-20,경기,수원시 팔달구,가격지수,매매,99.0182
2025-10-27,경기,수원시 팔달구,가격지수,매매,99.2074
2025-11-03,경기,수원시 팔달구,가격지수,매매,99.3323
2025-11-10,경기,수원시 팔달구,가격지수,매매,99.4133
2025-11-17,경기,수원시 팔달구,가격지수,매매,99.4927
2025-11-24,경기,수원시 팔달구,가격지수,매매,99.5067
2025-12-01,경기,수원시 팔달구,가격지수,매매,99.5247
2025-12-08,경기,수원시 팔달구,가격지수,매매,99.567
2025-12-15,경기,수원시 팔달구,가격지수,매매,99.5949
2025-12-22,경기,수원시 팔달구,가격지수,매매,99.7185
2025-12-29,경기,수원시 팔달구,가격지수,매매,99.8399
2026-01-05,경기,수원시 팔달구,가격지수,매매,99.934
2026-01-12,경기,수원시 팔달구,가격지수,매매,100.0
2026-01-19,경기,수원시 팔달구,가격지수,매매,100.0
2026-01-26,경기,수원시 팔달구,가격지수,매매,100.2147
2026-02-02,경기,수원시 팔달구,가격지수,매매,100.6173
2026-02-09,경기,수원시 팔달구,가격지수,매매,100.8136
2026-02-23,경기,수원시 팔달구,가격지수,매매,101.3555
2026-03-02,경기,수원시 팔달구,가격지수,매매,101.6674
2026-03-09,경기,수원시 팔달구,가격지수,매매,101.8671
2026-03-16,경기,수원시 팔달구,가격지수,매매,102.1484
2026-03-23,경기,수원시 팔달구,가격지수,매매,102.2012
2026-03-30,경기,수원시 팔달구,가격지수,매매,102.4795
2026-04-06,경기,수원시 팔달구,가격지수,매매,102.6602
2026-04-13,경기,수원시 팔달구,가격지수,매매,102.9945
2026-04-20,경기,수원시 팔달구,가격지수,매매,103.2097
2026-04-27,경기,수원시 팔달구,가격지수,매매,103.3753
2026-05-04,경기,수원시 팔달구,가격지수,매매,103.526
2026-05-11,경기,수원시 팔달구,가격지수,매매,103.837
2026-05-18,경기,수원시 팔달구,가격지수,매매,104.02
2026-05-25,경기,수원시 팔달구,가격지수,매매,104.2052
2026-06-01,경기,수원시 팔달구,가격지수,매매,104.7388
2026-06-08,경기,수원시 팔달구,가격지수,매매,105.2662
2026-06-15,경기,수원시 팔달구,가격지수,매매,105.632
2026-06-22,경기,수원시 팔달구,가격지수,매매,105.7529
2024-06-24,경기,시흥시,가격지수,매매,101.3853
2024-07-01,경기,시흥시,가격지수,매매,101.3775
2024-07-08,경기,시흥시,가격지수,매매,101.3643
2024-07-15,경기,시흥시,가격지수,매매,101.3654
2024-07-22,경기,시흥시,가격지수,매매,101.3676
2024-07-29,경기,시흥시,가격지수,매매,101.4207
2024-08-05,경기,시흥시,가격지수,매매,101.4322
2024-08-12,경기,시흥시,가격지수,매매,101.511
2024-08-19,경기,시흥시,가격지수,매매,101.5424
2024-08-26,경기,시흥시,가격지수,매매,101.5537
2024-09-02,경기,시흥시,가격지수,매매,101.5654
2024-09-09,경기,시흥시,가격지수,매매,101.582
2024-09-23,경기,시흥시,가격지수,매매,101.6019
2024-09-30,경기,시흥시,가격지수,매매,101.6186
2024-10-07,경기,시흥시,가격지수,매매,101.6542
2024-10-14,경기,시흥시,가격지수,매매,101.6698
2024-10-21,경기,시흥시,가격지수,매매,101.6999
2024-10-28,경기,시흥시,가격지수,매매,101.7186
2024-11-04,경기,시흥시,가격지수,매매,101.7152
2024-11-11,경기,시흥시,가격지수,매매,101.7175
2024-11-18,경기,시흥시,가격지수,매매,101.7133
2024-11-25,경기,시흥시,가격지수,매매,101.7201
2024-12-02,경기,시흥시,가격지수,매매,101.7805
2024-12-09,경기,시흥시,가격지수,매매,101.7874
2024-12-16,경기,시흥시,가격지수,매매,101.7766
2024-12-23,경기,시흥시,가격지수,매매,101.7583
2024-12-30,경기,시흥시,가격지수,매매,101.7423
2025-01-06,경기,시흥시,가격지수,매매,101.7351
2025-01-13,경기,시흥시,가격지수,매매,101.6799
2025-01-20,경기,시흥시,가격지수,매매,101.631
2025-02-03,경기,시흥시,가격지수,매매,101.5682
2025-02-10,경기,시흥시,가격지수,매매,101.5502
2025-02-17,경기,시흥시,가격지수,매매,101.5541
2025-02-24,경기,시흥시,가격지수,매매,101.5445
2025-03-03,경기,시흥시,가격지수,매매,101.5853
2025-03-10,경기,시흥시,가격지수,매매,101.6045
2025-03-17,경기,시흥시,가격지수,매매,101.5841
2025-03-24,경기,시흥시,가격지수,매매,101.5591
2025-03-31,경기,시흥시,가격지수,매매,101.5447
2025-04-07,경기,시흥시,가격지수,매매,101.5259
2025-04-14,경기,시흥시,가격지수,매매,101.4902
2025-04-21,경기,시흥시,가격지수,매매,101.4874
2025-04-28,경기,시흥시,가격지수,매매,101.48
2025-05-05,경기,시흥시,가격지수,매매,101.5007
2025-05-12,경기,시흥시,가격지수,매매,101.4982
2025-05-19,경기,시흥시,가격지수,매매,101.4422
2025-05-26,경기,시흥시,가격지수,매매,101.4159
2025-06-02,경기,시흥시,가격지수,매매,101.3636
2025-06-09,경기,시흥시,가격지수,매매,101.337
2025-06-16,경기,시흥시,가격지수,매매,101.3237
2025-06-23,경기,시흥시,가격지수,매매,101.3181
2025-06-30,경기,시흥시,가격지수,매매,101.2638
2025-07-07,경기,시흥시,가격지수,매매,101.217
2025-07-14,경기,시흥시,가격지수,매매,101.1698
2025-07-21,경기,시흥시,가격지수,매매,101.134
2025-07-28,경기,시흥시,가격지수,매매,101.0818
2025-08-04,경기,시흥시,가격지수,매매,101.0467
2025-08-11,경기,시흥시,가격지수,매매,101.0019
2025-08-18,경기,시흥시,가격지수,매매,100.9442
2025-08-25,경기,시흥시,가격지수,매매,100.8857
2025-09-01,경기,시흥시,가격지수,매매,100.8636
2025-09-08,경기,시흥시,가격지수,매매,100.8142
2025-09-15,경기,시흥시,가격지수,매매,100.7772
2025-09-22,경기,시흥시,가격지수,매매,100.5785
2025-09-29,경기,시흥시,가격지수,매매,100.4384
2025-10-13,경기,시흥시,가격지수,매매,100.3891
2025-10-20,경기,시흥시,가격지수,매매,100.3323
2025-10-27,경기,시흥시,가격지수,매매,100.3134
2025-11-03,경기,시흥시,가격지수,매매,100.3048
2025-11-10,경기,시흥시,가격지수,매매,100.2791
2025-11-17,경기,시흥시,가격지수,매매,100.2657
2025-11-24,경기,시흥시,가격지수,매매,100.2427
2025-12-01,경기,시흥시,가격지수,매매,100.2119
2025-12-08,경기,시흥시,가격지수,매매,100.1672
2025-12-15,경기,시흥시,가격지수,매매,100.1221
2025-12-22,경기,시흥시,가격지수,매매,100.0684
2025-12-29,경기,시흥시,가격지수,매매,100.0512
2026-01-05,경기,시흥시,가격지수,매매,100.0174
2026-01-12,경기,시흥시,가격지수,매매,100.0
2026-01-19,경기,시흥시,가격지수,매매,99.992
2026-01-26,경기,시흥시,가격지수,매매,99.9925
2026-02-02,경기,시흥시,가격지수,매매,99.9691
2026-02-09,경기,시흥시,가격지수,매매,99.9623
2026-02-23,경기,시흥시,가격지수,매매,99.9559
2026-03-02,경기,시흥시,가격지수,매매,99.918
2026-03-09,경기,시흥시,가격지수,매매,99.909
2026-03-16,경기,시흥시,가격지수,매매,99.8966
2026-03-23,경기,시흥시,가격지수,매매,99.898
2026-03-30,경기,시흥시,가격지수,매매,99.8904
2026-04-06,경기,시흥시,가격지수,매매,99.8546
2026-04-13,경기,시흥시,가격지수,매매,99.8314
2026-04-20,경기,시흥시,가격지수,매매,99.8028
2026-04-27,경기,시흥시,가격지수,매매,99.7791
2026-05-04,경기,시흥시,가격지수,매매,99.7479
2026-05-11,경기,시흥시,가격지수,매매,99.6817
2026-05-18,경기,시흥시,가격지수,매매,99.6275
2026-05-25,경기,시흥시,가격지수,매매,99.5263
2026-06-01,경기,시흥시,가격지수,매매,99.5067
2026-06-08,경기,시흥시,가격지수,매매,99.5021
2026-06-15,경기,시흥시,가격지수,매매,99.4989
2026-06-22,경기,시흥시,가격지수,매매,99.4845
2024-06-24,경기,안산시,가격지수,매매,100.3926
2024-07-01,경기,안산시,가격지수,매매,100.337
2024-07-08,경기,안산시,가격지수,매매,100.3439
2024-07-15,경기,안산시,가격지수,매매,100.2739
2024-07-22,경기,안산시,가격지수,매매,100.2766
2024-07-29,경기,안산시,가격지수,매매,100.3015
2024-08-05,경기,안산시,가격지수,매매,100.3263
2024-08-12,경기,안산시,가격지수,매매,100.3796
2024-08-19,경기,안산시,가격지수,매매,100.3991
2024-08-26,경기,안산시,가격지수,매매,100.4038
2024-09-02,경기,안산시,가격지수,매매,100.4313
2024-09-09,경기,안산시,가격지수,매매,100.4443
2024-09-23,경기,안산시,가격지수,매매,100.537
2024-09-30,경기,안산시,가격지수,매매,100.5749
2024-10-07,경기,안산시,가격지수,매매,100.5793
2024-10-14,경기,안산시,가격지수,매매,100.5913
2024-10-21,경기,안산시,가격지수,매매,100.6412
2024-10-28,경기,안산시,가격지수,매매,100.6577
2024-11-04,경기,안산시,가격지수,매매,100.6755
2024-11-11,경기,안산시,가격지수,매매,100.6791
2024-11-18,경기,안산시,가격지수,매매,100.7174
2024-11-25,경기,안산시,가격지수,매매,100.7298
2024-12-02,경기,안산시,가격지수,매매,100.7409
2024-12-09,경기,안산시,가격지수,매매,100.7054
2024-12-16,경기,안산시,가격지수,매매,100.6421
2024-12-23,경기,안산시,가격지수,매매,100.6111
2024-12-30,경기,안산시,가격지수,매매,100.5847
2025-01-06,경기,안산시,가격지수,매매,100.5538
2025-01-13,경기,안산시,가격지수,매매,100.5171
2025-01-20,경기,안산시,가격지수,매매,100.4478
2025-02-03,경기,안산시,가격지수,매매,100.3942
2025-02-10,경기,안산시,가격지수,매매,100.37
2025-02-17,경기,안산시,가격지수,매매,100.3343
2025-02-24,경기,안산시,가격지수,매매,100.2871
2025-03-03,경기,안산시,가격지수,매매,100.2834
2025-03-10,경기,안산시,가격지수,매매,100.2519
2025-03-17,경기,안산시,가격지수,매매,100.2425
2025-03-24,경기,안산시,가격지수,매매,100.2132
2025-03-31,경기,안산시,가격지수,매매,100.1981
2025-04-07,경기,안산시,가격지수,매매,100.1637
2025-04-14,경기,안산시,가격지수,매매,100.092
2025-04-21,경기,안산시,가격지수,매매,100.051
2025-04-28,경기,안산시,가격지수,매매,100.0429
2025-05-05,경기,안산시,가격지수,매매,100.0447
2025-05-12,경기,안산시,가격지수,매매,100.0244
2025-05-19,경기,안산시,가격지수,매매,99.983
2025-05-26,경기,안산시,가격지수,매매,99.9656
2025-06-02,경기,안산시,가격지수,매매,99.9748
2025-06-09,경기,안산시,가격지수,매매,99.952
2025-06-16,경기,안산시,가격지수,매매,99.9409
2025-06-23,경기,안산시,가격지수,매매,99.9537
2025-06-30,경기,안산시,가격지수,매매,99.9768
2025-07-07,경기,안산시,가격지수,매매,99.9681
2025-07-14,경기,안산시,가격지수,매매,99.9608
2025-07-21,경기,안산시,가격지수,매매,99.9606
2025-07-28,경기,안산시,가격지수,매매,99.9457
2025-08-04,경기,안산시,가격지수,매매,99.932
2025-08-11,경기,안산시,가격지수,매매,99.9235
2025-08-18,경기,안산시,가격지수,매매,99.8988
2025-08-25,경기,안산시,가격지수,매매,99.8939
2025-09-01,경기,안산시,가격지수,매매,99.849
2025-09-08,경기,안산시,가격지수,매매,99.8378
2025-09-15,경기,안산시,가격지수,매매,99.8349
2025-09-22,경기,안산시,가격지수,매매,99.8385
2025-09-29,경기,안산시,가격지수,매매,99.8409
2025-10-13,경기,안산시,가격지수,매매,99.8382
2025-10-20,경기,안산시,가격지수,매매,99.8267
2025-10-27,경기,안산시,가격지수,매매,99.8411
2025-11-03,경기,안산시,가격지수,매매,99.8391
2025-11-10,경기,안산시,가격지수,매매,99.8396
2025-11-17,경기,안산시,가격지수,매매,99.8346
2025-11-24,경기,안산시,가격지수,매매,99.8555
2025-12-01,경기,안산시,가격지수,매매,99.8693
2025-12-08,경기,안산시,가격지수,매매,99.8897
2025-12-15,경기,안산시,가격지수,매매,99.9097
2025-12-22,경기,안산시,가격지수,매매,99.935
2025-12-29,경기,안산시,가격지수,매매,99.9477
2026-01-05,경기,안산시,가격지수,매매,99.9885
2026-01-12,경기,안산시,가격지수,매매,100.0
2026-01-19,경기,안산시,가격지수,매매,100.0185
2026-01-26,경기,안산시,가격지수,매매,100.0708
2026-02-02,경기,안산시,가격지수,매매,100.1001
2026-02-09,경기,안산시,가격지수,매매,100.1439
2026-02-23,경기,안산시,가격지수,매매,100.1203
2026-03-02,경기,안산시,가격지수,매매,100.1198
2026-03-09,경기,안산시,가격지수,매매,100.1285
2026-03-16,경기,안산시,가격지수,매매,100.1497
2026-03-23,경기,안산시,가격지수,매매,100.1807
2026-03-30,경기,안산시,가격지수,매매,100.2462
2026-04-06,경기,안산시,가격지수,매매,100.3053
2026-04-13,경기,안산시,가격지수,매매,100.3471
2026-04-20,경기,안산시,가격지수,매매,100.3926
2026-04-27,경기,안산시,가격지수,매매,100.4004
2026-05-04,경기,안산시,가격지수,매매,100.4655
2026-05-11,경기,안산시,가격지수,매매,100.4846
2026-05-18,경기,안산시,가격지수,매매,100.488
2026-05-25,경기,안산시,가격지수,매매,100.4909
2026-06-01,경기,안산시,가격지수,매매,100.5957
2026-06-08,경기,안산시,가격지수,매매,100.6335
2026-06-15,경기,안산시,가격지수,매매,100.6607
2026-06-22,경기,안산시,가격지수,매매,100.7008
2024-06-24,경기,안산시 단원구,가격지수,매매,99.2403
2024-07-01,경기,안산시 단원구,가격지수,매매,99.1872
2024-07-08,경기,안산시 단원구,가격지수,매매,99.22
2024-07-15,경기,안산시 단원구,가격지수,매매,99.1189
2024-07-22,경기,안산시 단원구,가격지수,매매,99.1299
2024-07-29,경기,안산시 단원구,가격지수,매매,99.1787
2024-08-05,경기,안산시 단원구,가격지수,매매,99.2174
2024-08-12,경기,안산시 단원구,가격지수,매매,99.2723
2024-08-19,경기,안산시 단원구,가격지수,매매,99.353
2024-08-26,경기,안산시 단원구,가격지수,매매,99.3791
2024-09-02,경기,안산시 단원구,가격지수,매매,99.4273
2024-09-09,경기,안산시 단원구,가격지수,매매,99.438
2024-09-23,경기,안산시 단원구,가격지수,매매,99.5956
2024-09-30,경기,안산시 단원구,가격지수,매매,99.6605
2024-10-07,경기,안산시 단원구,가격지수,매매,99.666
2024-10-14,경기,안산시 단원구,가격지수,매매,99.7034
2024-10-21,경기,안산시 단원구,가격지수,매매,99.8042
2024-10-28,경기,안산시 단원구,가격지수,매매,99.8341
2024-11-04,경기,안산시 단원구,가격지수,매매,99.8718
2024-11-11,경기,안산시 단원구,가격지수,매매,99.8905
2024-11-18,경기,안산시 단원구,가격지수,매매,99.9288
2024-11-25,경기,안산시 단원구,가격지수,매매,99.9435
2024-12-02,경기,안산시 단원구,가격지수,매매,99.9618
2024-12-09,경기,안산시 단원구,가격지수,매매,99.9526
2024-12-16,경기,안산시 단원구,가격지수,매매,99.9352
2024-12-23,경기,안산시 단원구,가격지수,매매,99.8975
2024-12-30,경기,안산시 단원구,가격지수,매매,99.9015
2025-01-06,경기,안산시 단원구,가격지수,매매,99.8791
2025-01-13,경기,안산시 단원구,가격지수,매매,99.8385
2025-01-20,경기,안산시 단원구,가격지수,매매,99.7399
2025-02-03,경기,안산시 단원구,가격지수,매매,99.6968
2025-02-10,경기,안산시 단원구,가격지수,매매,99.7014
2025-02-17,경기,안산시 단원구,가격지수,매매,99.6652
2025-02-24,경기,안산시 단원구,가격지수,매매,99.6687
2025-03-03,경기,안산시 단원구,가격지수,매매,99.6782
2025-03-10,경기,안산시 단원구,가격지수,매매,99.6619
2025-03-17,경기,안산시 단원구,가격지수,매매,99.6675
2025-03-24,경기,안산시 단원구,가격지수,매매,99.6555
2025-03-31,경기,안산시 단원구,가격지수,매매,99.6439
2025-04-07,경기,안산시 단원구,가격지수,매매,99.6416
2025-04-14,경기,안산시 단원구,가격지수,매매,99.5772
2025-04-21,경기,안산시 단원구,가격지수,매매,99.5568
2025-04-28,경기,안산시 단원구,가격지수,매매,99.5452
2025-05-05,경기,안산시 단원구,가격지수,매매,99.5506
2025-05-12,경기,안산시 단원구,가격지수,매매,99.5363
2025-05-19,경기,안산시 단원구,가격지수,매매,99.5309
2025-05-26,경기,안산시 단원구,가격지수,매매,99.5262
2025-06-02,경기,안산시 단원구,가격지수,매매,99.5406
2025-06-09,경기,안산시 단원구,가격지수,매매,99.5437
2025-06-16,경기,안산시 단원구,가격지수,매매,99.5428
2025-06-23,경기,안산시 단원구,가격지수,매매,99.5924
2025-06-30,경기,안산시 단원구,가격지수,매매,99.6342
2025-07-07,경기,안산시 단원구,가격지수,매매,99.6231
2025-07-14,경기,안산시 단원구,가격지수,매매,99.6197
2025-07-21,경기,안산시 단원구,가격지수,매매,99.6486
2025-07-28,경기,안산시 단원구,가격지수,매매,99.6365
2025-08-04,경기,안산시 단원구,가격지수,매매,99.6377
2025-08-11,경기,안산시 단원구,가격지수,매매,99.6363
2025-08-18,경기,안산시 단원구,가격지수,매매,99.6224
2025-08-25,경기,안산시 단원구,가격지수,매매,99.6119
2025-09-01,경기,안산시 단원구,가격지수,매매,99.6106
2025-09-08,경기,안산시 단원구,가격지수,매매,99.5972
2025-09-15,경기,안산시 단원구,가격지수,매매,99.6081
2025-09-22,경기,안산시 단원구,가격지수,매매,99.6195
2025-09-29,경기,안산시 단원구,가격지수,매매,99.629
2025-10-13,경기,안산시 단원구,가격지수,매매,99.6497
2025-10-20,경기,안산시 단원구,가격지수,매매,99.6592
2025-10-27,경기,안산시 단원구,가격지수,매매,99.6841
2025-11-03,경기,안산시 단원구,가격지수,매매,99.6781
2025-11-10,경기,안산시 단원구,가격지수,매매,99.6855
2025-11-17,경기,안산시 단원구,가격지수,매매,99.7093
2025-11-24,경기,안산시 단원구,가격지수,매매,99.7474
2025-12-01,경기,안산시 단원구,가격지수,매매,99.7733
2025-12-08,경기,안산시 단원구,가격지수,매매,99.819
2025-12-15,경기,안산시 단원구,가격지수,매매,99.848
2025-12-22,경기,안산시 단원구,가격지수,매매,99.8861
2025-12-29,경기,안산시 단원구,가격지수,매매,99.9128
2026-01-05,경기,안산시 단원구,가격지수,매매,99.9564
2026-01-12,경기,안산시 단원구,가격지수,매매,100.0
2026-01-19,경기,안산시 단원구,가격지수,매매,100.0429
2026-01-26,경기,안산시 단원구,가격지수,매매,100.1176
2026-02-02,경기,안산시 단원구,가격지수,매매,100.1551
2026-02-09,경기,안산시 단원구,가격지수,매매,100.2167
2026-02-23,경기,안산시 단원구,가격지수,매매,100.2291
2026-03-02,경기,안산시 단원구,가격지수,매매,100.2454
2026-03-09,경기,안산시 단원구,가격지수,매매,100.2791
2026-03-16,경기,안산시 단원구,가격지수,매매,100.295
2026-03-23,경기,안산시 단원구,가격지수,매매,100.3338
2026-03-30,경기,안산시 단원구,가격지수,매매,100.4261
2026-04-06,경기,안산시 단원구,가격지수,매매,100.5122
2026-04-13,경기,안산시 단원구,가격지수,매매,100.5385
2026-04-20,경기,안산시 단원구,가격지수,매매,100.5831
2026-04-27,경기,안산시 단원구,가격지수,매매,100.5893
2026-05-04,경기,안산시 단원구,가격지수,매매,100.6731
2026-05-11,경기,안산시 단원구,가격지수,매매,100.7016
2026-05-18,경기,안산시 단원구,가격지수,매매,100.7188
2026-05-25,경기,안산시 단원구,가격지수,매매,100.728
2026-06-01,경기,안산시 단원구,가격지수,매매,100.8835
2026-06-08,경기,안산시 단원구,가격지수,매매,100.9554
2026-06-15,경기,안산시 단원구,가격지수,매매,101.0029
2026-06-22,경기,안산시 단원구,가격지수,매매,101.0545
2024-06-24,경기,안산시 상록구,가격지수,매매,102.0042
2024-07-01,경기,안산시 상록구,가격지수,매매,101.9452
2024-07-08,경기,안산시 상록구,가격지수,매매,101.9164
2024-07-15,경기,안산시 상록구,가격지수,매매,101.889
2024-07-22,경기,안산시 상록구,가격지수,매매,101.8805
2024-07-29,경기,안산시 상록구,가격지수,매매,101.8725
2024-08-05,경기,안산시 상록구,가격지수,매매,101.878
2024-08-12,경기,안산시 상록구,가격지수,매매,101.9294
2024-08-19,경기,안산시 상록구,가격지수,매매,101.8644
2024-08-26,경기,안산시 상록구,가격지수,매매,101.8398
2024-09-02,경기,안산시 상록구,가격지수,매매,101.8388
2024-09-09,경기,안산시 상록구,가격지수,매매,101.855
2024-09-23,경기,안산시 상록구,가격지수,매매,101.8585
2024-09-30,경기,안산시 상록구,가격지수,매매,101.8591
2024-10-07,경기,안산시 상록구,가격지수,매매,101.8621
2024-10-14,경기,안산시 상록구,가격지수,매매,101.8389
2024-10-21,경기,안산시 상록구,가격지수,매매,101.8187
2024-10-28,경기,안산시 상록구,가격지수,매매,101.8165
2024-11-04,경기,안산시 상록구,가격지수,매매,101.8069
2024-11-11,경기,안산시 상록구,가격지수,매매,101.7897
2024-11-18,경기,안산시 상록구,가격지수,매매,101.828
2024-11-25,경기,안산시 상록구,가격지수,매매,101.8373
2024-12-02,경기,안산시 상록구,가격지수,매매,101.8386
2024-12-09,경기,안산시 상록구,가격지수,매매,101.7667
2024-12-16,경기,안산시 상록구,가격지수,매매,101.6404
2024-12-23,경기,안산시 상록구,가격지수,매매,101.6183
2024-12-30,경기,안산시 상록구,가격지수,매매,101.5502
2025-01-06,경기,안산시 상록구,가격지수,매매,101.5075
2025-01-13,경기,안산시 상록구,가격지수,매매,101.4762
2025-01-20,경기,안산시 상록구,가격지수,매매,101.4472
2025-02-03,경기,안산시 상록구,가격지수,매매,101.379
2025-02-10,경기,안산시 상록구,가격지수,매매,101.3145
2025-02-17,경기,안산시 상록구,가격지수,매매,101.2793
2025-02-24,경기,안산시 상록구,가격지수,매매,101.16
2025-03-03,경기,안산시 상록구,가격지수,매매,101.1378
2025-03-10,경기,안산시 상록구,가격지수,매매,101.0846
2025-03-17,경기,안산시 상록구,가격지수,매매,101.0538
2025-03-24,경기,안산시 상록구,가격지수,매매,100.9999
2025-03-31,경기,안산시 상록구,가격지수,매매,100.98
2025-04-07,경기,안산시 상록구,가격지수,매매,100.9002
2025-04-14,경기,안산시 상록구,가격지수,매매,100.818
2025-04-21,경기,안산시 상록구,가격지수,매매,100.7479
2025-04-28,경기,안산시 상록구,가격지수,매매,100.7448
2025-05-05,경기,안산시 상록구,가격지수,매매,100.7415
2025-05-12,경기,안산시 상록구,가격지수,매매,100.7126
2025-05-19,경기,안산시 상록구,가격지수,매매,100.6203
2025-05-26,경기,안산시 상록구,가격지수,매매,100.5849
2025-06-02,경기,안산시 상록구,가격지수,매매,100.587
2025-06-09,경기,안산시 상록구,가격지수,매매,100.5273
2025-06-16,경기,안산시 상록구,가격지수,매매,100.5017
2025-06-23,경기,안산시 상록구,가격지수,매매,100.4625
2025-06-30,경기,안산시 상록구,가격지수,매매,100.4592
2025-07-07,경기,안산시 상록구,가격지수,매매,100.454
2025-07-14,경기,안산시 상록구,가격지수,매매,100.4412
2025-07-21,경기,안산시 상록구,가격지수,매매,100.3998
2025-07-28,경기,안산시 상록구,가격지수,매매,100.3808
2025-08-04,경기,안산시 상록구,가격지수,매매,100.3461
2025-08-11,경기,안산시 상록구,가격지수,매매,100.3278
2025-08-18,경기,안산시 상록구,가격지수,매매,100.2876
2025-08-25,경기,안산시 상록구,가격지수,매매,100.2907
2025-09-01,경기,안산시 상록구,가격지수,매매,100.1841
2025-09-08,경기,안산시 상록구,가격지수,매매,100.1762
2025-09-15,경기,안산시 상록구,가격지수,매매,100.1538
2025-09-22,경기,안산시 상록구,가격지수,매매,100.1463
2025-09-29,경기,안산시 상록구,가격지수,매매,100.1388
2025-10-13,경기,안산시 상록구,가격지수,매매,100.1031
2025-10-20,경기,안산시 상록구,가격지수,매매,100.0622
2025-10-27,경기,안산시 상록구,가격지수,매매,100.0617
2025-11-03,경기,안산시 상록구,가격지수,매매,100.0652
2025-11-10,경기,안산시 상록구,가격지수,매매,100.0561
2025-11-17,경기,안산시 상록구,가격지수,매매,100.0106
2025-11-24,경기,안산시 상록구,가격지수,매매,100.0072
2025-12-01,경기,안산시 상록구,가격지수,매매,100.0041
2025-12-08,경기,안산시 상록구,가격지수,매매,99.9889
2025-12-15,경기,안산시 상록구,가격지수,매매,99.9962
2025-12-22,경기,안산시 상록구,가격지수,매매,100.0036
2025-12-29,경기,안산시 상록구,가격지수,매매,99.9966
2026-01-05,경기,안산시 상록구,가격지수,매매,100.0335
2026-01-12,경기,안산시 상록구,가격지수,매매,100.0
2026-01-19,경기,안산시 상록구,가격지수,매매,99.9844
2026-01-26,경기,안산시 상록구,가격지수,매매,100.0051
2026-02-02,경기,안산시 상록구,가격지수,매매,100.0231
2026-02-09,경기,안산시 상록구,가격지수,매매,100.042
2026-02-23,경기,안산시 상록구,가격지수,매매,99.9681
2026-03-02,경기,안산시 상록구,가격지수,매매,99.9439
2026-03-09,경기,안산시 상록구,가격지수,매매,99.9176
2026-03-16,경기,안산시 상록구,가격지수,매매,99.9463
2026-03-23,경기,안산시 상록구,가격지수,매매,99.9664
2026-03-30,경기,안산시 상록구,가격지수,매매,99.9942
2026-04-06,경기,안산시 상록구,가격지수,매매,100.0155
2026-04-13,경기,안산시 상록구,가격지수,매매,100.0789
2026-04-20,경기,안산시 상록구,가격지수,매매,100.1259
2026-04-27,경기,안산시 상록구,가격지수,매매,100.1358
2026-05-04,경기,안산시 상록구,가격지수,매매,100.1747
2026-05-11,경기,안산시 상록구,가격지수,매매,100.1807
2026-05-18,경기,안산시 상록구,가격지수,매매,100.1646
2026-05-25,경기,안산시 상록구,가격지수,매매,100.1585
2026-06-01,경기,안산시 상록구,가격지수,매매,100.1923
2026-06-08,경기,안산시 상록구,가격지수,매매,100.1825
2026-06-15,경기,안산시 상록구,가격지수,매매,100.1812
2026-06-22,경기,안산시 상록구,가격지수,매매,100.2053
2024-06-24,경기,안성시,가격지수,매매,106.8312
2024-07-01,경기,안성시,가격지수,매매,106.7664
2024-07-08,경기,안성시,가격지수,매매,106.6712
2024-07-15,경기,안성시,가격지수,매매,106.5667
2024-07-22,경기,안성시,가격지수,매매,106.4329
2024-07-29,경기,안성시,가격지수,매매,106.2441
2024-08-05,경기,안성시,가격지수,매매,106.1641
2024-08-12,경기,안성시,가격지수,매매,106.0281
2024-08-19,경기,안성시,가격지수,매매,105.9993
2024-08-26,경기,안성시,가격지수,매매,105.6991
2024-09-02,경기,안성시,가격지수,매매,105.5958
2024-09-09,경기,안성시,가격지수,매매,105.5658
2024-09-23,경기,안성시,가격지수,매매,105.4352
2024-09-30,경기,안성시,가격지수,매매,105.2123
2024-10-07,경기,안성시,가격지수,매매,105.1326
2024-10-14,경기,안성시,가격지수,매매,105.0906
2024-10-21,경기,안성시,가격지수,매매,104.8466
2024-10-28,경기,안성시,가격지수,매매,104.8208
2024-11-04,경기,안성시,가격지수,매매,104.7129
2024-11-11,경기,안성시,가격지수,매매,104.5809
2024-11-18,경기,안성시,가격지수,매매,104.5809
2024-11-25,경기,안성시,가격지수,매매,104.5681
2024-12-02,경기,안성시,가격지수,매매,104.5133
2024-12-09,경기,안성시,가격지수,매매,104.4534
2024-12-16,경기,안성시,가격지수,매매,104.3308
2024-12-23,경기,안성시,가격지수,매매,104.2644
2024-12-30,경기,안성시,가격지수,매매,103.9953
2025-01-06,경기,안성시,가격지수,매매,103.7181
2025-01-13,경기,안성시,가격지수,매매,103.4736
2025-01-20,경기,안성시,가격지수,매매,103.4413
2025-02-03,경기,안성시,가격지수,매매,102.8757
2025-02-10,경기,안성시,가격지수,매매,102.857
2025-02-17,경기,안성시,가격지수,매매,102.8435
2025-02-24,경기,안성시,가격지수,매매,102.6615
2025-03-03,경기,안성시,가격지수,매매,102.5881
2025-03-10,경기,안성시,가격지수,매매,102.5525
2025-03-17,경기,안성시,가격지수,매매,102.2883
2025-03-24,경기,안성시,가격지수,매매,102.2551
2025-03-31,경기,안성시,가격지수,매매,102.1991
2025-04-07,경기,안성시,가격지수,매매,102.192
2025-04-14,경기,안성시,가격지수,매매,102.0792
2025-04-21,경기,안성시,가격지수,매매,101.9351
2025-04-28,경기,안성시,가격지수,매매,101.9351
2025-05-05,경기,안성시,가격지수,매매,101.9351
2025-05-12,경기,안성시,가격지수,매매,101.7562
2025-05-19,경기,안성시,가격지수,매매,101.6841
2025-05-26,경기,안성시,가격지수,매매,101.6467
2025-06-02,경기,안성시,가격지수,매매,101.6467
2025-06-09,경기,안성시,가격지수,매매,101.5776
2025-06-16,경기,안성시,가격지수,매매,101.5776
2025-06-23,경기,안성시,가격지수,매매,101.4322
2025-06-30,경기,안성시,가격지수,매매,101.3979
2025-07-07,경기,안성시,가격지수,매매,101.3979
2025-07-14,경기,안성시,가격지수,매매,101.3633
2025-07-21,경기,안성시,가격지수,매매,101.3169
2025-07-28,경기,안성시,가격지수,매매,101.3037
2025-08-04,경기,안성시,가격지수,매매,101.2928
2025-08-11,경기,안성시,가격지수,매매,101.2385
2025-08-18,경기,안성시,가격지수,매매,101.2106
2025-08-25,경기,안성시,가격지수,매매,101.1165
2025-09-01,경기,안성시,가격지수,매매,101.0589
2025-09-08,경기,안성시,가격지수,매매,100.9317
2025-09-15,경기,안성시,가격지수,매매,100.8712
2025-09-22,경기,안성시,가격지수,매매,100.8232
2025-09-29,경기,안성시,가격지수,매매,100.7505
2025-10-13,경기,안성시,가격지수,매매,100.7066
2025-10-20,경기,안성시,가격지수,매매,100.704
2025-10-27,경기,안성시,가격지수,매매,100.6079
2025-11-03,경기,안성시,가격지수,매매,100.6079
2025-11-10,경기,안성시,가격지수,매매,100.5694
2025-11-17,경기,안성시,가격지수,매매,100.4589
2025-11-24,경기,안성시,가격지수,매매,100.3495
2025-12-01,경기,안성시,가격지수,매매,100.292
2025-12-08,경기,안성시,가격지수,매매,100.1375
2025-12-15,경기,안성시,가격지수,매매,100.1408
2025-12-22,경기,안성시,가격지수,매매,100.0361
2025-12-29,경기,안성시,가격지수,매매,100.0031
2026-01-05,경기,안성시,가격지수,매매,100.0
2026-01-12,경기,안성시,가격지수,매매,100.0
2026-01-19,경기,안성시,가격지수,매매,99.8895
2026-01-26,경기,안성시,가격지수,매매,99.8772
2026-02-02,경기,안성시,가격지수,매매,99.8177
2026-02-09,경기,안성시,가격지수,매매,99.8214
2026-02-23,경기,안성시,가격지수,매매,99.8666
2026-03-02,경기,안성시,가격지수,매매,99.8763
2026-03-09,경기,안성시,가격지수,매매,99.8547
2026-03-16,경기,안성시,가격지수,매매,99.6607
2026-03-23,경기,안성시,가격지수,매매,99.6908
2026-03-30,경기,안성시,가격지수,매매,99.6087
2026-04-06,경기,안성시,가격지수,매매,99.4945
2026-04-13,경기,안성시,가격지수,매매,99.4605
2026-04-20,경기,안성시,가격지수,매매,99.4652
2026-04-27,경기,안성시,가격지수,매매,99.4728
2026-05-04,경기,안성시,가격지수,매매,99.4574
2026-05-11,경기,안성시,가격지수,매매,99.41
2026-05-18,경기,안성시,가격지수,매매,99.2683
2026-05-25,경기,안성시,가격지수,매매,99.2717
2026-06-01,경기,안성시,가격지수,매매,99.1768
2026-06-08,경기,안성시,가격지수,매매,99.0581
2026-06-15,경기,안성시,가격지수,매매,99.0494
2026-06-22,경기,안성시,가격지수,매매,99.0465
2024-06-24,경기,안양시,가격지수,매매,91.9648
2024-07-01,경기,안양시,가격지수,매매,92.0013
2024-07-08,경기,안양시,가격지수,매매,92.0431
2024-07-15,경기,안양시,가격지수,매매,92.052
2024-07-22,경기,안양시,가격지수,매매,92.1334
2024-07-29,경기,안양시,가격지수,매매,92.22
2024-08-05,경기,안양시,가격지수,매매,92.3169
2024-08-12,경기,안양시,가격지수,매매,92.3919
2024-08-19,경기,안양시,가격지수,매매,92.5305
2024-08-26,경기,안양시,가격지수,매매,92.6188
2024-09-02,경기,안양시,가격지수,매매,92.787
2024-09-09,경기,안양시,가격지수,매매,92.8557
2024-09-23,경기,안양시,가격지수,매매,92.9418
2024-09-30,경기,안양시,가격지수,매매,93.0029
2024-10-07,경기,안양시,가격지수,매매,93.0784
2024-10-14,경기,안양시,가격지수,매매,93.2043
2024-10-21,경기,안양시,가격지수,매매,93.2305
2024-10-28,경기,안양시,가격지수,매매,93.2973
2024-11-04,경기,안양시,가격지수,매매,93.3285
2024-11-11,경기,안양시,가격지수,매매,93.3319
2024-11-18,경기,안양시,가격지수,매매,93.3548
2024-11-25,경기,안양시,가격지수,매매,93.343
2024-12-02,경기,안양시,가격지수,매매,93.4181
2024-12-09,경기,안양시,가격지수,매매,93.4511
2024-12-16,경기,안양시,가격지수,매매,93.4877
2024-12-23,경기,안양시,가격지수,매매,93.5415
2024-12-30,경기,안양시,가격지수,매매,93.5441
2025-01-06,경기,안양시,가격지수,매매,93.5015
2025-01-13,경기,안양시,가격지수,매매,93.4649
2025-01-20,경기,안양시,가격지수,매매,93.4577
2025-02-03,경기,안양시,가격지수,매매,93.4499
2025-02-10,경기,안양시,가격지수,매매,93.4426
2025-02-17,경기,안양시,가격지수,매매,93.4161
2025-02-24,경기,안양시,가격지수,매매,93.4083
2025-03-03,경기,안양시,가격지수,매매,93.4149
2025-03-10,경기,안양시,가격지수,매매,93.4524
2025-03-17,경기,안양시,가격지수,매매,93.4703
2025-03-24,경기,안양시,가격지수,매매,93.5023
2025-03-31,경기,안양시,가격지수,매매,93.5215
2025-04-07,경기,안양시,가격지수,매매,93.5627
2025-04-14,경기,안양시,가격지수,매매,93.6024
2025-04-21,경기,안양시,가격지수,매매,93.6282
2025-04-28,경기,안양시,가격지수,매매,93.6674
2025-05-05,경기,안양시,가격지수,매매,93.6517
2025-05-12,경기,안양시,가격지수,매매,93.7328
2025-05-19,경기,안양시,가격지수,매매,93.7894
2025-05-26,경기,안양시,가격지수,매매,93.9051
2025-06-02,경기,안양시,가격지수,매매,94.0329
2025-06-09,경기,안양시,가격지수,매매,94.1572
2025-06-16,경기,안양시,가격지수,매매,94.3099
2025-06-23,경기,안양시,가격지수,매매,94.5631
2025-06-30,경기,안양시,가격지수,매매,94.7865
2025-07-07,경기,안양시,가격지수,매매,94.9477
2025-07-14,경기,안양시,가격지수,매매,95.0254
2025-07-21,경기,안양시,가격지수,매매,95.2063
2025-07-28,경기,안양시,가격지수,매매,95.2774
2025-08-04,경기,안양시,가격지수,매매,95.3074
2025-08-11,경기,안양시,가격지수,매매,95.3853
2025-08-18,경기,안양시,가격지수,매매,95.4531
2025-08-25,경기,안양시,가격지수,매매,95.4909
2025-09-01,경기,안양시,가격지수,매매,95.6609
2025-09-08,경기,안양시,가격지수,매매,95.8281
2025-09-15,경기,안양시,가격지수,매매,95.9179
2025-09-22,경기,안양시,가격지수,매매,96.1202
2025-09-29,경기,안양시,가격지수,매매,96.4081
2025-10-13,경기,안양시,가격지수,매매,96.8031
2025-10-20,경기,안양시,가격지수,매매,97.3395
2025-10-27,경기,안양시,가격지수,매매,97.6523
2025-11-03,경기,안양시,가격지수,매매,97.8896
2025-11-10,경기,안양시,가격지수,매매,98.056
2025-11-17,경기,안양시,가격지수,매매,98.2119
2025-11-24,경기,안양시,가격지수,매매,98.3476
2025-12-01,경기,안양시,가격지수,매매,98.5921
2025-12-08,경기,안양시,가격지수,매매,98.7719
2025-12-15,경기,안양시,가격지수,매매,98.9274
2025-12-22,경기,안양시,가격지수,매매,99.0912
2025-12-29,경기,안양시,가격지수,매매,99.1821
2026-01-05,경기,안양시,가격지수,매매,99.6172
2026-01-12,경기,안양시,가격지수,매매,100.0
2026-01-19,경기,안양시,가격지수,매매,100.4761
2026-01-26,경기,안양시,가격지수,매매,101.0372
2026-02-02,경기,안양시,가격지수,매매,101.4922
2026-02-09,경기,안양시,가격지수,매매,101.9729
2026-02-23,경기,안양시,가격지수,매매,102.5566
2026-03-02,경기,안양시,가격지수,매매,102.8863
2026-03-09,경기,안양시,가격지수,매매,103.5639
2026-03-16,경기,안양시,가격지수,매매,104.2572
2026-03-23,경기,안양시,가격지수,매매,104.7318
2026-03-30,경기,안양시,가격지수,매매,105.066
2026-04-06,경기,안양시,가격지수,매매,105.3169
2026-04-13,경기,안양시,가격지수,매매,105.5566
2026-04-20,경기,안양시,가격지수,매매,105.8708
2026-04-27,경기,안양시,가격지수,매매,106.1771
2026-05-04,경기,안양시,가격지수,매매,106.4394
2026-05-11,경기,안양시,가격지수,매매,106.6304
2026-05-18,경기,안양시,가격지수,매매,106.8368
2026-05-25,경기,안양시,가격지수,매매,107.0948
2026-06-01,경기,안양시,가격지수,매매,107.4116
2026-06-08,경기,안양시,가격지수,매매,107.7131
2026-06-15,경기,안양시,가격지수,매매,108.265
2026-06-22,경기,안양시,가격지수,매매,108.7799
2024-06-24,경기,안양시 동안구,가격지수,매매,89.0785
2024-07-01,경기,안양시 동안구,가격지수,매매,89.1291
2024-07-08,경기,안양시 동안구,가격지수,매매,89.1929
2024-07-15,경기,안양시 동안구,가격지수,매매,89.2137
2024-07-22,경기,안양시 동안구,가격지수,매매,89.3311
2024-07-29,경기,안양시 동안구,가격지수,매매,89.4506
2024-08-05,경기,안양시 동안구,가격지수,매매,89.5581
2024-08-12,경기,안양시 동안구,가격지수,매매,89.6391
2024-08-19,경기,안양시 동안구,가격지수,매매,89.761
2024-08-26,경기,안양시 동안구,가격지수,매매,89.8718
2024-09-02,경기,안양시 동안구,가격지수,매매,90.0968
2024-09-09,경기,안양시 동안구,가격지수,매매,90.178
2024-09-23,경기,안양시 동안구,가격지수,매매,90.3004
2024-09-30,경기,안양시 동안구,가격지수,매매,90.385
2024-10-07,경기,안양시 동안구,가격지수,매매,90.4956
2024-10-14,경기,안양시 동안구,가격지수,매매,90.6569
2024-10-21,경기,안양시 동안구,가격지수,매매,90.6754
2024-10-28,경기,안양시 동안구,가격지수,매매,90.746
2024-11-04,경기,안양시 동안구,가격지수,매매,90.8301
2024-11-11,경기,안양시 동안구,가격지수,매매,90.8408
2024-11-18,경기,안양시 동안구,가격지수,매매,90.8936
2024-11-25,경기,안양시 동안구,가격지수,매매,90.9198
2024-12-02,경기,안양시 동안구,가격지수,매매,91.0438
2024-12-09,경기,안양시 동안구,가격지수,매매,91.0971
2024-12-16,경기,안양시 동안구,가격지수,매매,91.1613
2024-12-23,경기,안양시 동안구,가격지수,매매,91.2455
2024-12-30,경기,안양시 동안구,가격지수,매매,91.2786
2025-01-06,경기,안양시 동안구,가격지수,매매,91.2681
2025-01-13,경기,안양시 동안구,가격지수,매매,91.2235
2025-01-20,경기,안양시 동안구,가격지수,매매,91.2139
2025-02-03,경기,안양시 동안구,가격지수,매매,91.2149
2025-02-10,경기,안양시 동안구,가격지수,매매,91.2113
2025-02-17,경기,안양시 동안구,가격지수,매매,91.1944
2025-02-24,경기,안양시 동안구,가격지수,매매,91.1911
2025-03-03,경기,안양시 동안구,가격지수,매매,91.2047
2025-03-10,경기,안양시 동안구,가격지수,매매,91.245
2025-03-17,경기,안양시 동안구,가격지수,매매,91.3021
2025-03-24,경기,안양시 동안구,가격지수,매매,91.3659
2025-03-31,경기,안양시 동안구,가격지수,매매,91.4032
2025-04-07,경기,안양시 동안구,가격지수,매매,91.4615
2025-04-14,경기,안양시 동안구,가격지수,매매,91.5227
2025-04-21,경기,안양시 동안구,가격지수,매매,91.5653
2025-04-28,경기,안양시 동안구,가격지수,매매,91.6257
2025-05-05,경기,안양시 동안구,가격지수,매매,91.6521
2025-05-12,경기,안양시 동안구,가격지수,매매,91.7829
2025-05-19,경기,안양시 동안구,가격지수,매매,91.8645
2025-05-26,경기,안양시 동안구,가격지수,매매,92.0507
2025-06-02,경기,안양시 동안구,가격지수,매매,92.2488
2025-06-09,경기,안양시 동안구,가격지수,매매,92.4312
2025-06-16,경기,안양시 동안구,가격지수,매매,92.6491
2025-06-23,경기,안양시 동안구,가격지수,매매,93.0191
2025-06-30,경기,안양시 동안구,가격지수,매매,93.3497
2025-07-07,경기,안양시 동안구,가격지수,매매,93.61
2025-07-14,경기,안양시 동안구,가격지수,매매,93.7093
2025-07-21,경기,안양시 동안구,가격지수,매매,93.97
2025-07-28,경기,안양시 동안구,가격지수,매매,94.0616
2025-08-04,경기,안양시 동안구,가격지수,매매,94.1048
2025-08-11,경기,안양시 동안구,가격지수,매매,94.2004
2025-08-18,경기,안양시 동안구,가격지수,매매,94.2916
2025-08-25,경기,안양시 동안구,가격지수,매매,94.3493
2025-09-01,경기,안양시 동안구,가격지수,매매,94.6026
2025-09-08,경기,안양시 동안구,가격지수,매매,94.8425
2025-09-15,경기,안양시 동안구,가격지수,매매,94.9361
2025-09-22,경기,안양시 동안구,가격지수,매매,95.226
2025-09-29,경기,안양시 동안구,가격지수,매매,95.6103
2025-10-13,경기,안양시 동안구,가격지수,매매,96.1274
2025-10-20,경기,안양시 동안구,가격지수,매매,96.7843
2025-10-27,경기,안양시 동안구,가격지수,매매,97.1349
2025-11-03,경기,안양시 동안구,가격지수,매매,97.4292
2025-11-10,경기,안양시 동안구,가격지수,매매,97.572
2025-11-17,경기,안양시 동안구,가격지수,매매,97.7917
2025-11-24,경기,안양시 동안구,가격지수,매매,97.9382
2025-12-01,경기,안양시 동안구,가격지수,매매,98.2833
2025-12-08,경기,안양시 동안구,가격지수,매매,98.4318
2025-12-15,경기,안양시 동안구,가격지수,매매,98.6047
2025-12-22,경기,안양시 동안구,가격지수,매매,98.8033
2025-12-29,경기,안양시 동안구,가격지수,매매,98.8982
2026-01-05,경기,안양시 동안구,가격지수,매매,99.4731
2026-01-12,경기,안양시 동안구,가격지수,매매,100.0
2026-01-19,경기,안양시 동안구,가격지수,매매,100.5463
2026-01-26,경기,안양시 동안구,가격지수,매매,101.2888
2026-02-02,경기,안양시 동안구,가격지수,매매,101.8789
2026-02-09,경기,안양시 동안구,가격지수,매매,102.5397
2026-02-23,경기,안양시 동안구,가격지수,매매,103.2238
2026-03-02,경기,안양시 동안구,가격지수,매매,103.5745
2026-03-09,경기,안양시 동안구,가격지수,매매,104.4658
2026-03-16,경기,안양시 동안구,가격지수,매매,105.3348
2026-03-23,경기,안양시 동안구,가격지수,매매,105.9626
2026-03-30,경기,안양시 동안구,가격지수,매매,106.3456
2026-04-06,경기,안양시 동안구,가격지수,매매,106.6715
2026-04-13,경기,안양시 동안구,가격지수,매매,106.9748
2026-04-20,경기,안양시 동안구,가격지수,매매,107.3661
2026-04-27,경기,안양시 동안구,가격지수,매매,107.7629
2026-05-04,경기,안양시 동안구,가격지수,매매,108.0143
2026-05-11,경기,안양시 동안구,가격지수,매매,108.2089
2026-05-18,경기,안양시 동안구,가격지수,매매,108.4113
2026-05-25,경기,안양시 동안구,가격지수,매매,108.7359
2026-06-01,경기,안양시 동안구,가격지수,매매,109.1333
2026-06-08,경기,안양시 동안구,가격지수,매매,109.4648
2026-06-15,경기,안양시 동안구,가격지수,매매,110.1241
2026-06-22,경기,안양시 동안구,가격지수,매매,110.74
2024-06-24,경기,안양시 만안구,가격지수,매매,98.3015
2024-07-01,경기,안양시 만안구,가격지수,매매,98.3056
2024-07-08,경기,안양시 만안구,가격지수,매매,98.2968
2024-07-15,경기,안양시 만안구,가격지수,매매,98.2785
2024-07-22,경기,안양시 만안구,가격지수,매매,98.2774
2024-07-29,경기,안양시 만안구,가격지수,매매,98.2889
2024-08-05,경기,안양시 만안구,가격지수,매매,98.3612
2024-08-12,경기,안양시 만안구,가격지수,매매,98.4224
2024-08-19,경기,안양시 만안구,가격지수,매매,98.5986
2024-08-26,경기,안양시 만안구,가격지수,매매,98.6352
2024-09-02,경기,안양시 만안구,가격지수,매매,98.6733
2024-09-09,경기,안양시 만안구,가격지수,매매,98.7132
2024-09-23,경기,안양시 만안구,가격지수,매매,98.7167
2024-09-30,경기,안양시 만안구,가격지수,매매,98.7242
2024-10-07,경기,안양시 만안구,가격지수,매매,98.7195
2024-10-14,경기,안양시 만안구,가격지수,매매,98.7648
2024-10-21,경기,안양시 만안구,가격지수,매매,98.808
2024-10-28,경기,안양시 만안구,가격지수,매매,98.8661
2024-11-04,경기,안양시 만안구,가격지수,매매,98.7765
2024-11-11,경기,안양시 만안구,가격지수,매매,98.7636
2024-11-18,경기,안양시 만안구,가격지수,매매,98.7181
2024-11-25,경기,안양시 만안구,가격지수,매매,98.6198
2024-12-02,경기,안양시 만안구,가격지수,매매,98.5834
2024-12-09,경기,안양시 만안구,가격지수,매매,98.5705
2024-12-16,경기,안양시 만안구,가격지수,매매,98.5444
2024-12-23,경기,안양시 만안구,가격지수,매매,98.5308
2024-12-30,경기,안양시 만안구,가격지수,매매,98.4657
2025-01-06,경기,안양시 만안구,가격지수,매매,98.3521
2025-01-13,경기,안양시 만안구,가격지수,매매,98.3333
2025-01-20,경기,안양시 만안구,가격지수,매매,98.3313
2025-02-03,경기,안양시 만안구,가격지수,매매,98.304
2025-02-10,경기,안양시 만안구,가격지수,매매,98.2887
2025-02-17,경기,안양시 만안구,가격지수,매매,98.2409
2025-02-24,경기,안양시 만안구,가격지수,매매,98.2232
2025-03-03,경기,안양시 만안구,가격지수,매매,98.2141
2025-03-10,경기,안양시 만안구,가격지수,매매,98.2455
2025-03-17,경기,안양시 만안구,가격지수,매매,98.1737
2025-03-24,경기,안양시 만안구,가격지수,매매,98.1345
2025-03-31,경기,안양시 만안구,가격지수,매매,98.1137
2025-04-07,경기,안양시 만안구,가격지수,매매,98.1168
2025-04-14,경기,안양시 만안구,가격지수,매매,98.1081
2025-04-21,경기,안양시 만안구,가격지수,매매,98.0964
2025-04-28,경기,안양시 만안구,가격지수,매매,98.0879
2025-05-05,경기,안양시 만안구,가격지수,매매,97.978
2025-05-12,경기,안양시 만안구,가격지수,매매,97.948
2025-05-19,경기,안양시 만안구,가격지수,매매,97.9491
2025-05-26,경기,안양시 만안구,가격지수,매매,97.9076
2025-06-02,경기,안양시 만안구,가격지수,매매,97.8794
2025-06-09,경기,안양시 만안구,가격지수,매매,97.875
2025-06-16,경기,안양시 만안구,가격지수,매매,97.884
2025-06-23,경기,안양시 만안구,가격지수,매매,97.8798
2025-06-30,경기,안양시 만안구,가격지수,매매,97.8681
2025-07-07,경기,안양시 만안구,가격지수,매매,97.813
2025-07-14,경기,안양시 만안구,가격지수,매매,97.8436
2025-07-21,경기,안양시 만안구,가격지수,매매,97.851
2025-07-28,경기,안양시 만안구,가격지수,매매,97.8775
2025-08-04,경기,안양시 만안구,가격지수,매매,97.8789
2025-08-11,경기,안양시 만안구,가격지수,매매,97.9186
2025-08-18,경기,안양시 만안구,가격지수,매매,97.9355
2025-08-25,경기,안양시 만안구,가격지수,매매,97.9304
2025-09-01,경기,안양시 만안구,가격지수,매매,97.9203
2025-09-08,경기,안양시 만안구,가격지수,매매,97.9309
2025-09-15,경기,안양시 만안구,가격지수,매매,98.0127
2025-09-22,경기,안양시 만안구,가격지수,매매,98.0257
2025-09-29,경기,안양시 만안구,가격지수,매매,98.1056
2025-10-13,경기,안양시 만안구,가격지수,매매,98.2384
2025-10-20,경기,안양시 만안구,가격지수,매매,98.5168
2025-10-27,경기,안양시 만안구,가격지수,매매,98.7492
2025-11-03,경기,안양시 만안구,가격지수,매매,98.8649
2025-11-10,경기,안양시 만안구,가격지수,매매,99.0813
2025-11-17,경기,안양시 만안구,가격지수,매매,99.1015
2025-11-24,경기,안양시 만안구,가격지수,매매,99.2142
2025-12-01,경기,안양시 만안구,가격지수,매매,99.2446
2025-12-08,경기,안양시 만안구,가격지수,매매,99.4911
2025-12-15,경기,안양시 만안구,가격지수,매매,99.6094
2025-12-22,경기,안양시 만안구,가격지수,매매,99.6995
2025-12-29,경기,안양시 만안구,가격지수,매매,99.7818
2026-01-05,경기,안양시 만안구,가격지수,매매,99.9211
2026-01-12,경기,안양시 만안구,가격지수,매매,100.0
2026-01-19,경기,안양시 만안구,가격지수,매매,100.3288
2026-01-26,경기,안양시 만안구,가격지수,매매,100.5099
2026-02-02,경기,안양시 만안구,가격지수,매매,100.6833
2026-02-09,경기,안양시 만안구,가격지수,매매,100.7902
2026-02-23,경기,안양시 만안구,가격지수,매매,101.1664
2026-03-02,경기,안양시 만안구,가격지수,매매,101.4531
2026-03-09,경기,안양시 만안구,가격지수,매매,101.691
2026-03-16,경기,안양시 만안구,가격지수,매매,102.0249
2026-03-23,경기,안양시 만안구,가격지수,매매,102.188
2026-03-30,경기,안양시 만안구,가격지수,매매,102.4232
2026-04-06,경기,안양시 만안구,가격지수,매매,102.5222
2026-04-13,경기,안양시 만안구,가격지수,매매,102.6336
2026-04-20,경기,안양시 만안구,가격지수,매매,102.7923
2026-04-27,경기,안양시 만안구,가격지수,매매,102.9166
2026-05-04,경기,안양시 만안구,가격지수,매매,103.2006
2026-05-11,경기,안양시 만안구,가격지수,매매,103.3843
2026-05-18,경기,안양시 만안구,가격지수,매매,103.5985
2026-05-25,경기,안양시 만안구,가격지수,매매,103.7227
2026-06-01,경기,안양시 만안구,가격지수,매매,103.8782
2026-06-08,경기,안양시 만안구,가격지수,매매,104.1194
2026-06-15,경기,안양시 만안구,가격지수,매매,104.4567
2026-06-22,경기,안양시 만안구,가격지수,매매,104.7701
2024-06-24,경기,양주시,가격지수,매매,102.4976
2024-07-01,경기,양주시,가격지수,매매,102.4777
2024-07-08,경기,양주시,가격지수,매매,102.3944
2024-07-15,경기,양주시,가격지수,매매,102.3238
2024-07-22,경기,양주시,가격지수,매매,102.3042
2024-07-29,경기,양주시,가격지수,매매,102.2656
2024-08-05,경기,양주시,가격지수,매매,102.1249
2024-08-12,경기,양주시,가격지수,매매,102.0636
2024-08-19,경기,양주시,가격지수,매매,101.946
2024-08-26,경기,양주시,가격지수,매매,101.9346
2024-09-02,경기,양주시,가격지수,매매,101.9343
2024-09-09,경기,양주시,가격지수,매매,101.9558
2024-09-23,경기,양주시,가격지수,매매,101.9473
2024-09-30,경기,양주시,가격지수,매매,102.0208
2024-10-07,경기,양주시,가격지수,매매,102.0712
2024-10-14,경기,양주시,가격지수,매매,102.1484
2024-10-21,경기,양주시,가격지수,매매,102.1723
2024-10-28,경기,양주시,가격지수,매매,102.1849
2024-11-04,경기,양주시,가격지수,매매,102.2003
2024-11-11,경기,양주시,가격지수,매매,102.2078
2024-11-18,경기,양주시,가격지수,매매,102.2338
2024-11-25,경기,양주시,가격지수,매매,102.254
2024-12-02,경기,양주시,가격지수,매매,102.262
2024-12-09,경기,양주시,가격지수,매매,102.2697
2024-12-16,경기,양주시,가격지수,매매,102.1744
2024-12-23,경기,양주시,가격지수,매매,102.1247
2024-12-30,경기,양주시,가격지수,매매,102.1012
2025-01-06,경기,양주시,가격지수,매매,101.9694
2025-01-13,경기,양주시,가격지수,매매,101.9303
2025-01-20,경기,양주시,가격지수,매매,101.7996
2025-02-03,경기,양주시,가격지수,매매,101.7856
2025-02-10,경기,양주시,가격지수,매매,101.7766
2025-02-17,경기,양주시,가격지수,매매,101.7707
2025-02-24,경기,양주시,가격지수,매매,101.7167
2025-03-03,경기,양주시,가격지수,매매,101.6747
2025-03-10,경기,양주시,가격지수,매매,101.6558
2025-03-17,경기,양주시,가격지수,매매,101.6419
2025-03-24,경기,양주시,가격지수,매매,101.619
2025-03-31,경기,양주시,가격지수,매매,101.4793
2025-04-07,경기,양주시,가격지수,매매,101.4329
2025-04-14,경기,양주시,가격지수,매매,101.4164
2025-04-21,경기,양주시,가격지수,매매,101.3669
2025-04-28,경기,양주시,가격지수,매매,101.3666
2025-05-05,경기,양주시,가격지수,매매,101.3628
2025-05-12,경기,양주시,가격지수,매매,101.3438
2025-05-19,경기,양주시,가격지수,매매,101.3246
2025-05-26,경기,양주시,가격지수,매매,101.3229
2025-06-02,경기,양주시,가격지수,매매,101.3022
2025-06-09,경기,양주시,가격지수,매매,101.3098
2025-06-16,경기,양주시,가격지수,매매,101.2936
2025-06-23,경기,양주시,가격지수,매매,101.2835
2025-06-30,경기,양주시,가격지수,매매,101.2157
2025-07-07,경기,양주시,가격지수,매매,101.0999
2025-07-14,경기,양주시,가격지수,매매,101.0627
2025-07-21,경기,양주시,가격지수,매매,100.994
2025-07-28,경기,양주시,가격지수,매매,100.9891
2025-08-04,경기,양주시,가격지수,매매,100.9052
2025-08-11,경기,양주시,가격지수,매매,100.8781
2025-08-18,경기,양주시,가격지수,매매,100.8168
2025-08-25,경기,양주시,가격지수,매매,100.7787
2025-09-01,경기,양주시,가격지수,매매,100.734
2025-09-08,경기,양주시,가격지수,매매,100.6698
2025-09-15,경기,양주시,가격지수,매매,100.6156
2025-09-22,경기,양주시,가격지수,매매,100.5835
2025-09-29,경기,양주시,가격지수,매매,100.5558
2025-10-13,경기,양주시,가격지수,매매,100.4153
2025-10-20,경기,양주시,가격지수,매매,100.4019
2025-10-27,경기,양주시,가격지수,매매,100.3994
2025-11-03,경기,양주시,가격지수,매매,100.3599
2025-11-10,경기,양주시,가격지수,매매,100.298
2025-11-17,경기,양주시,가격지수,매매,100.2648
2025-11-24,경기,양주시,가격지수,매매,100.2111
2025-12-01,경기,양주시,가격지수,매매,100.189
2025-12-08,경기,양주시,가격지수,매매,100.1619
2025-12-15,경기,양주시,가격지수,매매,100.1259
2025-12-22,경기,양주시,가격지수,매매,100.077
2025-12-29,경기,양주시,가격지수,매매,100.0503
2026-01-05,경기,양주시,가격지수,매매,100.0354
2026-01-12,경기,양주시,가격지수,매매,100.0
2026-01-19,경기,양주시,가격지수,매매,99.9948
2026-01-26,경기,양주시,가격지수,매매,99.9737
2026-02-02,경기,양주시,가격지수,매매,99.9344
2026-02-09,경기,양주시,가격지수,매매,99.8754
2026-02-23,경기,양주시,가격지수,매매,99.8588
2026-03-02,경기,양주시,가격지수,매매,99.7755
2026-03-09,경기,양주시,가격지수,매매,99.7222
2026-03-16,경기,양주시,가격지수,매매,99.7016
2026-03-23,경기,양주시,가격지수,매매,99.6871
2026-03-30,경기,양주시,가격지수,매매,99.6748
2026-04-06,경기,양주시,가격지수,매매,99.6701
2026-04-13,경기,양주시,가격지수,매매,99.6744
2026-04-20,경기,양주시,가격지수,매매,99.6477
2026-04-27,경기,양주시,가격지수,매매,99.6117
2026-05-04,경기,양주시,가격지수,매매,99.5921
2026-05-11,경기,양주시,가격지수,매매,99.5727
2026-05-18,경기,양주시,가격지수,매매,99.6321
2026-05-25,경기,양주시,가격지수,매매,99.6473
2026-06-01,경기,양주시,가격지수,매매,99.6747
2026-06-08,경기,양주시,가격지수,매매,99.7106
2026-06-15,경기,양주시,가격지수,매매,99.7376
2026-06-22,경기,양주시,가격지수,매매,99.7702
2024-06-24,경기,양평군,가격지수,매매,98.5546
2024-07-01,경기,양평군,가격지수,매매,98.5546
2024-07-08,경기,양평군,가격지수,매매,98.5546
2024-07-15,경기,양평군,가격지수,매매,98.5546
2024-07-22,경기,양평군,가격지수,매매,98.2954
2024-07-29,경기,양평군,가격지수,매매,97.9032
2024-08-05,경기,양평군,가격지수,매매,97.5508
2024-08-12,경기,양평군,가격지수,매매,97.53
2024-08-19,경기,양평군,가격지수,매매,97.221
2024-08-26,경기,양평군,가격지수,매매,97.221
2024-09-02,경기,양평군,가격지수,매매,97.2529
2024-09-09,경기,양평군,가격지수,매매,97.2529
2024-09-23,경기,양평군,가격지수,매매,97.2529
2024-09-30,경기,양평군,가격지수,매매,97.2879
2024-10-07,경기,양평군,가격지수,매매,97.2678
2024-10-14,경기,양평군,가격지수,매매,97.2432
2024-10-21,경기,양평군,가격지수,매매,97.3052
2024-10-28,경기,양평군,가격지수,매매,97.3052
2024-11-04,경기,양평군,가격지수,매매,97.5294
2024-11-11,경기,양평군,가격지수,매매,97.5294
2024-11-18,경기,양평군,가격지수,매매,97.4739
2024-11-25,경기,양평군,가격지수,매매,97.4739
2024-12-02,경기,양평군,가격지수,매매,97.4739
2024-12-09,경기,양평군,가격지수,매매,97.4739
2024-12-16,경기,양평군,가격지수,매매,97.4739
2024-12-23,경기,양평군,가격지수,매매,97.4739
2024-12-30,경기,양평군,가격지수,매매,97.4739
2025-01-06,경기,양평군,가격지수,매매,97.4282
2025-01-13,경기,양평군,가격지수,매매,97.417
2025-01-20,경기,양평군,가격지수,매매,97.5351
2025-02-03,경기,양평군,가격지수,매매,97.4547
2025-02-10,경기,양평군,가격지수,매매,97.4778
2025-02-17,경기,양평군,가격지수,매매,97.6254
2025-02-24,경기,양평군,가격지수,매매,97.7667
2025-03-03,경기,양평군,가격지수,매매,97.8318
2025-03-10,경기,양평군,가격지수,매매,97.8318
2025-03-17,경기,양평군,가격지수,매매,97.9672
2025-03-24,경기,양평군,가격지수,매매,97.9735
2025-03-31,경기,양평군,가격지수,매매,97.956
2025-04-07,경기,양평군,가격지수,매매,98.0737
2025-04-14,경기,양평군,가격지수,매매,98.1885
2025-04-21,경기,양평군,가격지수,매매,98.172
2025-04-28,경기,양평군,가격지수,매매,98.172
2025-05-05,경기,양평군,가격지수,매매,98.172
2025-05-12,경기,양평군,가격지수,매매,98.172
2025-05-19,경기,양평군,가격지수,매매,98.279
2025-05-26,경기,양평군,가격지수,매매,98.4195
2025-06-02,경기,양평군,가격지수,매매,98.4923
2025-06-09,경기,양평군,가격지수,매매,98.4381
2025-06-16,경기,양평군,가격지수,매매,98.5092
2025-06-23,경기,양평군,가격지수,매매,98.5661
2025-06-30,경기,양평군,가격지수,매매,98.5384
2025-07-07,경기,양평군,가격지수,매매,98.571
2025-07-14,경기,양평군,가격지수,매매,98.7285
2025-07-21,경기,양평군,가격지수,매매,98.6878
2025-07-28,경기,양평군,가격지수,매매,98.789
2025-08-04,경기,양평군,가격지수,매매,98.789
2025-08-11,경기,양평군,가격지수,매매,98.8698
2025-08-18,경기,양평군,가격지수,매매,98.972
2025-08-25,경기,양평군,가격지수,매매,99.1163
2025-09-01,경기,양평군,가격지수,매매,99.133
2025-09-08,경기,양평군,가격지수,매매,99.1331
2025-09-15,경기,양평군,가격지수,매매,99.1331
2025-09-22,경기,양평군,가격지수,매매,99.1331
2025-09-29,경기,양평군,가격지수,매매,99.5683
2025-10-13,경기,양평군,가격지수,매매,99.5761
2025-10-20,경기,양평군,가격지수,매매,99.5734
2025-10-27,경기,양평군,가격지수,매매,99.6585
2025-11-03,경기,양평군,가격지수,매매,99.7254
2025-11-10,경기,양평군,가격지수,매매,99.7598
2025-11-17,경기,양평군,가격지수,매매,99.8946
2025-11-24,경기,양평군,가격지수,매매,99.9633
2025-12-01,경기,양평군,가격지수,매매,99.9149
2025-12-08,경기,양평군,가격지수,매매,99.9183
2025-12-15,경기,양평군,가격지수,매매,99.9183
2025-12-22,경기,양평군,가격지수,매매,99.9781
2025-12-29,경기,양평군,가격지수,매매,99.9781
2026-01-05,경기,양평군,가격지수,매매,99.9921
2026-01-12,경기,양평군,가격지수,매매,100.0
2026-01-19,경기,양평군,가격지수,매매,100.0772
2026-01-26,경기,양평군,가격지수,매매,100.1371
2026-02-02,경기,양평군,가격지수,매매,100.1682
2026-02-09,경기,양평군,가격지수,매매,100.1682
2026-02-23,경기,양평군,가격지수,매매,100.2233
2026-03-02,경기,양평군,가격지수,매매,100.2233
2026-03-09,경기,양평군,가격지수,매매,100.2648
2026-03-16,경기,양평군,가격지수,매매,100.2648
2026-03-23,경기,양평군,가격지수,매매,100.2717
2026-03-30,경기,양평군,가격지수,매매,100.351
2026-04-06,경기,양평군,가격지수,매매,100.3754
2026-04-13,경기,양평군,가격지수,매매,100.3754
2026-04-20,경기,양평군,가격지수,매매,100.4067
2026-04-27,경기,양평군,가격지수,매매,100.5445
2026-05-04,경기,양평군,가격지수,매매,100.5923
2026-05-11,경기,양평군,가격지수,매매,100.8852
2026-05-18,경기,양평군,가격지수,매매,100.9716
2026-05-25,경기,양평군,가격지수,매매,100.9716
2026-06-01,경기,양평군,가격지수,매매,101.0687
2026-06-08,경기,양평군,가격지수,매매,101.0687
2026-06-15,경기,양평군,가격지수,매매,101.0687
2026-06-22,경기,양평군,가격지수,매매,101.0879
2024-06-24,경기,여주시,가격지수,매매,101.7582
2024-07-01,경기,여주시,가격지수,매매,101.6279
2024-07-08,경기,여주시,가격지수,매매,101.3272
2024-07-15,경기,여주시,가격지수,매매,101.3272
2024-07-22,경기,여주시,가격지수,매매,101.3722
2024-07-29,경기,여주시,가격지수,매매,101.4322
2024-08-05,경기,여주시,가격지수,매매,101.4322
2024-08-12,경기,여주시,가격지수,매매,101.2986
2024-08-19,경기,여주시,가격지수,매매,101.2986
2024-08-26,경기,여주시,가격지수,매매,101.5863
2024-09-02,경기,여주시,가격지수,매매,101.5863
2024-09-09,경기,여주시,가격지수,매매,101.6011
2024-09-23,경기,여주시,가격지수,매매,101.6011
2024-09-30,경기,여주시,가격지수,매매,101.5798
2024-10-07,경기,여주시,가격지수,매매,101.7481
2024-10-14,경기,여주시,가격지수,매매,101.4997
2024-10-21,경기,여주시,가격지수,매매,101.4997
2024-10-28,경기,여주시,가격지수,매매,101.0485
2024-11-04,경기,여주시,가격지수,매매,101.0162
2024-11-11,경기,여주시,가격지수,매매,101.0162
2024-11-18,경기,여주시,가격지수,매매,100.83
2024-11-25,경기,여주시,가격지수,매매,100.7772
2024-12-02,경기,여주시,가격지수,매매,100.7582
2024-12-09,경기,여주시,가격지수,매매,100.7061
2024-12-16,경기,여주시,가격지수,매매,100.698
2024-12-23,경기,여주시,가격지수,매매,100.4846
2024-12-30,경기,여주시,가격지수,매매,100.4595
2025-01-06,경기,여주시,가격지수,매매,100.4595
2025-01-13,경기,여주시,가격지수,매매,100.2708
2025-01-20,경기,여주시,가격지수,매매,100.2708
2025-02-03,경기,여주시,가격지수,매매,100.2602
2025-02-10,경기,여주시,가격지수,매매,100.2602
2025-02-17,경기,여주시,가격지수,매매,99.7184
2025-02-24,경기,여주시,가격지수,매매,99.6781
2025-03-03,경기,여주시,가격지수,매매,99.7088
2025-03-10,경기,여주시,가격지수,매매,99.7088
2025-03-17,경기,여주시,가격지수,매매,99.7267
2025-03-24,경기,여주시,가격지수,매매,99.7267
2025-03-31,경기,여주시,가격지수,매매,99.6073
2025-04-07,경기,여주시,가격지수,매매,99.6836
2025-04-14,경기,여주시,가격지수,매매,99.5963
2025-04-21,경기,여주시,가격지수,매매,99.6871
2025-04-28,경기,여주시,가격지수,매매,99.7139
2025-05-05,경기,여주시,가격지수,매매,99.7572
2025-05-12,경기,여주시,가격지수,매매,99.6921
2025-05-19,경기,여주시,가격지수,매매,99.7206
2025-05-26,경기,여주시,가격지수,매매,99.8326
2025-06-02,경기,여주시,가격지수,매매,99.9907
2025-06-09,경기,여주시,가격지수,매매,100.0881
2025-06-16,경기,여주시,가격지수,매매,100.1002
2025-06-23,경기,여주시,가격지수,매매,100.1002
2025-06-30,경기,여주시,가격지수,매매,100.1228
2025-07-07,경기,여주시,가격지수,매매,100.1228
2025-07-14,경기,여주시,가격지수,매매,100.0947
2025-07-21,경기,여주시,가격지수,매매,100.0727
2025-07-28,경기,여주시,가격지수,매매,100.0727
2025-08-04,경기,여주시,가격지수,매매,100.0727
2025-08-11,경기,여주시,가격지수,매매,100.1139
2025-08-18,경기,여주시,가격지수,매매,100.1139
2025-08-25,경기,여주시,가격지수,매매,100.1176
2025-09-01,경기,여주시,가격지수,매매,100.1261
2025-09-08,경기,여주시,가격지수,매매,100.0467
2025-09-15,경기,여주시,가격지수,매매,100.0467
2025-09-22,경기,여주시,가격지수,매매,99.9456
2025-09-29,경기,여주시,가격지수,매매,99.8989
2025-10-13,경기,여주시,가격지수,매매,99.8649
2025-10-20,경기,여주시,가격지수,매매,99.8649
2025-10-27,경기,여주시,가격지수,매매,99.8791
2025-11-03,경기,여주시,가격지수,매매,99.8791
2025-11-10,경기,여주시,가격지수,매매,99.9643
2025-11-17,경기,여주시,가격지수,매매,99.9643
2025-11-24,경기,여주시,가격지수,매매,99.9643
2025-12-01,경기,여주시,가격지수,매매,99.9643
2025-12-08,경기,여주시,가격지수,매매,99.9758
2025-12-15,경기,여주시,가격지수,매매,99.9308
2025-12-22,경기,여주시,가격지수,매매,99.9156
2025-12-29,경기,여주시,가격지수,매매,99.9422
2026-01-05,경기,여주시,가격지수,매매,99.9822
2026-01-12,경기,여주시,가격지수,매매,100.0
2026-01-19,경기,여주시,가격지수,매매,100.0
2026-01-26,경기,여주시,가격지수,매매,100.0927
2026-02-02,경기,여주시,가격지수,매매,100.0927
2026-02-09,경기,여주시,가격지수,매매,100.0927
2026-02-23,경기,여주시,가격지수,매매,100.0257
2026-03-02,경기,여주시,가격지수,매매,100.0314
2026-03-09,경기,여주시,가격지수,매매,99.8873
2026-03-16,경기,여주시,가격지수,매매,99.7949
2026-03-23,경기,여주시,가격지수,매매,99.7949
2026-03-30,경기,여주시,가격지수,매매,99.6658
2026-04-06,경기,여주시,가격지수,매매,99.6748
2026-04-13,경기,여주시,가격지수,매매,99.5506
2026-04-20,경기,여주시,가격지수,매매,99.4022
2026-04-27,경기,여주시,가격지수,매매,99.4022
2026-05-04,경기,여주시,가격지수,매매,99.3757
2026-05-11,경기,여주시,가격지수,매매,99.3324
2026-05-18,경기,여주시,가격지수,매매,99.378
2026-05-25,경기,여주시,가격지수,매매,99.3959
2026-06-01,경기,여주시,가격지수,매매,99.3683
2026-06-08,경기,여주시,가격지수,매매,99.3806
2026-06-15,경기,여주시,가격지수,매매,99.3806
2026-06-22,경기,여주시,가격지수,매매,99.2978
2024-06-24,경기,연천군,가격지수,매매,105.1763
2024-07-01,경기,연천군,가격지수,매매,105.1763
2024-07-08,경기,연천군,가격지수,매매,105.1763
2024-07-15,경기,연천군,가격지수,매매,105.1763
2024-07-22,경기,연천군,가격지수,매매,105.1763
2024-07-29,경기,연천군,가격지수,매매,105.1763
2024-08-05,경기,연천군,가격지수,매매,105.1763
2024-08-12,경기,연천군,가격지수,매매,105.1763
2024-08-19,경기,연천군,가격지수,매매,104.8852
2024-08-26,경기,연천군,가격지수,매매,104.8852
2024-09-02,경기,연천군,가격지수,매매,104.8852
2024-09-09,경기,연천군,가격지수,매매,104.8852
2024-09-23,경기,연천군,가격지수,매매,104.8852
2024-09-30,경기,연천군,가격지수,매매,104.8852
2024-10-07,경기,연천군,가격지수,매매,104.8852
2024-10-14,경기,연천군,가격지수,매매,104.8852
2024-10-21,경기,연천군,가격지수,매매,104.8852
2024-10-28,경기,연천군,가격지수,매매,104.8852
2024-11-04,경기,연천군,가격지수,매매,104.8852
2024-11-11,경기,연천군,가격지수,매매,104.8852
2024-11-18,경기,연천군,가격지수,매매,104.4453
2024-11-25,경기,연천군,가격지수,매매,104.4453
2024-12-02,경기,연천군,가격지수,매매,104.4453
2024-12-09,경기,연천군,가격지수,매매,104.4453
2024-12-16,경기,연천군,가격지수,매매,104.4453
2024-12-23,경기,연천군,가격지수,매매,104.4453
2024-12-30,경기,연천군,가격지수,매매,104.4453
2025-01-06,경기,연천군,가격지수,매매,104.4453
2025-01-13,경기,연천군,가격지수,매매,104.3711
2025-01-20,경기,연천군,가격지수,매매,103.8626
2025-02-03,경기,연천군,가격지수,매매,103.8626
2025-02-10,경기,연천군,가격지수,매매,103.8626
2025-02-17,경기,연천군,가격지수,매매,103.8626
2025-02-24,경기,연천군,가격지수,매매,103.8626
2025-03-03,경기,연천군,가격지수,매매,103.178
2025-03-10,경기,연천군,가격지수,매매,103.178
2025-03-17,경기,연천군,가격지수,매매,103.178
2025-03-24,경기,연천군,가격지수,매매,103.178
2025-03-31,경기,연천군,가격지수,매매,103.101
2025-04-07,경기,연천군,가격지수,매매,103.101
2025-04-14,경기,연천군,가격지수,매매,103.101
2025-04-21,경기,연천군,가격지수,매매,103.101
2025-04-28,경기,연천군,가격지수,매매,103.101
2025-05-05,경기,연천군,가격지수,매매,103.101
2025-05-12,경기,연천군,가격지수,매매,103.101
2025-05-19,경기,연천군,가격지수,매매,103.101
2025-05-26,경기,연천군,가격지수,매매,103.101
2025-06-02,경기,연천군,가격지수,매매,103.101
2025-06-09,경기,연천군,가격지수,매매,103.101
2025-06-16,경기,연천군,가격지수,매매,103.101
2025-06-23,경기,연천군,가격지수,매매,103.101
2025-06-30,경기,연천군,가격지수,매매,103.101
2025-07-07,경기,연천군,가격지수,매매,103.101
2025-07-14,경기,연천군,가격지수,매매,103.101
2025-07-21,경기,연천군,가격지수,매매,103.101
2025-07-28,경기,연천군,가격지수,매매,102.8486
2025-08-04,경기,연천군,가격지수,매매,101.7588
2025-08-11,경기,연천군,가격지수,매매,101.7588
2025-08-18,경기,연천군,가격지수,매매,101.7588
2025-08-25,경기,연천군,가격지수,매매,101.1557
2025-09-01,경기,연천군,가격지수,매매,100.6824
2025-09-08,경기,연천군,가격지수,매매,100.6824
2025-09-15,경기,연천군,가격지수,매매,100.4418
2025-09-22,경기,연천군,가격지수,매매,99.9648
2025-09-29,경기,연천군,가격지수,매매,99.9648
2025-10-13,경기,연천군,가격지수,매매,99.9648
2025-10-20,경기,연천군,가격지수,매매,99.9648
2025-10-27,경기,연천군,가격지수,매매,100.0
2025-11-03,경기,연천군,가격지수,매매,100.0
2025-11-10,경기,연천군,가격지수,매매,100.0
2025-11-17,경기,연천군,가격지수,매매,100.0
2025-11-24,경기,연천군,가격지수,매매,100.0
2025-12-01,경기,연천군,가격지수,매매,100.0
2025-12-08,경기,연천군,가격지수,매매,100.0
2025-12-15,경기,연천군,가격지수,매매,100.0
2025-12-22,경기,연천군,가격지수,매매,100.0
2025-12-29,경기,연천군,가격지수,매매,100.0
2026-01-05,경기,연천군,가격지수,매매,100.0
2026-01-12,경기,연천군,가격지수,매매,100.0
2026-01-19,경기,연천군,가격지수,매매,100.0
2026-01-26,경기,연천군,가격지수,매매,100.0
2026-02-02,경기,연천군,가격지수,매매,100.0
2026-02-09,경기,연천군,가격지수,매매,100.0
2026-02-23,경기,연천군,가격지수,매매,100.0
2026-03-02,경기,연천군,가격지수,매매,100.0
2026-03-09,경기,연천군,가격지수,매매,100.0
2026-03-16,경기,연천군,가격지수,매매,100.0
2026-03-23,경기,연천군,가격지수,매매,100.0
2026-03-30,경기,연천군,가격지수,매매,100.0
2026-04-06,경기,연천군,가격지수,매매,100.0
2026-04-13,경기,연천군,가격지수,매매,100.0631
2026-04-20,경기,연천군,가격지수,매매,100.0631
2026-04-27,경기,연천군,가격지수,매매,100.0631
2026-05-04,경기,연천군,가격지수,매매,100.0631
2026-05-11,경기,연천군,가격지수,매매,100.0631
2026-05-18,경기,연천군,가격지수,매매,100.0631
2026-05-25,경기,연천군,가격지수,매매,100.0631
2026-06-01,경기,연천군,가격지수,매매,100.5278
2026-06-08,경기,연천군,가격지수,매매,100.5278
2026-06-15,경기,연천군,가격지수,매매,100.5278
2026-06-22,경기,연천군,가격지수,매매,100.5278
2024-06-24,경기,오산시,가격지수,매매,101.8586
2024-07-01,경기,오산시,가격지수,매매,101.8482
2024-07-08,경기,오산시,가격지수,매매,101.8291
2024-07-15,경기,오산시,가격지수,매매,101.8325
2024-07-22,경기,오산시,가격지수,매매,101.7704
2024-07-29,경기,오산시,가격지수,매매,101.7731
2024-08-05,경기,오산시,가격지수,매매,101.7481
2024-08-12,경기,오산시,가격지수,매매,101.7242
2024-08-19,경기,오산시,가격지수,매매,101.7488
2024-08-26,경기,오산시,가격지수,매매,101.7836
2024-09-02,경기,오산시,가격지수,매매,101.8032
2024-09-09,경기,오산시,가격지수,매매,101.8279
2024-09-23,경기,오산시,가격지수,매매,101.8399
2024-09-30,경기,오산시,가격지수,매매,101.8785
2024-10-07,경기,오산시,가격지수,매매,101.8715
2024-10-14,경기,오산시,가격지수,매매,101.8889
2024-10-21,경기,오산시,가격지수,매매,101.8808
2024-10-28,경기,오산시,가격지수,매매,101.9172
2024-11-04,경기,오산시,가격지수,매매,101.9122
2024-11-11,경기,오산시,가격지수,매매,101.8336
2024-11-18,경기,오산시,가격지수,매매,101.7445
2024-11-25,경기,오산시,가격지수,매매,101.735
2024-12-02,경기,오산시,가격지수,매매,101.7458
2024-12-09,경기,오산시,가격지수,매매,101.7247
2024-12-16,경기,오산시,가격지수,매매,101.7066
2024-12-23,경기,오산시,가격지수,매매,101.704
2024-12-30,경기,오산시,가격지수,매매,101.7023
2025-01-06,경기,오산시,가격지수,매매,101.6837
2025-01-13,경기,오산시,가격지수,매매,101.6625
2025-01-20,경기,오산시,가격지수,매매,101.4934
2025-02-03,경기,오산시,가격지수,매매,101.4645
2025-02-10,경기,오산시,가격지수,매매,101.4631
2025-02-17,경기,오산시,가격지수,매매,101.4338
2025-02-24,경기,오산시,가격지수,매매,101.3939
2025-03-03,경기,오산시,가격지수,매매,101.3758
2025-03-10,경기,오산시,가격지수,매매,101.3394
2025-03-17,경기,오산시,가격지수,매매,101.3292
2025-03-24,경기,오산시,가격지수,매매,101.3192
2025-03-31,경기,오산시,가격지수,매매,101.3138
2025-04-07,경기,오산시,가격지수,매매,101.2465
2025-04-14,경기,오산시,가격지수,매매,101.1884
2025-04-21,경기,오산시,가격지수,매매,101.1116
2025-04-28,경기,오산시,가격지수,매매,101.1038
2025-05-05,경기,오산시,가격지수,매매,101.1112
2025-05-12,경기,오산시,가격지수,매매,101.0433
2025-05-19,경기,오산시,가격지수,매매,101.004
2025-05-26,경기,오산시,가격지수,매매,100.9853
2025-06-02,경기,오산시,가격지수,매매,100.9829
2025-06-09,경기,오산시,가격지수,매매,100.9336
2025-06-16,경기,오산시,가격지수,매매,100.9269
2025-06-23,경기,오산시,가격지수,매매,100.8524
2025-06-30,경기,오산시,가격지수,매매,100.8359
2025-07-07,경기,오산시,가격지수,매매,100.8173
2025-07-14,경기,오산시,가격지수,매매,100.8173
2025-07-21,경기,오산시,가격지수,매매,100.8083
2025-07-28,경기,오산시,가격지수,매매,100.7908
2025-08-04,경기,오산시,가격지수,매매,100.7564
2025-08-11,경기,오산시,가격지수,매매,100.6683
2025-08-18,경기,오산시,가격지수,매매,100.51
2025-08-25,경기,오산시,가격지수,매매,100.4191
2025-09-01,경기,오산시,가격지수,매매,100.4191
2025-09-08,경기,오산시,가격지수,매매,100.4057
2025-09-15,경기,오산시,가격지수,매매,100.3873
2025-09-22,경기,오산시,가격지수,매매,100.2902
2025-09-29,경기,오산시,가격지수,매매,100.1781
2025-10-13,경기,오산시,가격지수,매매,100.1781
2025-10-20,경기,오산시,가격지수,매매,100.1601
2025-10-27,경기,오산시,가격지수,매매,100.0872
2025-11-03,경기,오산시,가격지수,매매,100.0751
2025-11-10,경기,오산시,가격지수,매매,100.0676
2025-11-17,경기,오산시,가격지수,매매,100.0556
2025-11-24,경기,오산시,가격지수,매매,100.0533
2025-12-01,경기,오산시,가격지수,매매,100.0404
2025-12-08,경기,오산시,가격지수,매매,100.0283
2025-12-15,경기,오산시,가격지수,매매,100.0283
2025-12-22,경기,오산시,가격지수,매매,100.0337
2025-12-29,경기,오산시,가격지수,매매,100.0191
2026-01-05,경기,오산시,가격지수,매매,100.0129
2026-01-12,경기,오산시,가격지수,매매,100.0
2026-01-19,경기,오산시,가격지수,매매,99.9816
2026-01-26,경기,오산시,가격지수,매매,99.9321
2026-02-02,경기,오산시,가격지수,매매,99.904
2026-02-09,경기,오산시,가격지수,매매,99.9157
2026-02-23,경기,오산시,가격지수,매매,99.9283
2026-03-02,경기,오산시,가격지수,매매,99.9156
2026-03-09,경기,오산시,가격지수,매매,99.885
2026-03-16,경기,오산시,가격지수,매매,99.9283
2026-03-23,경기,오산시,가격지수,매매,99.9227
2026-03-30,경기,오산시,가격지수,매매,99.9026
2026-04-06,경기,오산시,가격지수,매매,99.9068
2026-04-13,경기,오산시,가격지수,매매,99.9559
2026-04-20,경기,오산시,가격지수,매매,99.9618
2026-04-27,경기,오산시,가격지수,매매,99.9562
2026-05-04,경기,오산시,가격지수,매매,99.9034
2026-05-11,경기,오산시,가격지수,매매,99.8739
2026-05-18,경기,오산시,가격지수,매매,99.8703
2026-05-25,경기,오산시,가격지수,매매,99.8511
2026-06-01,경기,오산시,가격지수,매매,99.8334
2026-06-08,경기,오산시,가격지수,매매,99.7951
2026-06-15,경기,오산시,가격지수,매매,99.7787
2026-06-22,경기,오산시,가격지수,매매,99.7874
2024-06-24,경기,용인시,가격지수,매매,93.9295
2024-07-01,경기,용인시,가격지수,매매,93.959
2024-07-08,경기,용인시,가격지수,매매,93.9862
2024-07-15,경기,용인시,가격지수,매매,94.0154
2024-07-22,경기,용인시,가격지수,매매,94.0701
2024-07-29,경기,용인시,가격지수,매매,94.0913
2024-08-05,경기,용인시,가격지수,매매,94.1243
2024-08-12,경기,용인시,가격지수,매매,94.2233
2024-08-19,경기,용인시,가격지수,매매,94.3478
2024-08-26,경기,용인시,가격지수,매매,94.4301
2024-09-02,경기,용인시,가격지수,매매,94.5501
2024-09-09,경기,용인시,가격지수,매매,94.6128
2024-09-23,경기,용인시,가격지수,매매,94.7113
2024-09-30,경기,용인시,가격지수,매매,94.7605
2024-10-07,경기,용인시,가격지수,매매,94.8109
2024-10-14,경기,용인시,가격지수,매매,94.8523
2024-10-21,경기,용인시,가격지수,매매,94.914
2024-10-28,경기,용인시,가격지수,매매,94.9574
2024-11-04,경기,용인시,가격지수,매매,94.9873
2024-11-11,경기,용인시,가격지수,매매,95.0198
2024-11-18,경기,용인시,가격지수,매매,95.0557
2024-11-25,경기,용인시,가격지수,매매,95.0664
2024-12-02,경기,용인시,가격지수,매매,95.0346
2024-12-09,경기,용인시,가격지수,매매,95.0066
2024-12-16,경기,용인시,가격지수,매매,94.9529
2024-12-23,경기,용인시,가격지수,매매,94.9091
2024-12-30,경기,용인시,가격지수,매매,94.8879
2025-01-06,경기,용인시,가격지수,매매,94.8896
2025-01-13,경기,용인시,가격지수,매매,94.8723
2025-01-20,경기,용인시,가격지수,매매,94.8409
2025-02-03,경기,용인시,가격지수,매매,94.8038
2025-02-10,경기,용인시,가격지수,매매,94.7886
2025-02-17,경기,용인시,가격지수,매매,94.7635
2025-02-24,경기,용인시,가격지수,매매,94.7658
2025-03-03,경기,용인시,가격지수,매매,94.7824
2025-03-10,경기,용인시,가격지수,매매,94.8063
2025-03-17,경기,용인시,가격지수,매매,94.8342
2025-03-24,경기,용인시,가격지수,매매,94.844
2025-03-31,경기,용인시,가격지수,매매,94.8725
2025-04-07,경기,용인시,가격지수,매매,94.8781
2025-04-14,경기,용인시,가격지수,매매,94.9067
2025-04-21,경기,용인시,가격지수,매매,94.9438
2025-04-28,경기,용인시,가격지수,매매,94.9726
2025-05-05,경기,용인시,가격지수,매매,95.0012
2025-05-12,경기,용인시,가격지수,매매,95.0638
2025-05-19,경기,용인시,가격지수,매매,95.1161
2025-05-26,경기,용인시,가격지수,매매,95.1657
2025-06-02,경기,용인시,가격지수,매매,95.2158
2025-06-09,경기,용인시,가격지수,매매,95.2916
2025-06-16,경기,용인시,가격지수,매매,95.3825
2025-06-23,경기,용인시,가격지수,매매,95.5521
2025-06-30,경기,용인시,가격지수,매매,95.7379
2025-07-07,경기,용인시,가격지수,매매,95.8915
2025-07-14,경기,용인시,가격지수,매매,96.0276
2025-07-21,경기,용인시,가격지수,매매,96.0867
2025-07-28,경기,용인시,가격지수,매매,96.1357
2025-08-04,경기,용인시,가격지수,매매,96.1615
2025-08-11,경기,용인시,가격지수,매매,96.2159
2025-08-18,경기,용인시,가격지수,매매,96.2492
2025-08-25,경기,용인시,가격지수,매매,96.3509
2025-09-01,경기,용인시,가격지수,매매,96.4617
2025-09-08,경기,용인시,가격지수,매매,96.5577
2025-09-15,경기,용인시,가격지수,매매,96.6658
2025-09-22,경기,용인시,가격지수,매매,96.8285
2025-09-29,경기,용인시,가격지수,매매,96.9538
2025-10-13,경기,용인시,가격지수,매매,97.2048
2025-10-20,경기,용인시,가격지수,매매,97.5621
2025-10-27,경기,용인시,가격지수,매매,97.9038
2025-11-03,경기,용인시,가격지수,매매,98.0789
2025-11-10,경기,용인시,가격지수,매매,98.2244
2025-11-17,경기,용인시,가격지수,매매,98.4057
2025-11-24,경기,용인시,가격지수,매매,98.5551
2025-12-01,경기,용인시,가격지수,매매,98.7174
2025-12-08,경기,용인시,가격지수,매매,98.8503
2025-12-15,경기,용인시,가격지수,매매,99.1243
2025-12-22,경기,용인시,가격지수,매매,99.3229
2025-12-29,경기,용인시,가격지수,매매,99.5845
2026-01-05,경기,용인시,가격지수,매매,99.7595
2026-01-12,경기,용인시,가격지수,매매,100.0
2026-01-19,경기,용인시,가격지수,매매,100.2817
2026-01-26,경기,용인시,가격지수,매매,100.6138
2026-02-02,경기,용인시,가격지수,매매,100.9143
2026-02-09,경기,용인시,가격지수,매매,101.2547
2026-02-23,경기,용인시,가격지수,매매,101.7879
2026-03-02,경기,용인시,가격지수,매매,102.1047
2026-03-09,경기,용인시,가격지수,매매,102.4781
2026-03-16,경기,용인시,가격지수,매매,102.7531
2026-03-23,경기,용인시,가격지수,매매,103.0656
2026-03-30,경기,용인시,가격지수,매매,103.4278
2026-04-06,경기,용인시,가격지수,매매,103.7125
2026-04-13,경기,용인시,가격지수,매매,103.9647
2026-04-20,경기,용인시,가격지수,매매,104.208
2026-04-27,경기,용인시,가격지수,매매,104.4774
2026-05-04,경기,용인시,가격지수,매매,104.6731
2026-05-11,경기,용인시,가격지수,매매,104.9408
2026-05-18,경기,용인시,가격지수,매매,105.1289
2026-05-25,경기,용인시,가격지수,매매,105.3289
2026-06-01,경기,용인시,가격지수,매매,105.5977
2026-06-08,경기,용인시,가격지수,매매,105.9632
2026-06-15,경기,용인시,가격지수,매매,106.247
2026-06-22,경기,용인시,가격지수,매매,106.6209
2024-06-24,경기,용인시 기흥구,가격지수,매매,97.5735
2024-07-01,경기,용인시 기흥구,가격지수,매매,97.575
2024-07-08,경기,용인시 기흥구,가격지수,매매,97.5702
2024-07-15,경기,용인시 기흥구,가격지수,매매,97.5709
2024-07-22,경기,용인시 기흥구,가격지수,매매,97.6112
2024-07-29,경기,용인시 기흥구,가격지수,매매,97.6199
2024-08-05,경기,용인시 기흥구,가격지수,매매,97.6183
2024-08-12,경기,용인시 기흥구,가격지수,매매,97.7112
2024-08-19,경기,용인시 기흥구,가격지수,매매,97.8153
2024-08-26,경기,용인시 기흥구,가격지수,매매,97.8903
2024-09-02,경기,용인시 기흥구,가격지수,매매,97.9455
2024-09-09,경기,용인시 기흥구,가격지수,매매,98.0097
2024-09-23,경기,용인시 기흥구,가격지수,매매,98.1284
2024-09-30,경기,용인시 기흥구,가격지수,매매,98.1421
2024-10-07,경기,용인시 기흥구,가격지수,매매,98.1801
2024-10-14,경기,용인시 기흥구,가격지수,매매,98.1875
2024-10-21,경기,용인시 기흥구,가격지수,매매,98.2161
2024-10-28,경기,용인시 기흥구,가격지수,매매,98.2304
2024-11-04,경기,용인시 기흥구,가격지수,매매,98.2352
2024-11-11,경기,용인시 기흥구,가격지수,매매,98.2607
2024-11-18,경기,용인시 기흥구,가격지수,매매,98.2835
2024-11-25,경기,용인시 기흥구,가격지수,매매,98.2765
2024-12-02,경기,용인시 기흥구,가격지수,매매,98.2712
2024-12-09,경기,용인시 기흥구,가격지수,매매,98.2232
2024-12-16,경기,용인시 기흥구,가격지수,매매,98.1134
2024-12-23,경기,용인시 기흥구,가격지수,매매,97.998
2024-12-30,경기,용인시 기흥구,가격지수,매매,97.9581
2025-01-06,경기,용인시 기흥구,가격지수,매매,97.9489
2025-01-13,경기,용인시 기흥구,가격지수,매매,97.9508
2025-01-20,경기,용인시 기흥구,가격지수,매매,97.9153
2025-02-03,경기,용인시 기흥구,가격지수,매매,97.8828
2025-02-10,경기,용인시 기흥구,가격지수,매매,97.8614
2025-02-17,경기,용인시 기흥구,가격지수,매매,97.8523
2025-02-24,경기,용인시 기흥구,가격지수,매매,97.8337
2025-03-03,경기,용인시 기흥구,가격지수,매매,97.8217
2025-03-10,경기,용인시 기흥구,가격지수,매매,97.8274
2025-03-17,경기,용인시 기흥구,가격지수,매매,97.8187
2025-03-24,경기,용인시 기흥구,가격지수,매매,97.8158
2025-03-31,경기,용인시 기흥구,가격지수,매매,97.8126
2025-04-07,경기,용인시 기흥구,가격지수,매매,97.8168
2025-04-14,경기,용인시 기흥구,가격지수,매매,97.8176
2025-04-21,경기,용인시 기흥구,가격지수,매매,97.8452
2025-04-28,경기,용인시 기흥구,가격지수,매매,97.8694
2025-05-05,경기,용인시 기흥구,가격지수,매매,97.8784
2025-05-12,경기,용인시 기흥구,가격지수,매매,97.9293
2025-05-19,경기,용인시 기흥구,가격지수,매매,97.9208
2025-05-26,경기,용인시 기흥구,가격지수,매매,97.9674
2025-06-02,경기,용인시 기흥구,가격지수,매매,97.9692
2025-06-09,경기,용인시 기흥구,가격지수,매매,98.0001
2025-06-16,경기,용인시 기흥구,가격지수,매매,98.0173
2025-06-23,경기,용인시 기흥구,가격지수,매매,98.0506
2025-06-30,경기,용인시 기흥구,가격지수,매매,98.0773
2025-07-07,경기,용인시 기흥구,가격지수,매매,98.1315
2025-07-14,경기,용인시 기흥구,가격지수,매매,98.1444
2025-07-21,경기,용인시 기흥구,가격지수,매매,98.166
2025-07-28,경기,용인시 기흥구,가격지수,매매,98.1992
2025-08-04,경기,용인시 기흥구,가격지수,매매,98.2117
2025-08-11,경기,용인시 기흥구,가격지수,매매,98.2269
2025-08-18,경기,용인시 기흥구,가격지수,매매,98.2277
2025-08-25,경기,용인시 기흥구,가격지수,매매,98.2808
2025-09-01,경기,용인시 기흥구,가격지수,매매,98.2927
2025-09-08,경기,용인시 기흥구,가격지수,매매,98.2947
2025-09-15,경기,용인시 기흥구,가격지수,매매,98.3365
2025-09-22,경기,용인시 기흥구,가격지수,매매,98.3838
2025-09-29,경기,용인시 기흥구,가격지수,매매,98.4487
2025-10-13,경기,용인시 기흥구,가격지수,매매,98.4897
2025-10-20,경기,용인시 기흥구,가격지수,매매,98.5884
2025-10-27,경기,용인시 기흥구,가격지수,매매,98.741
2025-11-03,경기,용인시 기흥구,가격지수,매매,98.8341
2025-11-10,경기,용인시 기흥구,가격지수,매매,98.9538
2025-11-17,경기,용인시 기흥구,가격지수,매매,99.0829
2025-11-24,경기,용인시 기흥구,가격지수,매매,99.2086
2025-12-01,경기,용인시 기흥구,가격지수,매매,99.3289
2025-12-08,경기,용인시 기흥구,가격지수,매매,99.4158
2025-12-15,경기,용인시 기흥구,가격지수,매매,99.515
2025-12-22,경기,용인시 기흥구,가격지수,매매,99.6266
2025-12-29,경기,용인시 기흥구,가격지수,매매,99.7205
2026-01-05,경기,용인시 기흥구,가격지수,매매,99.8778
2026-01-12,경기,용인시 기흥구,가격지수,매매,100.0
2026-01-19,경기,용인시 기흥구,가격지수,매매,100.0636
2026-01-26,경기,용인시 기흥구,가격지수,매매,100.1897
2026-02-02,경기,용인시 기흥구,가격지수,매매,100.3361
2026-02-09,경기,용인시 기흥구,가격지수,매매,100.5943
2026-02-23,경기,용인시 기흥구,가격지수,매매,100.9594
2026-03-02,경기,용인시 기흥구,가격지수,매매,101.0998
2026-03-09,경기,용인시 기흥구,가격지수,매매,101.2951
2026-03-16,경기,용인시 기흥구,가격지수,매매,101.4497
2026-03-23,경기,용인시 기흥구,가격지수,매매,101.6042
2026-03-30,경기,용인시 기흥구,가격지수,매매,101.8351
2026-04-06,경기,용인시 기흥구,가격지수,매매,101.9863
2026-04-13,경기,용인시 기흥구,가격지수,매매,102.1276
2026-04-20,경기,용인시 기흥구,가격지수,매매,102.3504
2026-04-27,경기,용인시 기흥구,가격지수,매매,102.5901
2026-05-04,경기,용인시 기흥구,가격지수,매매,102.8144
2026-05-11,경기,용인시 기흥구,가격지수,매매,103.055
2026-05-18,경기,용인시 기흥구,가격지수,매매,103.1963
2026-05-25,경기,용인시 기흥구,가격지수,매매,103.4493
2026-06-01,경기,용인시 기흥구,가격지수,매매,103.6581
2026-06-08,경기,용인시 기흥구,가격지수,매매,103.8684
2026-06-15,경기,용인시 기흥구,가격지수,매매,104.1559
2026-06-22,경기,용인시 기흥구,가격지수,매매,104.5412
2024-06-24,경기,용인시 수지구,가격지수,매매,88.5623
2024-07-01,경기,용인시 수지구,가격지수,매매,88.6303
2024-07-08,경기,용인시 수지구,가격지수,매매,88.7127
2024-07-15,경기,용인시 수지구,가격지수,매매,88.7988
2024-07-22,경기,용인시 수지구,가격지수,매매,88.8882
2024-07-29,경기,용인시 수지구,가격지수,매매,88.9649
2024-08-05,경기,용인시 수지구,가격지수,매매,89.0514
2024-08-12,경기,용인시 수지구,가격지수,매매,89.1927
2024-08-19,경기,용인시 수지구,가격지수,매매,89.3941
2024-08-26,경기,용인시 수지구,가격지수,매매,89.5309
2024-09-02,경기,용인시 수지구,가격지수,매매,89.7109
2024-09-09,경기,용인시 수지구,가격지수,매매,89.7953
2024-09-23,경기,용인시 수지구,가격지수,매매,89.911
2024-09-30,경기,용인시 수지구,가격지수,매매,90.0073
2024-10-07,경기,용인시 수지구,가격지수,매매,90.082
2024-10-14,경기,용인시 수지구,가격지수,매매,90.1612
2024-10-21,경기,용인시 수지구,가격지수,매매,90.2694
2024-10-28,경기,용인시 수지구,가격지수,매매,90.3376
2024-11-04,경기,용인시 수지구,가격지수,매매,90.4008
2024-11-11,경기,용인시 수지구,가격지수,매매,90.4569
2024-11-18,경기,용인시 수지구,가격지수,매매,90.5193
2024-11-25,경기,용인시 수지구,가격지수,매매,90.563
2024-12-02,경기,용인시 수지구,가격지수,매매,90.5468
2024-12-09,경기,용인시 수지구,가격지수,매매,90.5332
2024-12-16,경기,용인시 수지구,가격지수,매매,90.5351
2024-12-23,경기,용인시 수지구,가격지수,매매,90.5604
2024-12-30,경기,용인시 수지구,가격지수,매매,90.569
2025-01-06,경기,용인시 수지구,가격지수,매매,90.5862
2025-01-13,경기,용인시 수지구,가격지수,매매,90.5822
2025-01-20,경기,용인시 수지구,가격지수,매매,90.574
2025-02-03,경기,용인시 수지구,가격지수,매매,90.5963
2025-02-10,경기,용인시 수지구,가격지수,매매,90.6162
2025-02-17,경기,용인시 수지구,가격지수,매매,90.5757
2025-02-24,경기,용인시 수지구,가격지수,매매,90.5981
2025-03-03,경기,용인시 수지구,가격지수,매매,90.6415
2025-03-10,경기,용인시 수지구,가격지수,매매,90.6891
2025-03-17,경기,용인시 수지구,가격지수,매매,90.7745
2025-03-24,경기,용인시 수지구,가격지수,매매,90.8109
2025-03-31,경기,용인시 수지구,가격지수,매매,90.8772
2025-04-07,경기,용인시 수지구,가격지수,매매,90.9167
2025-04-14,경기,용인시 수지구,가격지수,매매,90.9849
2025-04-21,경기,용인시 수지구,가격지수,매매,91.0481
2025-04-28,경기,용인시 수지구,가격지수,매매,91.0902
2025-05-05,경기,용인시 수지구,가격지수,매매,91.1462
2025-05-12,경기,용인시 수지구,가격지수,매매,91.2445
2025-05-19,경기,용인시 수지구,가격지수,매매,91.3873
2025-05-26,경기,용인시 수지구,가격지수,매매,91.4634
2025-06-02,경기,용인시 수지구,가격지수,매매,91.5704
2025-06-09,경기,용인시 수지구,가격지수,매매,91.7165
2025-06-16,경기,용인시 수지구,가격지수,매매,91.9167
2025-06-23,경기,용인시 수지구,가격지수,매매,92.2668
2025-06-30,경기,용인시 수지구,가격지수,매매,92.6548
2025-07-07,경기,용인시 수지구,가격지수,매매,92.9343
2025-07-14,경기,용인시 수지구,가격지수,매매,93.2318
2025-07-21,경기,용인시 수지구,가격지수,매매,93.3273
2025-07-28,경기,용인시 수지구,가격지수,매매,93.4026
2025-08-04,경기,용인시 수지구,가격지수,매매,93.4397
2025-08-11,경기,용인시 수지구,가격지수,매매,93.5275
2025-08-18,경기,용인시 수지구,가격지수,매매,93.596
2025-08-25,경기,용인시 수지구,가격지수,매매,93.7606
2025-09-01,경기,용인시 수지구,가격지수,매매,93.9853
2025-09-08,경기,용인시 수지구,가격지수,매매,94.1714
2025-09-15,경기,용인시 수지구,가격지수,매매,94.3767
2025-09-22,경기,용인시 수지구,가격지수,매매,94.6968
2025-09-29,경기,용인시 수지구,가격지수,매매,94.9247
2025-10-13,경기,용인시 수지구,가격지수,매매,95.4383
2025-10-20,경기,용인시 수지구,가격지수,매매,96.1252
2025-10-27,경기,용인시 수지구,가격지수,매매,96.7583
2025-11-03,경기,용인시 수지구,가격지수,매매,97.0265
2025-11-10,경기,용인시 수지구,가격지수,매매,97.221
2025-11-17,경기,용인시 수지구,가격지수,매매,97.455
2025-11-24,경기,용인시 수지구,가격지수,매매,97.6497
2025-12-01,경기,용인시 수지구,가격지수,매매,97.8654
2025-12-08,경기,용인시 수지구,가격지수,매매,98.0898
2025-12-15,경기,용인시 수지구,가격지수,매매,98.5032
2025-12-22,경기,용인시 수지구,가격지수,매매,98.7872
2025-12-29,경기,용인시 수지구,가격지수,매매,99.2996
2026-01-05,경기,용인시 수지구,가격지수,매매,99.5448
2026-01-12,경기,용인시 수지구,가격지수,매매,100.0
2026-01-19,경기,용인시 수지구,가격지수,매매,100.5813
2026-01-26,경기,용인시 수지구,가격지수,매매,101.2507
2026-02-02,경기,용인시 수지구,가격지수,매매,101.821
2026-02-09,경기,용인시 수지구,가격지수,매매,102.3576
2026-02-23,경기,용인시 수지구,가격지수,매매,103.2524
2026-03-02,경기,용인시 수지구,가격지수,매매,103.8721
2026-03-09,경기,용인시 수지구,가격지수,매매,104.5333
2026-03-16,경기,용인시 수지구,가격지수,매매,105.0347
2026-03-23,경기,용인시 수지구,가격지수,매매,105.6088
2026-03-30,경기,용인시 수지구,가격지수,매매,106.2449
2026-04-06,경기,용인시 수지구,가격지수,매매,106.7754
2026-04-13,경기,용인시 수지구,가격지수,매매,107.217
2026-04-20,경기,용인시 수지구,가격지수,매매,107.5423
2026-04-27,경기,용인시 수지구,가격지수,매매,107.9185
2026-05-04,경기,용인시 수지구,가격지수,매매,108.1684
2026-05-11,경기,용인시 수지구,가격지수,매매,108.535
2026-05-18,경기,용인시 수지구,가격지수,매매,108.8525
2026-05-25,경기,용인시 수지구,가격지수,매매,109.0852
2026-06-01,경기,용인시 수지구,가격지수,매매,109.5205
2026-06-08,경기,용인시 수지구,가격지수,매매,110.1639
2026-06-15,경기,용인시 수지구,가격지수,매매,110.5594
2026-06-22,경기,용인시 수지구,가격지수,매매,111.0897
2024-06-24,경기,용인시 처인구,가격지수,매매,99.746
2024-07-01,경기,용인시 처인구,가격지수,매매,99.7308
2024-07-08,경기,용인시 처인구,가격지수,매매,99.6683
2024-07-15,경기,용인시 처인구,가격지수,매매,99.5894
2024-07-22,경기,용인시 처인구,가격지수,매매,99.569
2024-07-29,경기,용인시 처인구,가격지수,매매,99.4363
2024-08-05,경기,용인시 처인구,가격지수,매매,99.3937
2024-08-12,경기,용인시 처인구,가격지수,매매,99.3644
2024-08-19,경기,용인시 처인구,가격지수,매매,99.2857
2024-08-26,경기,용인시 처인구,가격지수,매매,99.2019
2024-09-02,경기,용인시 처인구,가격지수,매매,99.3197
2024-09-09,경기,용인시 처인구,가격지수,매매,99.3021
2024-09-23,경기,용인시 처인구,가격지수,매매,99.2765
2024-09-30,경기,용인시 처인구,가격지수,매매,99.2765
2024-10-07,경기,용인시 처인구,가격지수,매매,99.2818
2024-10-14,경기,용인시 처인구,가격지수,매매,99.3014
2024-10-21,경기,용인시 처인구,가격지수,매매,99.3097
2024-10-28,경기,용인시 처인구,가격지수,매매,99.3599
2024-11-04,경기,용인시 처인구,가격지수,매매,99.3551
2024-11-11,경기,용인시 처인구,가격지수,매매,99.3282
2024-11-18,경기,용인시 처인구,가격지수,매매,99.3149
2024-11-25,경기,용인시 처인구,가격지수,매매,99.2685
2024-12-02,경기,용인시 처인구,가격지수,매매,99.0992
2024-12-09,경기,용인시 처인구,가격지수,매매,99.0857
2024-12-16,경기,용인시 처인구,가격지수,매매,99.0201
2024-12-23,경기,용인시 처인구,가격지수,매매,98.9675
2024-12-30,경기,용인시 처인구,가격지수,매매,98.9045
2025-01-06,경기,용인시 처인구,가격지수,매매,98.8875
2025-01-13,경기,용인시 처인구,가격지수,매매,98.7645
2025-01-20,경기,용인시 처인구,가격지수,매매,98.6677
2025-02-03,경기,용인시 처인구,가격지수,매매,98.4133
2025-02-10,경기,용인시 처인구,가격지수,매매,98.2991
2025-02-17,경기,용인시 처인구,가격지수,매매,98.276
2025-02-24,경기,용인시 처인구,가격지수,매매,98.276
2025-03-03,경기,용인시 처인구,가격지수,매매,98.2919
2025-03-10,경기,용인시 처인구,가격지수,매매,98.2919
2025-03-17,경기,용인시 처인구,가격지수,매매,98.2395
2025-03-24,경기,용인시 처인구,가격지수,매매,98.1986
2025-03-31,경기,용인시 처인구,가격지수,매매,98.1986
2025-04-07,경기,용인시 처인구,가격지수,매매,98.0999
2025-04-14,경기,용인시 처인구,가격지수,매매,98.0848
2025-04-21,경기,용인시 처인구,가격지수,매매,98.0669
2025-04-28,경기,용인시 처인구,가격지수,매매,98.0669
2025-05-05,경기,용인시 처인구,가격지수,매매,98.0671
2025-05-12,경기,용인시 처인구,가격지수,매매,98.0509
2025-05-19,경기,용인시 처인구,가격지수,매매,97.9969
2025-05-26,경기,용인시 처인구,가격지수,매매,97.9721
2025-06-02,경기,용인시 처인구,가격지수,매매,97.9852
2025-06-09,경기,용인시 처인구,가격지수,매매,97.9729
2025-06-16,경기,용인시 처인구,가격지수,매매,97.9377
2025-06-23,경기,용인시 처인구,가격지수,매매,97.944
2025-06-30,경기,용인시 처인구,가격지수,매매,97.9674
2025-07-07,경기,용인시 처인구,가격지수,매매,98.0219
2025-07-14,경기,용인시 처인구,가격지수,매매,98.0205
2025-07-21,경기,용인시 처인구,가격지수,매매,98.0769
2025-07-28,경기,용인시 처인구,가격지수,매매,98.0918
2025-08-04,경기,용인시 처인구,가격지수,매매,98.1214
2025-08-11,경기,용인시 처인구,가격지수,매매,98.1878
2025-08-18,경기,용인시 처인구,가격지수,매매,98.2089
2025-08-25,경기,용인시 처인구,가격지수,매매,98.2603
2025-09-01,경기,용인시 처인구,가격지수,매매,98.3118
2025-09-08,경기,용인시 처인구,가격지수,매매,98.4082
2025-09-15,경기,용인시 처인구,가격지수,매매,98.4147
2025-09-22,경기,용인시 처인구,가격지수,매매,98.4376
2025-09-29,경기,용인시 처인구,가격지수,매매,98.4387
2025-10-13,경기,용인시 처인구,가격지수,매매,98.524
2025-10-20,경기,용인시 처인구,가격지수,매매,98.6638
2025-10-27,경기,용인시 처인구,가격지수,매매,98.7102
2025-11-03,경기,용인시 처인구,가격지수,매매,98.8527
2025-11-10,경기,용인시 처인구,가격지수,매매,98.9362
2025-11-17,경기,용인시 처인구,가격지수,매매,99.1147
2025-11-24,경기,용인시 처인구,가격지수,매매,99.2065
2025-12-01,경기,용인시 처인구,가격지수,매매,99.3371
2025-12-08,경기,용인시 처인구,가격지수,매매,99.3495
2025-12-15,경기,용인시 처인구,가격지수,매매,99.7111
2025-12-22,경기,용인시 처인구,가격지수,매매,99.913
2025-12-29,경기,용인시 처인구,가격지수,매매,99.9614
2026-01-05,경기,용인시 처인구,가격지수,매매,100.0031
2026-01-12,경기,용인시 처인구,가격지수,매매,100.0
2026-01-19,경기,용인시 처인구,가격지수,매매,100.0796
2026-01-26,경기,용인시 처인구,가격지수,매매,100.088
2026-02-02,경기,용인시 처인구,가격지수,매매,100.115
2026-02-09,경기,용인시 처인구,가격지수,매매,100.1854
2026-02-23,경기,용인시 처인구,가격지수,매매,100.2654
2026-03-02,경기,용인시 처인구,가격지수,매매,100.2938
2026-03-09,경기,용인시 처인구,가격지수,매매,100.4223
2026-03-16,경기,용인시 처인구,가격지수,매매,100.4593
2026-03-23,경기,용인시 처인구,가격지수,매매,100.549
2026-03-30,경기,용인시 처인구,가격지수,매매,100.5981
2026-04-06,경기,용인시 처인구,가격지수,매매,100.6423
2026-04-13,경기,용인시 처인구,가격지수,매매,100.7304
2026-04-20,경기,용인시 처인구,가격지수,매매,100.8373
2026-04-27,경기,용인시 처인구,가격지수,매매,100.937
2026-05-04,경기,용인시 처인구,가격지수,매매,100.9419
2026-05-11,경기,용인시 처인구,가격지수,매매,101.0602
2026-05-18,경기,용인시 처인구,가격지수,매매,101.0813
2026-05-25,경기,용인시 처인구,가격지수,매매,101.0961
2026-06-01,경기,용인시 처인구,가격지수,매매,101.1528
2026-06-08,경기,용인시 처인구,가격지수,매매,101.2877
2026-06-15,경기,용인시 처인구,가격지수,매매,101.3336
2026-06-22,경기,용인시 처인구,가격지수,매매,101.3617
2024-06-24,경기,의왕시,가격지수,매매,96.4455
2024-07-01,경기,의왕시,가격지수,매매,96.4759
2024-07-08,경기,의왕시,가격지수,매매,96.4588
2024-07-15,경기,의왕시,가격지수,매매,96.4293
2024-07-22,경기,의왕시,가격지수,매매,96.4676
2024-07-29,경기,의왕시,가격지수,매매,96.5983
2024-08-05,경기,의왕시,가격지수,매매,96.5423
2024-08-12,경기,의왕시,가격지수,매매,96.602
2024-08-19,경기,의왕시,가격지수,매매,96.8219
2024-08-26,경기,의왕시,가격지수,매매,96.9535
2024-09-02,경기,의왕시,가격지수,매매,97.0299
2024-09-09,경기,의왕시,가격지수,매매,97.0927
2024-09-23,경기,의왕시,가격지수,매매,97.1277
2024-09-30,경기,의왕시,가격지수,매매,97.1872
2024-10-07,경기,의왕시,가격지수,매매,97.2633
2024-10-14,경기,의왕시,가격지수,매매,97.3076
2024-10-21,경기,의왕시,가격지수,매매,97.3616
2024-10-28,경기,의왕시,가격지수,매매,97.4167
2024-11-04,경기,의왕시,가격지수,매매,97.4213
2024-11-11,경기,의왕시,가격지수,매매,97.4233
2024-11-18,경기,의왕시,가격지수,매매,97.4347
2024-11-25,경기,의왕시,가격지수,매매,97.4842
2024-12-02,경기,의왕시,가격지수,매매,97.5328
2024-12-09,경기,의왕시,가격지수,매매,97.5293
2024-12-16,경기,의왕시,가격지수,매매,97.4775
2024-12-23,경기,의왕시,가격지수,매매,97.3871
2024-12-30,경기,의왕시,가격지수,매매,97.3251
2025-01-06,경기,의왕시,가격지수,매매,97.323
2025-01-13,경기,의왕시,가격지수,매매,97.3339
2025-01-20,경기,의왕시,가격지수,매매,97.3444
2025-02-03,경기,의왕시,가격지수,매매,97.2711
2025-02-10,경기,의왕시,가격지수,매매,97.3141
2025-02-17,경기,의왕시,가격지수,매매,97.3379
2025-02-24,경기,의왕시,가격지수,매매,97.3608
2025-03-03,경기,의왕시,가격지수,매매,97.3921
2025-03-10,경기,의왕시,가격지수,매매,97.395
2025-03-17,경기,의왕시,가격지수,매매,97.4193
2025-03-24,경기,의왕시,가격지수,매매,97.4651
2025-03-31,경기,의왕시,가격지수,매매,97.6223
2025-04-07,경기,의왕시,가격지수,매매,97.63
2025-04-14,경기,의왕시,가격지수,매매,97.7276
2025-04-21,경기,의왕시,가격지수,매매,97.7524
2025-04-28,경기,의왕시,가격지수,매매,97.7828
2025-05-05,경기,의왕시,가격지수,매매,97.7348
2025-05-12,경기,의왕시,가격지수,매매,97.712
2025-05-19,경기,의왕시,가격지수,매매,97.771
2025-05-26,경기,의왕시,가격지수,매매,97.8379
2025-06-02,경기,의왕시,가격지수,매매,97.8634
2025-06-09,경기,의왕시,가격지수,매매,97.9678
2025-06-16,경기,의왕시,가격지수,매매,98.0394
2025-06-23,경기,의왕시,가격지수,매매,98.2595
2025-06-30,경기,의왕시,가격지수,매매,98.2892
2025-07-07,경기,의왕시,가격지수,매매,98.3875
2025-07-14,경기,의왕시,가격지수,매매,98.4162
2025-07-21,경기,의왕시,가격지수,매매,98.3567
2025-07-28,경기,의왕시,가격지수,매매,98.3417
2025-08-04,경기,의왕시,가격지수,매매,98.3458
2025-08-11,경기,의왕시,가격지수,매매,98.4015
2025-08-18,경기,의왕시,가격지수,매매,98.3947
2025-08-25,경기,의왕시,가격지수,매매,98.384
2025-09-01,경기,의왕시,가격지수,매매,98.4535
2025-09-08,경기,의왕시,가격지수,매매,98.4695
2025-09-15,경기,의왕시,가격지수,매매,98.5843
2025-09-22,경기,의왕시,가격지수,매매,98.6531
2025-09-29,경기,의왕시,가격지수,매매,98.6831
2025-10-13,경기,의왕시,가격지수,매매,98.8765
2025-10-20,경기,의왕시,가격지수,매매,98.9699
2025-10-27,경기,의왕시,가격지수,매매,99.0241
2025-11-03,경기,의왕시,가격지수,매매,99.1155
2025-11-10,경기,의왕시,가격지수,매매,99.1436
2025-11-17,경기,의왕시,가격지수,매매,99.3237
2025-11-24,경기,의왕시,가격지수,매매,99.4306
2025-12-01,경기,의왕시,가격지수,매매,99.5164
2025-12-08,경기,의왕시,가격지수,매매,99.7066
2025-12-15,경기,의왕시,가격지수,매매,99.7165
2025-12-22,경기,의왕시,가격지수,매매,99.7766
2025-12-29,경기,의왕시,가격지수,매매,99.8332
2026-01-05,경기,의왕시,가격지수,매매,99.8651
2026-01-12,경기,의왕시,가격지수,매매,100.0
2026-01-19,경기,의왕시,가격지수,매매,100.1404
2026-01-26,경기,의왕시,가격지수,매매,100.1488
2026-02-02,경기,의왕시,가격지수,매매,100.2867
2026-02-09,경기,의왕시,가격지수,매매,100.3689
2026-02-23,경기,의왕시,가격지수,매매,100.5615
2026-03-02,경기,의왕시,가격지수,매매,100.8783
2026-03-09,경기,의왕시,가격지수,매매,100.9829
2026-03-16,경기,의왕시,가격지수,매매,101.3177
2026-03-23,경기,의왕시,가격지수,매매,101.7136
2026-03-30,경기,의왕시,가격지수,매매,101.8534
2026-04-06,경기,의왕시,가격지수,매매,102.1285
2026-04-13,경기,의왕시,가격지수,매매,102.3663
2026-04-20,경기,의왕시,가격지수,매매,102.4423
2026-04-27,경기,의왕시,가격지수,매매,102.5752
2026-05-04,경기,의왕시,가격지수,매매,102.6957
2026-05-11,경기,의왕시,가격지수,매매,102.8189
2026-05-18,경기,의왕시,가격지수,매매,102.8929
2026-05-25,경기,의왕시,가격지수,매매,103.0015
2026-06-01,경기,의왕시,가격지수,매매,103.1962
2026-06-08,경기,의왕시,가격지수,매매,103.23
2026-06-15,경기,의왕시,가격지수,매매,103.3649
2026-06-22,경기,의왕시,가격지수,매매,103.5322
2024-06-24,경기,의정부시,가격지수,매매,101.2873
2024-07-01,경기,의정부시,가격지수,매매,101.2291
2024-07-08,경기,의정부시,가격지수,매매,101.2205
2024-07-15,경기,의정부시,가격지수,매매,101.2247
2024-07-22,경기,의정부시,가격지수,매매,101.2245
2024-07-29,경기,의정부시,가격지수,매매,101.2089
2024-08-05,경기,의정부시,가격지수,매매,101.1866
2024-08-12,경기,의정부시,가격지수,매매,101.1633
2024-08-19,경기,의정부시,가격지수,매매,101.1521
2024-08-26,경기,의정부시,가격지수,매매,101.1716
2024-09-02,경기,의정부시,가격지수,매매,101.1851
2024-09-09,경기,의정부시,가격지수,매매,101.1883
2024-09-23,경기,의정부시,가격지수,매매,101.1807
2024-09-30,경기,의정부시,가격지수,매매,101.1811
2024-10-07,경기,의정부시,가격지수,매매,101.1877
2024-10-14,경기,의정부시,가격지수,매매,101.2043
2024-10-21,경기,의정부시,가격지수,매매,101.2073
2024-10-28,경기,의정부시,가격지수,매매,101.2115
2024-11-04,경기,의정부시,가격지수,매매,101.2129
2024-11-11,경기,의정부시,가격지수,매매,101.116
2024-11-18,경기,의정부시,가격지수,매매,101.0702
2024-11-25,경기,의정부시,가격지수,매매,101.0426
2024-12-02,경기,의정부시,가격지수,매매,101.0162
2024-12-09,경기,의정부시,가격지수,매매,100.9835
2024-12-16,경기,의정부시,가격지수,매매,100.9466
2024-12-23,경기,의정부시,가격지수,매매,100.7676
2024-12-30,경기,의정부시,가격지수,매매,100.6068
2025-01-06,경기,의정부시,가격지수,매매,100.5969
2025-01-13,경기,의정부시,가격지수,매매,100.5474
2025-01-20,경기,의정부시,가격지수,매매,100.5027
2025-02-03,경기,의정부시,가격지수,매매,100.4248
2025-02-10,경기,의정부시,가격지수,매매,100.413
2025-02-17,경기,의정부시,가격지수,매매,100.4
2025-02-24,경기,의정부시,가격지수,매매,100.3438
2025-03-03,경기,의정부시,가격지수,매매,100.3132
2025-03-10,경기,의정부시,가격지수,매매,100.2879
2025-03-17,경기,의정부시,가격지수,매매,100.2548
2025-03-24,경기,의정부시,가격지수,매매,100.1947
2025-03-31,경기,의정부시,가격지수,매매,100.1821
2025-04-07,경기,의정부시,가격지수,매매,100.1643
2025-04-14,경기,의정부시,가격지수,매매,100.1392
2025-04-21,경기,의정부시,가격지수,매매,100.0985
2025-04-28,경기,의정부시,가격지수,매매,100.0558
2025-05-05,경기,의정부시,가격지수,매매,100.0647
2025-05-12,경기,의정부시,가격지수,매매,100.0303
2025-05-19,경기,의정부시,가격지수,매매,100.0061
2025-05-26,경기,의정부시,가격지수,매매,99.9769
2025-06-02,경기,의정부시,가격지수,매매,99.9688
2025-06-09,경기,의정부시,가격지수,매매,99.8826
2025-06-16,경기,의정부시,가격지수,매매,99.86
2025-06-23,경기,의정부시,가격지수,매매,99.8299
2025-06-30,경기,의정부시,가격지수,매매,99.8241
2025-07-07,경기,의정부시,가격지수,매매,99.8199
2025-07-14,경기,의정부시,가격지수,매매,99.833
2025-07-21,경기,의정부시,가격지수,매매,99.8256
2025-07-28,경기,의정부시,가격지수,매매,99.8287
2025-08-04,경기,의정부시,가격지수,매매,99.8311
2025-08-11,경기,의정부시,가격지수,매매,99.8277
2025-08-18,경기,의정부시,가격지수,매매,99.8173
2025-08-25,경기,의정부시,가격지수,매매,99.799
2025-09-01,경기,의정부시,가격지수,매매,99.7921
2025-09-08,경기,의정부시,가격지수,매매,99.7707
2025-09-15,경기,의정부시,가격지수,매매,99.7716
2025-09-22,경기,의정부시,가격지수,매매,99.7814
2025-09-29,경기,의정부시,가격지수,매매,99.784
2025-10-13,경기,의정부시,가격지수,매매,99.7883
2025-10-20,경기,의정부시,가격지수,매매,99.788
2025-10-27,경기,의정부시,가격지수,매매,99.8216
2025-11-03,경기,의정부시,가격지수,매매,99.8227
2025-11-10,경기,의정부시,가격지수,매매,99.8709
2025-11-17,경기,의정부시,가격지수,매매,99.8953
2025-11-24,경기,의정부시,가격지수,매매,99.9125
2025-12-01,경기,의정부시,가격지수,매매,99.9191
2025-12-08,경기,의정부시,가격지수,매매,99.9434
2025-12-15,경기,의정부시,가격지수,매매,99.9441
2025-12-22,경기,의정부시,가격지수,매매,99.9498
2025-12-29,경기,의정부시,가격지수,매매,99.9689
2026-01-05,경기,의정부시,가격지수,매매,99.9853
2026-01-12,경기,의정부시,가격지수,매매,100.0
2026-01-19,경기,의정부시,가격지수,매매,99.9923
2026-01-26,경기,의정부시,가격지수,매매,100.0132
2026-02-02,경기,의정부시,가격지수,매매,100.0318
2026-02-09,경기,의정부시,가격지수,매매,100.0375
2026-02-23,경기,의정부시,가격지수,매매,100.0261
2026-03-02,경기,의정부시,가격지수,매매,100.0068
2026-03-09,경기,의정부시,가격지수,매매,100.0074
2026-03-16,경기,의정부시,가격지수,매매,100.0008
2026-03-23,경기,의정부시,가격지수,매매,99.9963
2026-03-30,경기,의정부시,가격지수,매매,99.9783
2026-04-06,경기,의정부시,가격지수,매매,99.9443
2026-04-13,경기,의정부시,가격지수,매매,99.9248
2026-04-20,경기,의정부시,가격지수,매매,99.884
2026-04-27,경기,의정부시,가격지수,매매,99.872
2026-05-04,경기,의정부시,가격지수,매매,99.8755
2026-05-11,경기,의정부시,가격지수,매매,99.8824
2026-05-18,경기,의정부시,가격지수,매매,99.882
2026-05-25,경기,의정부시,가격지수,매매,99.8949
2026-06-01,경기,의정부시,가격지수,매매,99.931
2026-06-08,경기,의정부시,가격지수,매매,99.9611
2026-06-15,경기,의정부시,가격지수,매매,99.9983
2026-06-22,경기,의정부시,가격지수,매매,100.0166
2024-06-24,경기,이천시,가격지수,매매,109.778
2024-07-01,경기,이천시,가격지수,매매,109.6802
2024-07-08,경기,이천시,가격지수,매매,109.533
2024-07-15,경기,이천시,가격지수,매매,109.4473
2024-07-22,경기,이천시,가격지수,매매,109.2959
2024-07-29,경기,이천시,가격지수,매매,109.0853
2024-08-05,경기,이천시,가격지수,매매,108.7805
2024-08-12,경기,이천시,가격지수,매매,108.6494
2024-08-19,경기,이천시,가격지수,매매,108.4989
2024-08-26,경기,이천시,가격지수,매매,108.4385
2024-09-02,경기,이천시,가격지수,매매,108.3608
2024-09-09,경기,이천시,가격지수,매매,108.3384
2024-09-23,경기,이천시,가격지수,매매,108.301
2024-09-30,경기,이천시,가격지수,매매,108.2732
2024-10-07,경기,이천시,가격지수,매매,108.2098
2024-10-14,경기,이천시,가격지수,매매,108.1754
2024-10-21,경기,이천시,가격지수,매매,108.1615
2024-10-28,경기,이천시,가격지수,매매,108.0971
2024-11-04,경기,이천시,가격지수,매매,107.9702
2024-11-11,경기,이천시,가격지수,매매,107.9121
2024-11-18,경기,이천시,가격지수,매매,107.8596
2024-11-25,경기,이천시,가격지수,매매,107.7625
2024-12-02,경기,이천시,가격지수,매매,107.6819
2024-12-09,경기,이천시,가격지수,매매,107.5525
2024-12-16,경기,이천시,가격지수,매매,107.4818
2024-12-23,경기,이천시,가격지수,매매,107.4454
2024-12-30,경기,이천시,가격지수,매매,107.3741
2025-01-06,경기,이천시,가격지수,매매,107.3741
2025-01-13,경기,이천시,가격지수,매매,107.1909
2025-01-20,경기,이천시,가격지수,매매,107.0165
2025-02-03,경기,이천시,가격지수,매매,106.4797
2025-02-10,경기,이천시,가격지수,매매,106.303
2025-02-17,경기,이천시,가격지수,매매,105.977
2025-02-24,경기,이천시,가격지수,매매,105.3749
2025-03-03,경기,이천시,가격지수,매매,104.744
2025-03-10,경기,이천시,가격지수,매매,104.5963
2025-03-17,경기,이천시,가격지수,매매,104.5201
2025-03-24,경기,이천시,가격지수,매매,104.4928
2025-03-31,경기,이천시,가격지수,매매,104.3665
2025-04-07,경기,이천시,가격지수,매매,104.3671
2025-04-14,경기,이천시,가격지수,매매,104.3237
2025-04-21,경기,이천시,가격지수,매매,104.0584
2025-04-28,경기,이천시,가격지수,매매,103.9021
2025-05-05,경기,이천시,가격지수,매매,103.8142
2025-05-12,경기,이천시,가격지수,매매,103.6411
2025-05-19,경기,이천시,가격지수,매매,103.5539
2025-05-26,경기,이천시,가격지수,매매,103.4472
2025-06-02,경기,이천시,가격지수,매매,103.1629
2025-06-09,경기,이천시,가격지수,매매,103.12
2025-06-16,경기,이천시,가격지수,매매,103.0865
2025-06-23,경기,이천시,가격지수,매매,102.8487
2025-06-30,경기,이천시,가격지수,매매,102.6853
2025-07-07,경기,이천시,가격지수,매매,102.5592
2025-07-14,경기,이천시,가격지수,매매,102.4514
2025-07-21,경기,이천시,가격지수,매매,102.1057
2025-07-28,경기,이천시,가격지수,매매,102.003
2025-08-04,경기,이천시,가격지수,매매,101.9784
2025-08-11,경기,이천시,가격지수,매매,101.8872
2025-08-18,경기,이천시,가격지수,매매,101.8573
2025-08-25,경기,이천시,가격지수,매매,101.8518
2025-09-01,경기,이천시,가격지수,매매,101.7949
2025-09-08,경기,이천시,가격지수,매매,101.6765
2025-09-15,경기,이천시,가격지수,매매,101.472
2025-09-22,경기,이천시,가격지수,매매,101.4301
2025-09-29,경기,이천시,가격지수,매매,101.3379
2025-10-13,경기,이천시,가격지수,매매,101.2488
2025-10-20,경기,이천시,가격지수,매매,101.1436
2025-10-27,경기,이천시,가격지수,매매,101.0573
2025-11-03,경기,이천시,가격지수,매매,100.9738
2025-11-10,경기,이천시,가격지수,매매,100.7994
2025-11-17,경기,이천시,가격지수,매매,100.7605
2025-11-24,경기,이천시,가격지수,매매,100.6641
2025-12-01,경기,이천시,가격지수,매매,100.5876
2025-12-08,경기,이천시,가격지수,매매,100.5564
2025-12-15,경기,이천시,가격지수,매매,100.4642
2025-12-22,경기,이천시,가격지수,매매,100.3462
2025-12-29,경기,이천시,가격지수,매매,100.295
2026-01-05,경기,이천시,가격지수,매매,100.184
2026-01-12,경기,이천시,가격지수,매매,100.0
2026-01-19,경기,이천시,가격지수,매매,99.8952
2026-01-26,경기,이천시,가격지수,매매,99.8786
2026-02-02,경기,이천시,가격지수,매매,99.8441
2026-02-09,경기,이천시,가격지수,매매,99.7065
2026-02-23,경기,이천시,가격지수,매매,99.2299
2026-03-02,경기,이천시,가격지수,매매,98.9896
2026-03-09,경기,이천시,가격지수,매매,98.7471
2026-03-16,경기,이천시,가격지수,매매,98.6482
2026-03-23,경기,이천시,가격지수,매매,98.5372
2026-03-30,경기,이천시,가격지수,매매,98.3214
2026-04-06,경기,이천시,가격지수,매매,98.1636
2026-04-13,경기,이천시,가격지수,매매,97.853
2026-04-20,경기,이천시,가격지수,매매,97.7847
2026-04-27,경기,이천시,가격지수,매매,97.1085
2026-05-04,경기,이천시,가격지수,매매,96.9794
2026-05-11,경기,이천시,가격지수,매매,96.1327
2026-05-18,경기,이천시,가격지수,매매,95.9554
2026-05-25,경기,이천시,가격지수,매매,95.5926
2026-06-01,경기,이천시,가격지수,매매,95.3833
2026-06-08,경기,이천시,가격지수,매매,95.1892
2026-06-15,경기,이천시,가격지수,매매,94.95
2026-06-22,경기,이천시,가격지수,매매,94.8896
2024-06-24,경기,파주시,가격지수,매매,103.8282
2024-07-01,경기,파주시,가격지수,매매,103.7804
2024-07-08,경기,파주시,가격지수,매매,103.7126
2024-07-15,경기,파주시,가격지수,매매,103.6555
2024-07-22,경기,파주시,가격지수,매매,103.6301
2024-07-29,경기,파주시,가격지수,매매,103.6003
2024-08-05,경기,파주시,가격지수,매매,103.581
2024-08-12,경기,파주시,가격지수,매매,103.5732
2024-08-19,경기,파주시,가격지수,매매,103.5188
2024-08-26,경기,파주시,가격지수,매매,103.5228
2024-09-02,경기,파주시,가격지수,매매,103.516
2024-09-09,경기,파주시,가격지수,매매,103.4672
2024-09-23,경기,파주시,가격지수,매매,103.4257
2024-09-30,경기,파주시,가격지수,매매,103.3921
2024-10-07,경기,파주시,가격지수,매매,103.4023
2024-10-14,경기,파주시,가격지수,매매,103.4098
2024-10-21,경기,파주시,가격지수,매매,103.3959
2024-10-28,경기,파주시,가격지수,매매,103.4153
2024-11-04,경기,파주시,가격지수,매매,103.4503
2024-11-11,경기,파주시,가격지수,매매,103.4808
2024-11-18,경기,파주시,가격지수,매매,103.4983
2024-11-25,경기,파주시,가격지수,매매,103.516
2024-12-02,경기,파주시,가격지수,매매,103.5037
2024-12-09,경기,파주시,가격지수,매매,103.4599
2024-12-16,경기,파주시,가격지수,매매,103.4089
2024-12-23,경기,파주시,가격지수,매매,103.3696
2024-12-30,경기,파주시,가격지수,매매,103.3347
2025-01-06,경기,파주시,가격지수,매매,103.1882
2025-01-13,경기,파주시,가격지수,매매,102.9965
2025-01-20,경기,파주시,가격지수,매매,102.8447
2025-02-03,경기,파주시,가격지수,매매,102.7481
2025-02-10,경기,파주시,가격지수,매매,102.7056
2025-02-17,경기,파주시,가격지수,매매,102.6239
2025-02-24,경기,파주시,가격지수,매매,102.483
2025-03-03,경기,파주시,가격지수,매매,102.4756
2025-03-10,경기,파주시,가격지수,매매,102.4376
2025-03-17,경기,파주시,가격지수,매매,102.3389
2025-03-24,경기,파주시,가격지수,매매,102.2602
2025-03-31,경기,파주시,가격지수,매매,102.1864
2025-04-07,경기,파주시,가격지수,매매,102.1504
2025-04-14,경기,파주시,가격지수,매매,102.0845
2025-04-21,경기,파주시,가격지수,매매,102.0546
2025-04-28,경기,파주시,가격지수,매매,102.0264
2025-05-05,경기,파주시,가격지수,매매,102.015
2025-05-12,경기,파주시,가격지수,매매,101.9201
2025-05-19,경기,파주시,가격지수,매매,101.9008
2025-05-26,경기,파주시,가격지수,매매,101.8626
2025-06-02,경기,파주시,가격지수,매매,101.8407
2025-06-09,경기,파주시,가격지수,매매,101.8016
2025-06-16,경기,파주시,가격지수,매매,101.7471
2025-06-23,경기,파주시,가격지수,매매,101.7245
2025-06-30,경기,파주시,가격지수,매매,101.6691
2025-07-07,경기,파주시,가격지수,매매,101.6476
2025-07-14,경기,파주시,가격지수,매매,101.6173
2025-07-21,경기,파주시,가격지수,매매,101.5305
2025-07-28,경기,파주시,가격지수,매매,101.417
2025-08-04,경기,파주시,가격지수,매매,101.3321
2025-08-11,경기,파주시,가격지수,매매,101.3255
2025-08-18,경기,파주시,가격지수,매매,101.2615
2025-08-25,경기,파주시,가격지수,매매,101.2383
2025-09-01,경기,파주시,가격지수,매매,101.206
2025-09-08,경기,파주시,가격지수,매매,101.1835
2025-09-15,경기,파주시,가격지수,매매,101.1527
2025-09-22,경기,파주시,가격지수,매매,101.1336
2025-09-29,경기,파주시,가격지수,매매,101.0341
2025-10-13,경기,파주시,가격지수,매매,100.9064
2025-10-20,경기,파주시,가격지수,매매,100.7876
2025-10-27,경기,파주시,가격지수,매매,100.7066
2025-11-03,경기,파주시,가격지수,매매,100.5826
2025-11-10,경기,파주시,가격지수,매매,100.5044
2025-11-17,경기,파주시,가격지수,매매,100.4525
2025-11-24,경기,파주시,가격지수,매매,100.4439
2025-12-01,경기,파주시,가격지수,매매,100.4266
2025-12-08,경기,파주시,가격지수,매매,100.3866
2025-12-15,경기,파주시,가격지수,매매,100.3103
2025-12-22,경기,파주시,가격지수,매매,100.175
2025-12-29,경기,파주시,가격지수,매매,100.1523
2026-01-05,경기,파주시,가격지수,매매,100.1124
2026-01-12,경기,파주시,가격지수,매매,100.0
2026-01-19,경기,파주시,가격지수,매매,99.8861
2026-01-26,경기,파주시,가격지수,매매,99.868
2026-02-02,경기,파주시,가격지수,매매,99.8442
2026-02-09,경기,파주시,가격지수,매매,99.8428
2026-02-23,경기,파주시,가격지수,매매,99.8022
2026-03-02,경기,파주시,가격지수,매매,99.6413
2026-03-09,경기,파주시,가격지수,매매,99.6066
2026-03-16,경기,파주시,가격지수,매매,99.5858
2026-03-23,경기,파주시,가격지수,매매,99.5708
2026-03-30,경기,파주시,가격지수,매매,99.5541
2026-04-06,경기,파주시,가격지수,매매,99.5216
2026-04-13,경기,파주시,가격지수,매매,99.4964
2026-04-20,경기,파주시,가격지수,매매,99.4905
2026-04-27,경기,파주시,가격지수,매매,99.466
2026-05-04,경기,파주시,가격지수,매매,99.4725
2026-05-11,경기,파주시,가격지수,매매,99.4568
2026-05-18,경기,파주시,가격지수,매매,99.4119
2026-05-25,경기,파주시,가격지수,매매,99.3551
2026-06-01,경기,파주시,가격지수,매매,99.3427
2026-06-08,경기,파주시,가격지수,매매,99.3197
2026-06-15,경기,파주시,가격지수,매매,99.304
2026-06-22,경기,파주시,가격지수,매매,99.2194
2024-06-24,경기,평택시,가격지수,매매,110.6236
2024-07-01,경기,평택시,가격지수,매매,110.5223
2024-07-08,경기,평택시,가격지수,매매,110.1942
2024-07-15,경기,평택시,가격지수,매매,110.1164
2024-07-22,경기,평택시,가격지수,매매,109.944
2024-07-29,경기,평택시,가격지수,매매,109.8803
2024-08-05,경기,평택시,가격지수,매매,109.7785
2024-08-12,경기,평택시,가격지수,매매,109.7402
2024-08-19,경기,평택시,가격지수,매매,109.6163
2024-08-26,경기,평택시,가격지수,매매,109.5675
2024-09-02,경기,평택시,가격지수,매매,109.5006
2024-09-09,경기,평택시,가격지수,매매,109.4683
2024-09-23,경기,평택시,가격지수,매매,109.2268
2024-09-30,경기,평택시,가격지수,매매,109.1801
2024-10-07,경기,평택시,가격지수,매매,109.1377
2024-10-14,경기,평택시,가격지수,매매,108.9921
2024-10-21,경기,평택시,가격지수,매매,108.7874
2024-10-28,경기,평택시,가격지수,매매,108.6293
2024-11-04,경기,평택시,가격지수,매매,108.51
2024-11-11,경기,평택시,가격지수,매매,108.3364
2024-11-18,경기,평택시,가격지수,매매,108.136
2024-11-25,경기,평택시,가격지수,매매,108.0554
2024-12-02,경기,평택시,가격지수,매매,107.9103
2024-12-09,경기,평택시,가격지수,매매,107.8046
2024-12-16,경기,평택시,가격지수,매매,107.6155
2024-12-23,경기,평택시,가격지수,매매,107.543
2024-12-30,경기,평택시,가격지수,매매,107.4362
2025-01-06,경기,평택시,가격지수,매매,107.0921
2025-01-13,경기,평택시,가격지수,매매,106.7553
2025-01-20,경기,평택시,가격지수,매매,106.4792
2025-02-03,경기,평택시,가격지수,매매,106.2964
2025-02-10,경기,평택시,가격지수,매매,106.0562
2025-02-17,경기,평택시,가격지수,매매,105.8627
2025-02-24,경기,평택시,가격지수,매매,105.6461
2025-03-03,경기,평택시,가격지수,매매,105.5422
2025-03-10,경기,평택시,가격지수,매매,105.3596
2025-03-17,경기,평택시,가격지수,매매,105.1704
2025-03-24,경기,평택시,가격지수,매매,104.7924
2025-03-31,경기,평택시,가격지수,매매,104.6554
2025-04-07,경기,평택시,가격지수,매매,104.5854
2025-04-14,경기,평택시,가격지수,매매,104.519
2025-04-21,경기,평택시,가격지수,매매,104.4473
2025-04-28,경기,평택시,가격지수,매매,104.3688
2025-05-05,경기,평택시,가격지수,매매,104.2996
2025-05-12,경기,평택시,가격지수,매매,104.2091
2025-05-19,경기,평택시,가격지수,매매,103.8483
2025-05-26,경기,평택시,가격지수,매매,103.7455
2025-06-02,경기,평택시,가격지수,매매,103.6631
2025-06-09,경기,평택시,가격지수,매매,103.5053
2025-06-16,경기,평택시,가격지수,매매,103.4664
2025-06-23,경기,평택시,가격지수,매매,103.3908
2025-06-30,경기,평택시,가격지수,매매,103.3341
2025-07-07,경기,평택시,가격지수,매매,103.327
2025-07-14,경기,평택시,가격지수,매매,103.2472
2025-07-21,경기,평택시,가격지수,매매,103.1276
2025-07-28,경기,평택시,가격지수,매매,102.9149
2025-08-04,경기,평택시,가격지수,매매,102.7418
2025-08-11,경기,평택시,가격지수,매매,102.6183
2025-08-18,경기,평택시,가격지수,매매,102.4043
2025-08-25,경기,평택시,가격지수,매매,102.277
2025-09-01,경기,평택시,가격지수,매매,102.2349
2025-09-08,경기,평택시,가격지수,매매,102.1575
2025-09-15,경기,평택시,가격지수,매매,101.9329
2025-09-22,경기,평택시,가격지수,매매,101.5517
2025-09-29,경기,평택시,가격지수,매매,101.3364
2025-10-13,경기,평택시,가격지수,매매,101.1915
2025-10-20,경기,평택시,가격지수,매매,100.8834
2025-10-27,경기,평택시,가격지수,매매,100.6715
2025-11-03,경기,평택시,가격지수,매매,100.4597
2025-11-10,경기,평택시,가격지수,매매,100.3653
2025-11-17,경기,평택시,가격지수,매매,100.3286
2025-11-24,경기,평택시,가격지수,매매,100.2824
2025-12-01,경기,평택시,가격지수,매매,100.2401
2025-12-08,경기,평택시,가격지수,매매,100.1707
2025-12-15,경기,평택시,가격지수,매매,100.1513
2025-12-22,경기,평택시,가격지수,매매,100.1454
2025-12-29,경기,평택시,가격지수,매매,100.0901
2026-01-05,경기,평택시,가격지수,매매,100.0658
2026-01-12,경기,평택시,가격지수,매매,100.0
2026-01-19,경기,평택시,가격지수,매매,99.8067
2026-01-26,경기,평택시,가격지수,매매,99.7176
2026-02-02,경기,평택시,가격지수,매매,99.5516
2026-02-09,경기,평택시,가격지수,매매,99.3713
2026-02-23,경기,평택시,가격지수,매매,99.1739
2026-03-02,경기,평택시,가격지수,매매,99.1289
2026-03-09,경기,평택시,가격지수,매매,99.0386
2026-03-16,경기,평택시,가격지수,매매,98.9061
2026-03-23,경기,평택시,가격지수,매매,98.7643
2026-03-30,경기,평택시,가격지수,매매,98.7096
2026-04-06,경기,평택시,가격지수,매매,98.5919
2026-04-13,경기,평택시,가격지수,매매,98.5117
2026-04-20,경기,평택시,가격지수,매매,98.4575
2026-04-27,경기,평택시,가격지수,매매,98.4242
2026-05-04,경기,평택시,가격지수,매매,98.3964
2026-05-11,경기,평택시,가격지수,매매,98.3635
2026-05-18,경기,평택시,가격지수,매매,98.2636
2026-05-25,경기,평택시,가격지수,매매,98.2098
2026-06-01,경기,평택시,가격지수,매매,98.1786
2026-06-08,경기,평택시,가격지수,매매,98.1758
2026-06-15,경기,평택시,가격지수,매매,98.152
2026-06-22,경기,평택시,가격지수,매매,98.131
2024-06-24,경기,포천시,가격지수,매매,104.3088
2024-07-01,경기,포천시,가격지수,매매,104.3088
2024-07-08,경기,포천시,가격지수,매매,103.7608
2024-07-15,경기,포천시,가격지수,매매,103.777
2024-07-22,경기,포천시,가격지수,매매,103.777
2024-07-29,경기,포천시,가격지수,매매,103.7713
2024-08-05,경기,포천시,가격지수,매매,103.6354
2024-08-12,경기,포천시,가격지수,매매,103.5647
2024-08-19,경기,포천시,가격지수,매매,103.5647
2024-08-26,경기,포천시,가격지수,매매,103.543
2024-09-02,경기,포천시,가격지수,매매,103.543
2024-09-09,경기,포천시,가격지수,매매,103.543
2024-09-23,경기,포천시,가격지수,매매,103.543
2024-09-30,경기,포천시,가격지수,매매,103.543
2024-10-07,경기,포천시,가격지수,매매,103.5494
2024-10-14,경기,포천시,가격지수,매매,103.6149
2024-10-21,경기,포천시,가격지수,매매,103.4736
2024-10-28,경기,포천시,가격지수,매매,103.4736
2024-11-04,경기,포천시,가격지수,매매,103.5116
2024-11-11,경기,포천시,가격지수,매매,103.5623
2024-11-18,경기,포천시,가격지수,매매,103.5555
2024-11-25,경기,포천시,가격지수,매매,103.2933
2024-12-02,경기,포천시,가격지수,매매,103.2903
2024-12-09,경기,포천시,가격지수,매매,103.2903
2024-12-16,경기,포천시,가격지수,매매,103.2903
2024-12-23,경기,포천시,가격지수,매매,103.2862
2024-12-30,경기,포천시,가격지수,매매,103.2312
2025-01-06,경기,포천시,가격지수,매매,103.0904
2025-01-13,경기,포천시,가격지수,매매,102.832
2025-01-20,경기,포천시,가격지수,매매,102.1513
2025-02-03,경기,포천시,가격지수,매매,101.9812
2025-02-10,경기,포천시,가격지수,매매,101.9345
2025-02-17,경기,포천시,가격지수,매매,101.8502
2025-02-24,경기,포천시,가격지수,매매,101.8074
2025-03-03,경기,포천시,가격지수,매매,101.8074
2025-03-10,경기,포천시,가격지수,매매,101.8022
2025-03-17,경기,포천시,가격지수,매매,101.8022
2025-03-24,경기,포천시,가격지수,매매,101.7462
2025-03-31,경기,포천시,가격지수,매매,101.728
2025-04-07,경기,포천시,가격지수,매매,101.6066
2025-04-14,경기,포천시,가격지수,매매,101.5242
2025-04-21,경기,포천시,가격지수,매매,101.5242
2025-04-28,경기,포천시,가격지수,매매,101.3833
2025-05-05,경기,포천시,가격지수,매매,101.3248
2025-05-12,경기,포천시,가격지수,매매,101.3248
2025-05-19,경기,포천시,가격지수,매매,100.6846
2025-05-26,경기,포천시,가격지수,매매,100.5133
2025-06-02,경기,포천시,가격지수,매매,100.5133
2025-06-09,경기,포천시,가격지수,매매,100.5133
2025-06-16,경기,포천시,가격지수,매매,100.5133
2025-06-23,경기,포천시,가격지수,매매,100.4796
2025-06-30,경기,포천시,가격지수,매매,100.4796
2025-07-07,경기,포천시,가격지수,매매,100.3264
2025-07-14,경기,포천시,가격지수,매매,100.3565
2025-07-21,경기,포천시,가격지수,매매,100.3316
2025-07-28,경기,포천시,가격지수,매매,100.3316
2025-08-04,경기,포천시,가격지수,매매,100.4245
2025-08-11,경기,포천시,가격지수,매매,100.435
2025-08-18,경기,포천시,가격지수,매매,100.4203
2025-08-25,경기,포천시,가격지수,매매,100.3593
2025-09-01,경기,포천시,가격지수,매매,100.1662
2025-09-08,경기,포천시,가격지수,매매,100.1416
2025-09-15,경기,포천시,가격지수,매매,100.0311
2025-09-22,경기,포천시,가격지수,매매,99.9793
2025-09-29,경기,포천시,가격지수,매매,100.0131
2025-10-13,경기,포천시,가격지수,매매,100.0131
2025-10-20,경기,포천시,가격지수,매매,99.9906
2025-10-27,경기,포천시,가격지수,매매,99.991
2025-11-03,경기,포천시,가격지수,매매,99.9886
2025-11-10,경기,포천시,가격지수,매매,100.0098
2025-11-17,경기,포천시,가격지수,매매,100.0722
2025-11-24,경기,포천시,가격지수,매매,100.0883
2025-12-01,경기,포천시,가격지수,매매,99.9711
2025-12-08,경기,포천시,가격지수,매매,99.9711
2025-12-15,경기,포천시,가격지수,매매,100.0
2025-12-22,경기,포천시,가격지수,매매,100.0
2025-12-29,경기,포천시,가격지수,매매,100.0
2026-01-05,경기,포천시,가격지수,매매,100.0
2026-01-12,경기,포천시,가격지수,매매,100.0
2026-01-19,경기,포천시,가격지수,매매,99.9974
2026-01-26,경기,포천시,가격지수,매매,99.9974
2026-02-02,경기,포천시,가격지수,매매,99.9974
2026-02-09,경기,포천시,가격지수,매매,100.0335
2026-02-23,경기,포천시,가격지수,매매,100.1731
2026-03-02,경기,포천시,가격지수,매매,100.1953
2026-03-09,경기,포천시,가격지수,매매,100.1953
2026-03-16,경기,포천시,가격지수,매매,100.5566
2026-03-23,경기,포천시,가격지수,매매,100.5566
2026-03-30,경기,포천시,가격지수,매매,100.5566
2026-04-06,경기,포천시,가격지수,매매,100.5633
2026-04-13,경기,포천시,가격지수,매매,100.5586
2026-04-20,경기,포천시,가격지수,매매,100.5583
2026-04-27,경기,포천시,가격지수,매매,100.5583
2026-05-04,경기,포천시,가격지수,매매,100.5583
2026-05-11,경기,포천시,가격지수,매매,100.6139
2026-05-18,경기,포천시,가격지수,매매,100.6139
2026-05-25,경기,포천시,가격지수,매매,100.6552
2026-06-01,경기,포천시,가격지수,매매,100.6552
2026-06-08,경기,포천시,가격지수,매매,100.6552
2026-06-15,경기,포천시,가격지수,매매,100.6552
2026-06-22,경기,포천시,가격지수,매매,100.6527
2024-06-24,경기,하남시,가격지수,매매,86.755
2024-07-01,경기,하남시,가격지수,매매,86.8463
2024-07-08,경기,하남시,가격지수,매매,87.0583
2024-07-15,경기,하남시,가격지수,매매,87.3285
2024-07-22,경기,하남시,가격지수,매매,87.6212
2024-07-29,경기,하남시,가격지수,매매,87.8848
2024-08-05,경기,하남시,가격지수,매매,88.0613
2024-08-12,경기,하남시,가격지수,매매,88.3274
2024-08-19,경기,하남시,가격지수,매매,88.5017
2024-08-26,경기,하남시,가격지수,매매,88.796
2024-09-02,경기,하남시,가격지수,매매,89.05
2024-09-09,경기,하남시,가격지수,매매,89.313
2024-09-23,경기,하남시,가격지수,매매,89.4677
2024-09-30,경기,하남시,가격지수,매매,89.5663
2024-10-07,경기,하남시,가격지수,매매,89.7375
2024-10-14,경기,하남시,가격지수,매매,89.865
2024-10-21,경기,하남시,가격지수,매매,89.9374
2024-10-28,경기,하남시,가격지수,매매,90.0795
2024-11-04,경기,하남시,가격지수,매매,90.1778
2024-11-11,경기,하남시,가격지수,매매,90.2501
2024-11-18,경기,하남시,가격지수,매매,90.2848
2024-11-25,경기,하남시,가격지수,매매,90.3252
2024-12-02,경기,하남시,가격지수,매매,90.3781
2024-12-09,경기,하남시,가격지수,매매,90.4448
2024-12-16,경기,하남시,가격지수,매매,90.4802
2024-12-23,경기,하남시,가격지수,매매,90.4873
2024-12-30,경기,하남시,가격지수,매매,90.4853
2025-01-06,경기,하남시,가격지수,매매,90.4946
2025-01-13,경기,하남시,가격지수,매매,90.5056
2025-01-20,경기,하남시,가격지수,매매,90.5088
2025-02-03,경기,하남시,가격지수,매매,90.5365
2025-02-10,경기,하남시,가격지수,매매,90.56
2025-02-17,경기,하남시,가격지수,매매,90.6011
2025-02-24,경기,하남시,가격지수,매매,90.6632
2025-03-03,경기,하남시,가격지수,매매,90.7538
2025-03-10,경기,하남시,가격지수,매매,90.8372
2025-03-17,경기,하남시,가격지수,매매,90.9228
2025-03-24,경기,하남시,가격지수,매매,90.9595
2025-03-31,경기,하남시,가격지수,매매,90.99
2025-04-07,경기,하남시,가격지수,매매,91.0414
2025-04-14,경기,하남시,가격지수,매매,91.089
2025-04-21,경기,하남시,가격지수,매매,91.1021
2025-04-28,경기,하남시,가격지수,매매,91.1277
2025-05-05,경기,하남시,가격지수,매매,91.17
2025-05-12,경기,하남시,가격지수,매매,91.1954
2025-05-19,경기,하남시,가격지수,매매,91.2575
2025-05-26,경기,하남시,가격지수,매매,91.2942
2025-06-02,경기,하남시,가격지수,매매,91.3944
2025-06-09,경기,하남시,가격지수,매매,91.5096
2025-06-16,경기,하남시,가격지수,매매,91.6538
2025-06-23,경기,하남시,가격지수,매매,91.8448
2025-06-30,경기,하남시,가격지수,매매,91.9705
2025-07-07,경기,하남시,가격지수,매매,92.136
2025-07-14,경기,하남시,가격지수,매매,92.2072
2025-07-21,경기,하남시,가격지수,매매,92.3143
2025-07-28,경기,하남시,가격지수,매매,92.499
2025-08-04,경기,하남시,가격지수,매매,92.5569
2025-08-11,경기,하남시,가격지수,매매,92.7651
2025-08-18,경기,하남시,가격지수,매매,92.9459
2025-08-25,경기,하남시,가격지수,매매,93.1666
2025-09-01,경기,하남시,가격지수,매매,93.3637
2025-09-08,경기,하남시,가격지수,매매,93.535
2025-09-15,경기,하남시,가격지수,매매,93.7389
2025-09-22,경기,하남시,가격지수,매매,93.9633
2025-09-29,경기,하남시,가격지수,매매,94.4952
2025-10-13,경기,하남시,가격지수,매매,95.1206
2025-10-20,경기,하남시,가격지수,매매,95.9577
2025-10-27,경기,하남시,가격지수,매매,96.6431
2025-11-03,경기,하남시,가격지수,매매,96.9321
2025-11-10,경기,하남시,가격지수,매매,97.1972
2025-11-17,경기,하남시,가격지수,매매,97.4421
2025-11-24,경기,하남시,가격지수,매매,97.651
2025-12-01,경기,하남시,가격지수,매매,97.7695
2025-12-08,경기,하남시,가격지수,매매,98.1538
2025-12-15,경기,하남시,가격지수,매매,98.5326
2025-12-22,경기,하남시,가격지수,매매,98.8734
2025-12-29,경기,하남시,가격지수,매매,99.1625
2026-01-05,경기,하남시,가격지수,매매,99.7152
2026-01-12,경기,하남시,가격지수,매매,100.0
2026-01-19,경기,하남시,가격지수,매매,100.7392
2026-01-26,경기,하남시,가격지수,매매,101.0742
2026-02-02,경기,하남시,가격지수,매매,101.6846
2026-02-09,경기,하남시,가격지수,매매,102.095
2026-02-23,경기,하남시,가격지수,매매,102.8077
2026-03-02,경기,하남시,가격지수,매매,103.2566
2026-03-09,경기,하남시,가격지수,매매,104.0048
2026-03-16,경기,하남시,가격지수,매매,104.5467
2026-03-23,경기,하남시,가격지수,매매,104.9945
2026-03-30,경기,하남시,가격지수,매매,105.4291
2026-04-06,경기,하남시,가격지수,매매,105.863
2026-04-13,경기,하남시,가격지수,매매,106.1412
2026-04-20,경기,하남시,가격지수,매매,106.7283
2026-04-27,경기,하남시,가격지수,매매,106.9992
2026-05-04,경기,하남시,가격지수,매매,107.2664
2026-05-11,경기,하남시,가격지수,매매,107.6063
2026-05-18,경기,하남시,가격지수,매매,107.9814
2026-05-25,경기,하남시,가격지수,매매,108.1863
2026-06-01,경기,하남시,가격지수,매매,108.7424
2026-06-08,경기,하남시,가격지수,매매,109.0762
2026-06-15,경기,하남시,가격지수,매매,109.3299
2026-06-22,경기,하남시,가격지수,매매,109.5823
2024-06-24,경기,화성시,가격지수,매매,96.8396
2024-07-01,경기,화성시,가격지수,매매,96.8884
2024-07-08,경기,화성시,가격지수,매매,96.9509
2024-07-15,경기,화성시,가격지수,매매,97.0189
2024-07-22,경기,화성시,가격지수,매매,97.1209
2024-07-29,경기,화성시,가격지수,매매,97.1999
2024-08-05,경기,화성시,가격지수,매매,97.3294
2024-08-12,경기,화성시,가격지수,매매,97.4442
2024-08-19,경기,화성시,가격지수,매매,97.5534
2024-08-26,경기,화성시,가격지수,매매,97.7072
2024-09-02,경기,화성시,가격지수,매매,97.8212
2024-09-09,경기,화성시,가격지수,매매,97.94
2024-09-23,경기,화성시,가격지수,매매,98.0324
2024-09-30,경기,화성시,가격지수,매매,98.1028
2024-10-07,경기,화성시,가격지수,매매,98.1775
2024-10-14,경기,화성시,가격지수,매매,98.2841
2024-10-21,경기,화성시,가격지수,매매,98.359
2024-10-28,경기,화성시,가격지수,매매,98.4325
2024-11-04,경기,화성시,가격지수,매매,98.4907
2024-11-11,경기,화성시,가격지수,매매,98.5379
2024-11-18,경기,화성시,가격지수,매매,98.5663
2024-11-25,경기,화성시,가격지수,매매,98.6015
2024-12-02,경기,화성시,가격지수,매매,98.6534
2024-12-09,경기,화성시,가격지수,매매,98.6661
2024-12-16,경기,화성시,가격지수,매매,98.6729
2024-12-23,경기,화성시,가격지수,매매,98.6865
2024-12-30,경기,화성시,가격지수,매매,98.6995
2025-01-06,경기,화성시,가격지수,매매,98.692
2025-01-13,경기,화성시,가격지수,매매,98.6506
2025-01-20,경기,화성시,가격지수,매매,98.5885
2025-02-03,경기,화성시,가격지수,매매,98.5669
2025-02-10,경기,화성시,가격지수,매매,98.5764
2025-02-17,경기,화성시,가격지수,매매,98.5819
2025-02-24,경기,화성시,가격지수,매매,98.5739
2025-03-03,경기,화성시,가격지수,매매,98.57
2025-03-10,경기,화성시,가격지수,매매,98.5477
2025-03-17,경기,화성시,가격지수,매매,98.5743
2025-03-24,경기,화성시,가격지수,매매,98.5773
2025-03-31,경기,화성시,가격지수,매매,98.5706
2025-04-07,경기,화성시,가격지수,매매,98.5735
2025-04-14,경기,화성시,가격지수,매매,98.5839
2025-04-21,경기,화성시,가격지수,매매,98.5734
2025-04-28,경기,화성시,가격지수,매매,98.55
2025-05-05,경기,화성시,가격지수,매매,98.5517
2025-05-12,경기,화성시,가격지수,매매,98.5384
2025-05-19,경기,화성시,가격지수,매매,98.5424
2025-05-26,경기,화성시,가격지수,매매,98.5506
2025-06-02,경기,화성시,가격지수,매매,98.558
2025-06-09,경기,화성시,가격지수,매매,98.5709
2025-06-16,경기,화성시,가격지수,매매,98.6004
2025-06-23,경기,화성시,가격지수,매매,98.656
2025-06-30,경기,화성시,가격지수,매매,98.6945
2025-07-07,경기,화성시,가격지수,매매,98.7092
2025-07-14,경기,화성시,가격지수,매매,98.7626
2025-07-21,경기,화성시,가격지수,매매,98.7973
2025-07-28,경기,화성시,가격지수,매매,98.8325
2025-08-04,경기,화성시,가격지수,매매,98.861
2025-08-11,경기,화성시,가격지수,매매,98.8611
2025-08-18,경기,화성시,가격지수,매매,98.8756
2025-08-25,경기,화성시,가격지수,매매,98.8957
2025-09-01,경기,화성시,가격지수,매매,98.9025
2025-09-08,경기,화성시,가격지수,매매,98.9017
2025-09-15,경기,화성시,가격지수,매매,98.9088
2025-09-22,경기,화성시,가격지수,매매,98.9178
2025-09-29,경기,화성시,가격지수,매매,98.9357
2025-10-13,경기,화성시,가격지수,매매,98.963
2025-10-20,경기,화성시,가격지수,매매,99.0131
2025-10-27,경기,화성시,가격지수,매매,99.0877
2025-11-03,경기,화성시,가격지수,매매,99.2136
2025-11-10,경기,화성시,가격지수,매매,99.3456
2025-11-17,경기,화성시,가격지수,매매,99.5032
2025-11-24,경기,화성시,가격지수,매매,99.6237
2025-12-01,경기,화성시,가격지수,매매,99.6831
2025-12-08,경기,화성시,가격지수,매매,99.753
2025-12-15,경기,화성시,가격지수,매매,99.8266
2025-12-22,경기,화성시,가격지수,매매,99.8747
2025-12-29,경기,화성시,가격지수,매매,99.9528
2026-01-05,경기,화성시,가격지수,매매,99.9698
2026-01-12,경기,화성시,가격지수,매매,100.0
2026-01-19,경기,화성시,가격지수,매매,100.0755
2026-01-26,경기,화성시,가격지수,매매,100.1819
2026-02-02,경기,화성시,가격지수,매매,100.2487
2026-02-09,경기,화성시,가격지수,매매,100.3706
2026-02-23,경기,화성시,가격지수,매매,100.5005
2026-03-02,경기,화성시,가격지수,매매,100.576
2026-03-09,경기,화성시,가격지수,매매,100.7477
2026-03-16,경기,화성시,가격지수,매매,100.8097
2026-03-23,경기,화성시,가격지수,매매,100.8766
2026-03-30,경기,화성시,가격지수,매매,101.0047
2026-04-06,경기,화성시,가격지수,매매,101.1515
2026-04-13,경기,화성시,가격지수,매매,101.2215
2026-04-20,경기,화성시,가격지수,매매,101.3718
2026-04-27,경기,화성시,가격지수,매매,101.4514
2026-05-04,경기,화성시,가격지수,매매,101.5331
2026-05-11,경기,화성시,가격지수,매매,101.6769
2026-05-18,경기,화성시,가격지수,매매,101.9298
2026-05-25,경기,화성시,가격지수,매매,102.1608
2026-06-01,경기,화성시,가격지수,매매,102.4459
2026-06-08,경기,화성시,가격지수,매매,102.9266
2026-06-15,경기,화성시,가격지수,매매,103.653
2026-06-22,경기,화성시,가격지수,매매,104.445
2026-02-02,경기,화성시 동탄구,가격지수,매매,97.3216
2026-02-09,경기,화성시 동탄구,가격지수,매매,97.5683
2026-02-23,경기,화성시 동탄구,가격지수,매매,97.832
2026-03-02,경기,화성시 동탄구,가격지수,매매,98.0152
2026-03-09,경기,화성시 동탄구,가격지수,매매,98.3562
2026-03-16,경기,화성시 동탄구,가격지수,매매,98.4915
2026-03-23,경기,화성시 동탄구,가격지수,매매,98.6318
2026-03-30,경기,화성시 동탄구,가격지수,매매,98.867
2026-04-06,경기,화성시 동탄구,가격지수,매매,99.1423
2026-04-13,경기,화성시 동탄구,가격지수,매매,99.2782
2026-04-20,경기,화성시 동탄구,가격지수,매매,99.5871
2026-04-27,경기,화성시 동탄구,가격지수,매매,99.8202
2026-05-04,경기,화성시 동탄구,가격지수,매매,100.0121
2026-05-11,경기,화성시 동탄구,가격지수,매매,100.3209
2026-05-18,경기,화성시 동탄구,가격지수,매매,100.8535
2026-05-25,경기,화성시 동탄구,가격지수,매매,101.3597
2026-06-01,경기,화성시 동탄구,가격지수,매매,101.9234
2026-06-08,경기,화성시 동탄구,가격지수,매매,102.9351
2026-06-15,경기,화성시 동탄구,가격지수,매매,104.4968
2026-06-22,경기,화성시 동탄구,가격지수,매매,106.1279
2026-02-02,경기,화성시 만세구,가격지수,매매,97.0552
2026-02-09,경기,화성시 만세구,가격지수,매매,97.0052
2026-02-23,경기,화성시 만세구,가격지수,매매,97.0032
2026-03-02,경기,화성시 만세구,가격지수,매매,96.8149
2026-03-09,경기,화성시 만세구,가격지수,매매,96.7992
2026-03-16,경기,화성시 만세구,가격지수,매매,96.7027
2026-03-23,경기,화성시 만세구,가격지수,매매,96.6691
2026-03-30,경기,화성시 만세구,가격지수,매매,96.6668
2026-04-06,경기,화성시 만세구,가격지수,매매,96.6352
2026-04-13,경기,화성시 만세구,가격지수,매매,96.6106
2026-04-20,경기,화성시 만세구,가격지수,매매,96.5696
2026-04-27,경기,화성시 만세구,가격지수,매매,96.3755
2026-05-04,경기,화성시 만세구,가격지수,매매,96.3212
2026-05-11,경기,화성시 만세구,가격지수,매매,96.2634
2026-05-18,경기,화성시 만세구,가격지수,매매,96.255
2026-05-25,경기,화성시 만세구,가격지수,매매,96.2479
2026-06-01,경기,화성시 만세구,가격지수,매매,96.2311
2026-06-08,경기,화성시 만세구,가격지수,매매,96.1463
2026-06-15,경기,화성시 만세구,가격지수,매매,96.1148
2026-06-22,경기,화성시 만세구,가격지수,매매,96.0513
2026-02-02,경기,화성시 병점구,가격지수,매매,97.1572
2026-02-09,경기,화성시 병점구,가격지수,매매,97.1796
2026-02-23,경기,화성시 병점구,가격지수,매매,97.2134
2026-03-02,경기,화성시 병점구,가격지수,매매,97.2345
2026-03-09,경기,화성시 병점구,가격지수,매매,97.2918
2026-03-16,경기,화성시 병점구,가격지수,매매,97.3427
2026-03-23,경기,화성시 병점구,가격지수,매매,97.4225
2026-03-30,경기,화성시 병점구,가격지수,매매,97.4969
2026-04-06,경기,화성시 병점구,가격지수,매매,97.5573
2026-04-13,경기,화성시 병점구,가격지수,매매,97.5156
2026-04-20,경기,화성시 병점구,가격지수,매매,97.5338
2026-04-27,경기,화성시 병점구,가격지수,매매,97.6087
2026-05-04,경기,화성시 병점구,가격지수,매매,97.6317
2026-05-11,경기,화성시 병점구,가격지수,매매,97.6855
2026-05-18,경기,화성시 병점구,가격지수,매매,97.7358
2026-05-25,경기,화성시 병점구,가격지수,매매,97.7709
2026-06-01,경기,화성시 병점구,가격지수,매매,97.9103
2026-06-08,경기,화성시 병점구,가격지수,매매,98.1334
2026-06-15,경기,화성시 병점구,가격지수,매매,98.2705
2026-06-22,경기,화성시 병점구,가격지수,매매,98.5315
2026-02-02,경기,화성시 효행구,가격지수,매매,97.157
2026-02-09,경기,화성시 효행구,가격지수,매매,97.2222
2026-02-23,경기,화성시 효행구,가격지수,매매,97.226
2026-03-02,경기,화성시 효행구,가격지수,매매,97.3326
2026-03-09,경기,화성시 효행구,가격지수,매매,97.3564
2026-03-16,경기,화성시 효행구,가격지수,매매,97.3847
2026-03-23,경기,화성시 효행구,가격지수,매매,97.3298
2026-03-30,경기,화성시 효행구,가격지수,매매,97.3554
2026-04-06,경기,화성시 효행구,가격지수,매매,97.4283
2026-04-13,경기,화성시 효행구,가격지수,매매,97.5492
2026-04-20,경기,화성시 효행구,가격지수,매매,97.6197
2026-04-27,경기,화성시 효행구,가격지수,매매,97.5657
2026-05-04,경기,화성시 효행구,가격지수,매매,97.5622
2026-05-11,경기,화성시 효행구,가격지수,매매,97.5769
2026-05-18,경기,화성시 효행구,가격지수,매매,97.5949
2026-05-25,경기,화성시 효행구,가격지수,매매,97.5784
2026-06-01,경기,화성시 효행구,가격지수,매매,97.602
2026-06-08,경기,화성시 효행구,가격지수,매매,97.5755
2026-06-15,경기,화성시 효행구,가격지수,매매,97.6256
2026-06-22,경기,화성시 효행구,가격지수,매매,97.7652
2024-06-24,경기,가평군,가격지수,전세,98.5038
2024-07-01,경기,가평군,가격지수,전세,98.5038
2024-07-08,경기,가평군,가격지수,전세,98.5038
2024-07-15,경기,가평군,가격지수,전세,98.5038
2024-07-22,경기,가평군,가격지수,전세,98.6408
2024-07-29,경기,가평군,가격지수,전세,98.9453
2024-08-05,경기,가평군,가격지수,전세,98.9453
2024-08-12,경기,가평군,가격지수,전세,98.9453
2024-08-19,경기,가평군,가격지수,전세,98.9453
2024-08-26,경기,가평군,가격지수,전세,98.9453
2024-09-02,경기,가평군,가격지수,전세,98.9453
2024-09-09,경기,가평군,가격지수,전세,98.9453
2024-09-23,경기,가평군,가격지수,전세,98.9453
2024-09-30,경기,가평군,가격지수,전세,98.9453
2024-10-07,경기,가평군,가격지수,전세,98.9453
2024-10-14,경기,가평군,가격지수,전세,98.9453
2024-10-21,경기,가평군,가격지수,전세,98.6334
2024-10-28,경기,가평군,가격지수,전세,98.6334
2024-11-04,경기,가평군,가격지수,전세,98.6334
2024-11-11,경기,가평군,가격지수,전세,98.6334
2024-11-18,경기,가평군,가격지수,전세,98.6334
2024-11-25,경기,가평군,가격지수,전세,98.8612
2024-12-02,경기,가평군,가격지수,전세,98.8612
2024-12-09,경기,가평군,가격지수,전세,98.8612
2024-12-16,경기,가평군,가격지수,전세,98.8612
2024-12-23,경기,가평군,가격지수,전세,98.474
2024-12-30,경기,가평군,가격지수,전세,98.474
2025-01-06,경기,가평군,가격지수,전세,98.474
2025-01-13,경기,가평군,가격지수,전세,98.474
2025-01-20,경기,가평군,가격지수,전세,98.474
2025-02-03,경기,가평군,가격지수,전세,98.474
2025-02-10,경기,가평군,가격지수,전세,98.474
2025-02-17,경기,가평군,가격지수,전세,98.7992
2025-02-24,경기,가평군,가격지수,전세,98.7992
2025-03-03,경기,가평군,가격지수,전세,98.7992
2025-03-10,경기,가평군,가격지수,전세,98.8233
2025-03-17,경기,가평군,가격지수,전세,98.8233
2025-03-24,경기,가평군,가격지수,전세,98.7075
2025-03-31,경기,가평군,가격지수,전세,98.7075
2025-04-07,경기,가평군,가격지수,전세,98.4518
2025-04-14,경기,가평군,가격지수,전세,98.4518
2025-04-21,경기,가평군,가격지수,전세,98.4518
2025-04-28,경기,가평군,가격지수,전세,98.4518
2025-05-05,경기,가평군,가격지수,전세,98.4518
2025-05-12,경기,가평군,가격지수,전세,98.4518
2025-05-19,경기,가평군,가격지수,전세,98.4518
2025-05-26,경기,가평군,가격지수,전세,98.4518
2025-06-02,경기,가평군,가격지수,전세,98.4518
2025-06-09,경기,가평군,가격지수,전세,98.4518
2025-06-16,경기,가평군,가격지수,전세,98.5453
2025-06-23,경기,가평군,가격지수,전세,98.5453
2025-06-30,경기,가평군,가격지수,전세,98.5453
2025-07-07,경기,가평군,가격지수,전세,98.5453
2025-07-14,경기,가평군,가격지수,전세,99.0296
2025-07-21,경기,가평군,가격지수,전세,99.3252
2025-07-28,경기,가평군,가격지수,전세,99.3252
2025-08-04,경기,가평군,가격지수,전세,99.5088
2025-08-11,경기,가평군,가격지수,전세,99.7082
2025-08-18,경기,가평군,가격지수,전세,99.7152
2025-08-25,경기,가평군,가격지수,전세,100.0433
2025-09-01,경기,가평군,가격지수,전세,100.0433
2025-09-08,경기,가평군,가격지수,전세,99.9209
2025-09-15,경기,가평군,가격지수,전세,100.045
2025-09-22,경기,가평군,가격지수,전세,100.045
2025-09-29,경기,가평군,가격지수,전세,99.8668
2025-10-13,경기,가평군,가격지수,전세,99.8668
2025-10-20,경기,가평군,가격지수,전세,99.8878
2025-10-27,경기,가평군,가격지수,전세,99.8878
2025-11-03,경기,가평군,가격지수,전세,99.8878
2025-11-10,경기,가평군,가격지수,전세,99.9995
2025-11-17,경기,가평군,가격지수,전세,99.9995
2025-11-24,경기,가평군,가격지수,전세,100.0304
2025-12-01,경기,가평군,가격지수,전세,100.0566
2025-12-08,경기,가평군,가격지수,전세,100.0566
2025-12-15,경기,가평군,가격지수,전세,100.0566
2025-12-22,경기,가평군,가격지수,전세,100.0566
2025-12-29,경기,가평군,가격지수,전세,100.0566
2026-01-05,경기,가평군,가격지수,전세,100.0566
2026-01-12,경기,가평군,가격지수,전세,100.0
2026-01-19,경기,가평군,가격지수,전세,100.0
2026-01-26,경기,가평군,가격지수,전세,100.0
2026-02-02,경기,가평군,가격지수,전세,100.0
2026-02-09,경기,가평군,가격지수,전세,100.0
2026-02-23,경기,가평군,가격지수,전세,100.0
2026-03-02,경기,가평군,가격지수,전세,100.0
2026-03-09,경기,가평군,가격지수,전세,100.0
2026-03-16,경기,가평군,가격지수,전세,100.0
2026-03-23,경기,가평군,가격지수,전세,100.0
2026-03-30,경기,가평군,가격지수,전세,100.1166
2026-04-06,경기,가평군,가격지수,전세,100.1166
2026-04-13,경기,가평군,가격지수,전세,100.4477
2026-04-20,경기,가평군,가격지수,전세,100.4341
2026-04-27,경기,가평군,가격지수,전세,100.5972
2026-05-04,경기,가평군,가격지수,전세,100.5972
2026-05-11,경기,가평군,가격지수,전세,100.6471
2026-05-18,경기,가평군,가격지수,전세,100.6471
2026-05-25,경기,가평군,가격지수,전세,100.6471
2026-06-01,경기,가평군,가격지수,전세,100.758
2026-06-08,경기,가평군,가격지수,전세,100.858
2026-06-15,경기,가평군,가격지수,전세,100.858
2026-06-22,경기,가평군,가격지수,전세,100.858
2024-06-24,경기,고양시,가격지수,전세,95.5906
2024-07-01,경기,고양시,가격지수,전세,95.7404
2024-07-08,경기,고양시,가격지수,전세,95.931
2024-07-15,경기,고양시,가격지수,전세,96.0512
2024-07-22,경기,고양시,가격지수,전세,96.203
2024-07-29,경기,고양시,가격지수,전세,96.3313
2024-08-05,경기,고양시,가격지수,전세,96.535
2024-08-12,경기,고양시,가격지수,전세,96.644
2024-08-19,경기,고양시,가격지수,전세,96.9052
2024-08-26,경기,고양시,가격지수,전세,97.1368
2024-09-02,경기,고양시,가격지수,전세,97.3075
2024-09-09,경기,고양시,가격지수,전세,97.4724
2024-09-23,경기,고양시,가격지수,전세,97.5872
2024-09-30,경기,고양시,가격지수,전세,97.7022
2024-10-07,경기,고양시,가격지수,전세,97.792
2024-10-14,경기,고양시,가격지수,전세,97.9423
2024-10-21,경기,고양시,가격지수,전세,98.0382
2024-10-28,경기,고양시,가격지수,전세,98.1507
2024-11-04,경기,고양시,가격지수,전세,98.2327
2024-11-11,경기,고양시,가격지수,전세,98.4631
2024-11-18,경기,고양시,가격지수,전세,98.5815
2024-11-25,경기,고양시,가격지수,전세,98.6485
2024-12-02,경기,고양시,가격지수,전세,98.765
2024-12-09,경기,고양시,가격지수,전세,98.8511
2024-12-16,경기,고양시,가격지수,전세,98.8794
2024-12-23,경기,고양시,가격지수,전세,98.9285
2024-12-30,경기,고양시,가격지수,전세,98.9879
2025-01-06,경기,고양시,가격지수,전세,99.0451
2025-01-13,경기,고양시,가격지수,전세,99.1283
2025-01-20,경기,고양시,가격지수,전세,99.1673
2025-02-03,경기,고양시,가격지수,전세,99.1986
2025-02-10,경기,고양시,가격지수,전세,99.2815
2025-02-17,경기,고양시,가격지수,전세,99.3681
2025-02-24,경기,고양시,가격지수,전세,99.4371
2025-03-03,경기,고양시,가격지수,전세,99.4956
2025-03-10,경기,고양시,가격지수,전세,99.568
2025-03-17,경기,고양시,가격지수,전세,99.6767
2025-03-24,경기,고양시,가격지수,전세,99.7471
2025-03-31,경기,고양시,가격지수,전세,99.7893
2025-04-07,경기,고양시,가격지수,전세,99.8704
2025-04-14,경기,고양시,가격지수,전세,99.934
2025-04-21,경기,고양시,가격지수,전세,99.9847
2025-04-28,경기,고양시,가격지수,전세,100.0312
2025-05-05,경기,고양시,가격지수,전세,100.0517
2025-05-12,경기,고양시,가격지수,전세,100.0969
2025-05-19,경기,고양시,가격지수,전세,100.1673
2025-05-26,경기,고양시,가격지수,전세,100.1882
2025-06-02,경기,고양시,가격지수,전세,100.2451
2025-06-09,경기,고양시,가격지수,전세,100.2745
2025-06-16,경기,고양시,가격지수,전세,100.2951
2025-06-23,경기,고양시,가격지수,전세,100.3489
2025-06-30,경기,고양시,가격지수,전세,100.3313
2025-07-07,경기,고양시,가격지수,전세,100.3335
2025-07-14,경기,고양시,가격지수,전세,100.3069
2025-07-21,경기,고양시,가격지수,전세,100.3004
2025-07-28,경기,고양시,가격지수,전세,100.2618
2025-08-04,경기,고양시,가격지수,전세,100.2239
2025-08-11,경기,고양시,가격지수,전세,100.1891
2025-08-18,경기,고양시,가격지수,전세,100.1635
2025-08-25,경기,고양시,가격지수,전세,100.1323
2025-09-01,경기,고양시,가격지수,전세,100.0801
2025-09-08,경기,고양시,가격지수,전세,100.0519
2025-09-15,경기,고양시,가격지수,전세,100.0165
2025-09-22,경기,고양시,가격지수,전세,100.0058
2025-09-29,경기,고양시,가격지수,전세,99.9684
2025-10-13,경기,고양시,가격지수,전세,99.9737
2025-10-20,경기,고양시,가격지수,전세,99.9965
2025-10-27,경기,고양시,가격지수,전세,99.9646
2025-11-03,경기,고양시,가격지수,전세,99.9697
2025-11-10,경기,고양시,가격지수,전세,99.9721
2025-11-17,경기,고양시,가격지수,전세,99.9673
2025-11-24,경기,고양시,가격지수,전세,100.0052
2025-12-01,경기,고양시,가격지수,전세,100.0027
2025-12-08,경기,고양시,가격지수,전세,99.9889
2025-12-15,경기,고양시,가격지수,전세,100.0087
2025-12-22,경기,고양시,가격지수,전세,100.0074
2025-12-29,경기,고양시,가격지수,전세,100.0129
2026-01-05,경기,고양시,가격지수,전세,100.0038
2026-01-12,경기,고양시,가격지수,전세,100.0
2026-01-19,경기,고양시,가격지수,전세,99.9829
2026-01-26,경기,고양시,가격지수,전세,99.9796
2026-02-02,경기,고양시,가격지수,전세,99.9793
2026-02-09,경기,고양시,가격지수,전세,99.9942
2026-02-23,경기,고양시,가격지수,전세,100.0265
2026-03-02,경기,고양시,가격지수,전세,100.0354
2026-03-09,경기,고양시,가격지수,전세,100.077
2026-03-16,경기,고양시,가격지수,전세,100.1233
2026-03-23,경기,고양시,가격지수,전세,100.1492
2026-03-30,경기,고양시,가격지수,전세,100.1686
2026-04-06,경기,고양시,가격지수,전세,100.2083
2026-04-13,경기,고양시,가격지수,전세,100.2398
2026-04-20,경기,고양시,가격지수,전세,100.298
2026-04-27,경기,고양시,가격지수,전세,100.372
2026-05-04,경기,고양시,가격지수,전세,100.3998
2026-05-11,경기,고양시,가격지수,전세,100.4819
2026-05-18,경기,고양시,가격지수,전세,100.5188
2026-05-25,경기,고양시,가격지수,전세,100.5477
2026-06-01,경기,고양시,가격지수,전세,100.6794
2026-06-08,경기,고양시,가격지수,전세,100.7636
2026-06-15,경기,고양시,가격지수,전세,100.8275
2026-06-22,경기,고양시,가격지수,전세,100.8696
2024-06-24,경기,고양시 덕양구,가격지수,전세,94.8001
2024-07-01,경기,고양시 덕양구,가격지수,전세,94.8389
2024-07-08,경기,고양시 덕양구,가격지수,전세,95.0466
2024-07-15,경기,고양시 덕양구,가격지수,전세,95.1192
2024-07-22,경기,고양시 덕양구,가격지수,전세,95.1925
2024-07-29,경기,고양시 덕양구,가격지수,전세,95.3294
2024-08-05,경기,고양시 덕양구,가격지수,전세,95.6327
2024-08-12,경기,고양시 덕양구,가격지수,전세,95.7858
2024-08-19,경기,고양시 덕양구,가격지수,전세,96.1624
2024-08-26,경기,고양시 덕양구,가격지수,전세,96.497
2024-09-02,경기,고양시 덕양구,가격지수,전세,96.6527
2024-09-09,경기,고양시 덕양구,가격지수,전세,96.7393
2024-09-23,경기,고양시 덕양구,가격지수,전세,96.8582
2024-09-30,경기,고양시 덕양구,가격지수,전세,97.0063
2024-10-07,경기,고양시 덕양구,가격지수,전세,97.0719
2024-10-14,경기,고양시 덕양구,가격지수,전세,97.2361
2024-10-21,경기,고양시 덕양구,가격지수,전세,97.314
2024-10-28,경기,고양시 덕양구,가격지수,전세,97.4459
2024-11-04,경기,고양시 덕양구,가격지수,전세,97.5124
2024-11-11,경기,고양시 덕양구,가격지수,전세,97.5896
2024-11-18,경기,고양시 덕양구,가격지수,전세,97.6716
2024-11-25,경기,고양시 덕양구,가격지수,전세,97.718
2024-12-02,경기,고양시 덕양구,가격지수,전세,97.8411
2024-12-09,경기,고양시 덕양구,가격지수,전세,97.9342
2024-12-16,경기,고양시 덕양구,가격지수,전세,97.9843
2024-12-23,경기,고양시 덕양구,가격지수,전세,98.0196
2024-12-30,경기,고양시 덕양구,가격지수,전세,98.0896
2025-01-06,경기,고양시 덕양구,가격지수,전세,98.1923
2025-01-13,경기,고양시 덕양구,가격지수,전세,98.2922
2025-01-20,경기,고양시 덕양구,가격지수,전세,98.2965
2025-02-03,경기,고양시 덕양구,가격지수,전세,98.3413
2025-02-10,경기,고양시 덕양구,가격지수,전세,98.4141
2025-02-17,경기,고양시 덕양구,가격지수,전세,98.4691
2025-02-24,경기,고양시 덕양구,가격지수,전세,98.5975
2025-03-03,경기,고양시 덕양구,가격지수,전세,98.7666
2025-03-10,경기,고양시 덕양구,가격지수,전세,98.8845
2025-03-17,경기,고양시 덕양구,가격지수,전세,99.0441
2025-03-24,경기,고양시 덕양구,가격지수,전세,99.1001
2025-03-31,경기,고양시 덕양구,가격지수,전세,99.1434
2025-04-07,경기,고양시 덕양구,가격지수,전세,99.2765
2025-04-14,경기,고양시 덕양구,가격지수,전세,99.4467
2025-04-21,경기,고양시 덕양구,가격지수,전세,99.5621
2025-04-28,경기,고양시 덕양구,가격지수,전세,99.6485
2025-05-05,경기,고양시 덕양구,가격지수,전세,99.6992
2025-05-12,경기,고양시 덕양구,가격지수,전세,99.7586
2025-05-19,경기,고양시 덕양구,가격지수,전세,99.8398
2025-05-26,경기,고양시 덕양구,가격지수,전세,99.912
2025-06-02,경기,고양시 덕양구,가격지수,전세,100.0474
2025-06-09,경기,고양시 덕양구,가격지수,전세,100.0629
2025-06-16,경기,고양시 덕양구,가격지수,전세,100.075
2025-06-23,경기,고양시 덕양구,가격지수,전세,100.1301
2025-06-30,경기,고양시 덕양구,가격지수,전세,100.1262
2025-07-07,경기,고양시 덕양구,가격지수,전세,100.159
2025-07-14,경기,고양시 덕양구,가격지수,전세,100.1547
2025-07-21,경기,고양시 덕양구,가격지수,전세,100.1557
2025-07-28,경기,고양시 덕양구,가격지수,전세,100.0733
2025-08-04,경기,고양시 덕양구,가격지수,전세,100.0686
2025-08-11,경기,고양시 덕양구,가격지수,전세,100.0101
2025-08-18,경기,고양시 덕양구,가격지수,전세,99.9659
2025-08-25,경기,고양시 덕양구,가격지수,전세,99.9186
2025-09-01,경기,고양시 덕양구,가격지수,전세,99.8692
2025-09-08,경기,고양시 덕양구,가격지수,전세,99.8687
2025-09-15,경기,고양시 덕양구,가격지수,전세,99.8511
2025-09-22,경기,고양시 덕양구,가격지수,전세,99.8529
2025-09-29,경기,고양시 덕양구,가격지수,전세,99.7941
2025-10-13,경기,고양시 덕양구,가격지수,전세,99.8249
2025-10-20,경기,고양시 덕양구,가격지수,전세,99.8704
2025-10-27,경기,고양시 덕양구,가격지수,전세,99.844
2025-11-03,경기,고양시 덕양구,가격지수,전세,99.8403
2025-11-10,경기,고양시 덕양구,가격지수,전세,99.8626
2025-11-17,경기,고양시 덕양구,가격지수,전세,99.8522
2025-11-24,경기,고양시 덕양구,가격지수,전세,99.8666
2025-12-01,경기,고양시 덕양구,가격지수,전세,99.8908
2025-12-08,경기,고양시 덕양구,가격지수,전세,99.9025
2025-12-15,경기,고양시 덕양구,가격지수,전세,99.958
2025-12-22,경기,고양시 덕양구,가격지수,전세,99.9675
2025-12-29,경기,고양시 덕양구,가격지수,전세,99.9894
2026-01-05,경기,고양시 덕양구,가격지수,전세,100.0021
2026-01-12,경기,고양시 덕양구,가격지수,전세,100.0
2026-01-19,경기,고양시 덕양구,가격지수,전세,100.0105
2026-01-26,경기,고양시 덕양구,가격지수,전세,100.0188
2026-02-02,경기,고양시 덕양구,가격지수,전세,100.0195
2026-02-09,경기,고양시 덕양구,가격지수,전세,100.0338
2026-02-23,경기,고양시 덕양구,가격지수,전세,100.0906
2026-03-02,경기,고양시 덕양구,가격지수,전세,100.1131
2026-03-09,경기,고양시 덕양구,가격지수,전세,100.1433
2026-03-16,경기,고양시 덕양구,가격지수,전세,100.2097
2026-03-23,경기,고양시 덕양구,가격지수,전세,100.2434
2026-03-30,경기,고양시 덕양구,가격지수,전세,100.3097
2026-04-06,경기,고양시 덕양구,가격지수,전세,100.3855
2026-04-13,경기,고양시 덕양구,가격지수,전세,100.4664
2026-04-20,경기,고양시 덕양구,가격지수,전세,100.5565
2026-04-27,경기,고양시 덕양구,가격지수,전세,100.7053
2026-05-04,경기,고양시 덕양구,가격지수,전세,100.7482
2026-05-11,경기,고양시 덕양구,가격지수,전세,100.9248
2026-05-18,경기,고양시 덕양구,가격지수,전세,100.9939
2026-05-25,경기,고양시 덕양구,가격지수,전세,101.0485
2026-06-01,경기,고양시 덕양구,가격지수,전세,101.2398
2026-06-08,경기,고양시 덕양구,가격지수,전세,101.3741
2026-06-15,경기,고양시 덕양구,가격지수,전세,101.5118
2026-06-22,경기,고양시 덕양구,가격지수,전세,101.5759
2024-06-24,경기,고양시 일산동구,가격지수,전세,96.885
2024-07-01,경기,고양시 일산동구,가격지수,전세,97.2034
2024-07-08,경기,고양시 일산동구,가격지수,전세,97.2151
2024-07-15,경기,고양시 일산동구,가격지수,전세,97.2521
2024-07-22,경기,고양시 일산동구,가격지수,전세,97.5477
2024-07-29,경기,고양시 일산동구,가격지수,전세,97.5723
2024-08-05,경기,고양시 일산동구,가격지수,전세,97.6511
2024-08-12,경기,고양시 일산동구,가격지수,전세,97.6527
2024-08-19,경기,고양시 일산동구,가격지수,전세,97.6764
2024-08-26,경기,고양시 일산동구,가격지수,전세,97.7538
2024-09-02,경기,고양시 일산동구,가격지수,전세,97.8901
2024-09-09,경기,고양시 일산동구,가격지수,전세,98.0527
2024-09-23,경기,고양시 일산동구,가격지수,전세,98.0658
2024-09-30,경기,고양시 일산동구,가격지수,전세,98.0925
2024-10-07,경기,고양시 일산동구,가격지수,전세,98.1408
2024-10-14,경기,고양시 일산동구,가격지수,전세,98.2199
2024-10-21,경기,고양시 일산동구,가격지수,전세,98.2718
2024-10-28,경기,고양시 일산동구,가격지수,전세,98.3551
2024-11-04,경기,고양시 일산동구,가격지수,전세,98.4115
2024-11-11,경기,고양시 일산동구,가격지수,전세,98.9707
2024-11-18,경기,고양시 일산동구,가격지수,전세,99.2305
2024-11-25,경기,고양시 일산동구,가격지수,전세,99.2917
2024-12-02,경기,고양시 일산동구,가격지수,전세,99.3321
2024-12-09,경기,고양시 일산동구,가격지수,전세,99.3767
2024-12-16,경기,고양시 일산동구,가격지수,전세,99.3419
2024-12-23,경기,고양시 일산동구,가격지수,전세,99.3905
2024-12-30,경기,고양시 일산동구,가격지수,전세,99.489
2025-01-06,경기,고양시 일산동구,가격지수,전세,99.5358
2025-01-13,경기,고양시 일산동구,가격지수,전세,99.6762
2025-01-20,경기,고양시 일산동구,가격지수,전세,99.7002
2025-02-03,경기,고양시 일산동구,가격지수,전세,99.7026
2025-02-10,경기,고양시 일산동구,가격지수,전세,99.6865
2025-02-17,경기,고양시 일산동구,가격지수,전세,99.815
2025-02-24,경기,고양시 일산동구,가격지수,전세,99.8468
2025-03-03,경기,고양시 일산동구,가격지수,전세,99.85
2025-03-10,경기,고양시 일산동구,가격지수,전세,99.8711
2025-03-17,경기,고양시 일산동구,가격지수,전세,99.9929
2025-03-24,경기,고양시 일산동구,가격지수,전세,100.027
2025-03-31,경기,고양시 일산동구,가격지수,전세,100.0793
2025-04-07,경기,고양시 일산동구,가격지수,전세,100.0861
2025-04-14,경기,고양시 일산동구,가격지수,전세,100.0737
2025-04-21,경기,고양시 일산동구,가격지수,전세,100.0749
2025-04-28,경기,고양시 일산동구,가격지수,전세,100.0711
2025-05-05,경기,고양시 일산동구,가격지수,전세,100.0711
2025-05-12,경기,고양시 일산동구,가격지수,전세,100.0956
2025-05-19,경기,고양시 일산동구,가격지수,전세,100.2484
2025-05-26,경기,고양시 일산동구,가격지수,전세,100.2157
2025-06-02,경기,고양시 일산동구,가격지수,전세,100.2084
2025-06-09,경기,고양시 일산동구,가격지수,전세,100.236
2025-06-16,경기,고양시 일산동구,가격지수,전세,100.2983
2025-06-23,경기,고양시 일산동구,가격지수,전세,100.3286
2025-06-30,경기,고양시 일산동구,가격지수,전세,100.2858
2025-07-07,경기,고양시 일산동구,가격지수,전세,100.2798
2025-07-14,경기,고양시 일산동구,가격지수,전세,100.2467
2025-07-21,경기,고양시 일산동구,가격지수,전세,100.284
2025-07-28,경기,고양시 일산동구,가격지수,전세,100.2928
2025-08-04,경기,고양시 일산동구,가격지수,전세,100.2794
2025-08-11,경기,고양시 일산동구,가격지수,전세,100.2604
2025-08-18,경기,고양시 일산동구,가격지수,전세,100.2104
2025-08-25,경기,고양시 일산동구,가격지수,전세,100.1866
2025-09-01,경기,고양시 일산동구,가격지수,전세,100.1773
2025-09-08,경기,고양시 일산동구,가격지수,전세,100.1443
2025-09-15,경기,고양시 일산동구,가격지수,전세,100.1443
2025-09-22,경기,고양시 일산동구,가격지수,전세,100.1353
2025-09-29,경기,고양시 일산동구,가격지수,전세,100.1353
2025-10-13,경기,고양시 일산동구,가격지수,전세,100.1105
2025-10-20,경기,고양시 일산동구,가격지수,전세,100.1223
2025-10-27,경기,고양시 일산동구,가격지수,전세,100.1264
2025-11-03,경기,고양시 일산동구,가격지수,전세,100.1343
2025-11-10,경기,고양시 일산동구,가격지수,전세,100.0923
2025-11-17,경기,고양시 일산동구,가격지수,전세,100.0844
2025-11-24,경기,고양시 일산동구,가격지수,전세,100.138
2025-12-01,경기,고양시 일산동구,가격지수,전세,100.0954
2025-12-08,경기,고양시 일산동구,가격지수,전세,100.0271
2025-12-15,경기,고양시 일산동구,가격지수,전세,100.0271
2025-12-22,경기,고양시 일산동구,가격지수,전세,100.0308
2025-12-29,경기,고양시 일산동구,가격지수,전세,100.0151
2026-01-05,경기,고양시 일산동구,가격지수,전세,100.0151
2026-01-12,경기,고양시 일산동구,가격지수,전세,100.0
2026-01-19,경기,고양시 일산동구,가격지수,전세,99.9977
2026-01-26,경기,고양시 일산동구,가격지수,전세,100.0101
2026-02-02,경기,고양시 일산동구,가격지수,전세,100.0069
2026-02-09,경기,고양시 일산동구,가격지수,전세,100.0147
2026-02-23,경기,고양시 일산동구,가격지수,전세,100.0349
2026-03-02,경기,고양시 일산동구,가격지수,전세,100.0343
2026-03-09,경기,고양시 일산동구,가격지수,전세,100.0668
2026-03-16,경기,고양시 일산동구,가격지수,전세,100.1209
2026-03-23,경기,고양시 일산동구,가격지수,전세,100.1805
2026-03-30,경기,고양시 일산동구,가격지수,전세,100.1698
2026-04-06,경기,고양시 일산동구,가격지수,전세,100.1945
2026-04-13,경기,고양시 일산동구,가격지수,전세,100.1716
2026-04-20,경기,고양시 일산동구,가격지수,전세,100.2525
2026-04-27,경기,고양시 일산동구,가격지수,전세,100.2771
2026-05-04,경기,고양시 일산동구,가격지수,전세,100.2934
2026-05-11,경기,고양시 일산동구,가격지수,전세,100.3242
2026-05-18,경기,고양시 일산동구,가격지수,전세,100.3474
2026-05-25,경기,고양시 일산동구,가격지수,전세,100.3993
2026-06-01,경기,고양시 일산동구,가격지수,전세,100.6315
2026-06-08,경기,고양시 일산동구,가격지수,전세,100.7445
2026-06-15,경기,고양시 일산동구,가격지수,전세,100.7477
2026-06-22,경기,고양시 일산동구,가격지수,전세,100.7973
2024-06-24,경기,고양시 일산서구,가격지수,전세,95.6617
2024-07-01,경기,고양시 일산서구,가격지수,전세,95.8312
2024-07-08,경기,고양시 일산서구,가격지수,전세,96.122
2024-07-15,경기,고양시 일산서구,가격지수,전세,96.3566
2024-07-22,경기,고양시 일산서구,가격지수,전세,96.5046
2024-07-29,경기,고양시 일산서구,가격지수,전세,96.6935
2024-08-05,경기,고양시 일산서구,가격지수,전세,96.8626
2024-08-12,경기,고양시 일산서구,가격지수,전세,96.9921
2024-08-19,경기,고양시 일산서구,가격지수,전세,97.2775
2024-08-26,경기,고양시 일산서구,가격지수,전세,97.4912
2024-09-02,경기,고양시 일산서구,가격지수,전세,97.7038
2024-09-09,경기,고양시 일산서구,가격지수,전세,97.9647
2024-09-23,경기,고양시 일산서구,가격지수,전세,98.145
2024-09-30,경기,고양시 일산서구,가격지수,전세,98.2816
2024-10-07,경기,고양시 일산서구,가격지수,전세,98.4294
2024-10-14,경기,고양시 일산서구,가격지수,전세,98.6123
2024-10-21,경기,고양시 일산서구,가격지수,전세,98.7606
2024-10-28,경기,고양시 일산서구,가격지수,전세,98.8701
2024-11-04,경기,고양시 일산서구,가격지수,전세,98.9889
2024-11-11,경기,고양시 일산서구,가격지수,전세,99.1744
2024-11-18,경기,고양시 일산서구,가격지수,전세,99.2381
2024-11-25,경기,고양시 일산서구,가격지수,전세,99.334
2024-12-02,경기,고양시 일산서구,가격지수,전세,99.4955
2024-12-09,경기,고양시 일산서구,가격지수,전세,99.6024
2024-12-16,경기,고양시 일산서구,가격지수,전세,99.6483
2024-12-23,경기,고양시 일산서구,가격지수,전세,99.7146
2024-12-30,경기,고양시 일산서구,가격지수,전세,99.7336
2025-01-06,경기,고양시 일산서구,가격지수,전세,99.7427
2025-01-13,경기,고양시 일산서구,가격지수,전세,99.7657
2025-01-20,경기,고양시 일산서구,가격지수,전세,99.8573
2025-02-03,경기,고양시 일산서구,가격지수,전세,99.8924
2025-02-10,경기,고양시 일산서구,가격지수,전세,100.0569
2025-02-17,경기,고양시 일산서구,가격지수,전세,100.1526
2025-02-24,경기,고양시 일산서구,가격지수,전세,100.1754
2025-03-03,경기,고양시 일산서구,가격지수,전세,100.1388
2025-03-10,경기,고양시 일산서구,가격지수,전세,100.1918
2025-03-17,경기,고양시 일산서구,가격지수,전세,100.2301
2025-03-24,경기,고양시 일산서구,가격지수,전세,100.3432
2025-03-31,경기,고양시 일산서구,가격지수,전세,100.3772
2025-04-07,경기,고양시 일산서구,가격지수,전세,100.4462
2025-04-14,경기,고양시 일산서구,가격지수,전세,100.4328
2025-04-21,경기,고양시 일산서구,가격지수,전세,100.4385
2025-04-28,경기,고양시 일산서구,가격지수,전세,100.4714
2025-05-05,경기,고양시 일산서구,가격지수,전세,100.4691
2025-05-12,경기,고양시 일산서구,가격지수,전세,100.5115
2025-05-19,경기,고양시 일산서구,가격지수,전세,100.5111
2025-05-26,경기,고양시 일산서구,가격지수,전세,100.5068
2025-06-02,경기,고양시 일산서구,가격지수,전세,100.5125
2025-06-09,경기,고양시 일산서구,가격지수,전세,100.5601
2025-06-16,경기,고양시 일산서구,가격지수,전세,100.562
2025-06-23,경기,고양시 일산서구,가격지수,전세,100.6306
2025-06-30,경기,고양시 일산서구,가격지수,전세,100.6138
2025-07-07,경기,고양시 일산서구,가격지수,전세,100.5846
2025-07-14,경기,고양시 일산서구,가격지수,전세,100.5353
2025-07-21,경기,고양시 일산서구,가격지수,전세,100.489
2025-07-28,경기,고양시 일산서구,가격지수,전세,100.4711
2025-08-04,경기,고양시 일산서구,가격지수,전세,100.3756
2025-08-11,경기,고양시 일산서구,가격지수,전세,100.3585
2025-08-18,경기,고양시 일산서구,가격지수,전세,100.3726
2025-08-25,경기,고양시 일산서구,가격지수,전세,100.356
2025-09-01,경기,고양시 일산서구,가격지수,전세,100.2705
2025-09-08,경기,고양시 일산서구,가격지수,전세,100.2117
2025-09-15,경기,고양시 일산서구,가격지수,전세,100.1302
2025-09-22,경기,고양시 일산서구,가격지수,전세,100.103
2025-09-29,경기,고양시 일산서구,가격지수,전세,100.0658
2025-10-13,경기,고양시 일산서구,가격지수,전세,100.0606
2025-10-20,경기,고양시 일산서구,가격지수,전세,100.0634
2025-10-27,경기,고양시 일산서구,가격지수,전세,99.9999
2025-11-03,경기,고양시 일산서구,가격지수,전세,100.014
2025-11-10,경기,고양시 일산서구,가격지수,전세,100.0227
2025-11-17,경기,고양시 일산서구,가격지수,전세,100.0268
2025-11-24,경기,고양시 일산서구,가격지수,전세,100.0826
2025-12-01,경기,고양시 일산서구,가격지수,전세,100.075
2025-12-08,경기,고양시 일산서구,가격지수,전세,100.0679
2025-12-15,경기,고양시 일산서구,가격지수,전세,100.058
2025-12-22,경기,고양시 일산서구,가격지수,전세,100.0399
2025-12-29,경기,고양시 일산서구,가격지수,전세,100.04
2026-01-05,경기,고양시 일산서구,가격지수,전세,99.998
2026-01-12,경기,고양시 일산서구,가격지수,전세,100.0
2026-01-19,경기,고양시 일산서구,가격지수,전세,99.9391
2026-01-26,경기,고양시 일산서구,가격지수,전세,99.9106
2026-02-02,경기,고양시 일산서구,가격지수,전세,99.9113
2026-02-09,경기,고양시 일산서구,가격지수,전세,99.9316
2026-02-23,경기,고양시 일산서구,가격지수,전세,99.9424
2026-03-02,경기,고양시 일산서구,가격지수,전세,99.9413
2026-03-09,경기,고양시 일산서구,가격지수,전세,100.0031
2026-03-16,경기,고양시 일산서구,가격지수,전세,100.0195
2026-03-23,경기,고양시 일산서구,가격지수,전세,100.0126
2026-03-30,경기,고양시 일산서구,가격지수,전세,99.9957
2026-04-06,경기,고양시 일산서구,가격지수,전세,100.0015
2026-04-13,경기,고양시 일산서구,가격지수,전세,100.0105
2026-04-20,경기,고양시 일산서구,가격지수,전세,100.0142
2026-04-27,경기,고양시 일산서구,가격지수,전세,100.0311
2026-05-04,경기,고양시 일산서구,가격지수,전세,100.0484
2026-05-11,경기,고양시 일산서구,가격지수,전세,100.0513
2026-05-18,경기,고양시 일산서구,가격지수,전세,100.0588
2026-05-25,경기,고양시 일산서구,가격지수,전세,100.0407
2026-06-01,경기,고양시 일산서구,가격지수,전세,100.0313
2026-06-08,경기,고양시 일산서구,가격지수,전세,100.0354
2026-06-15,경기,고양시 일산서구,가격지수,전세,100.0518
2026-06-22,경기,고양시 일산서구,가격지수,전세,100.0622
2024-06-24,경기,과천시,가격지수,전세,95.4814
2024-07-01,경기,과천시,가격지수,전세,94.8111
2024-07-08,경기,과천시,가격지수,전세,94.5734
2024-07-15,경기,과천시,가격지수,전세,94.2397
2024-07-22,경기,과천시,가격지수,전세,94.1376
2024-07-29,경기,과천시,가격지수,전세,94.0473
2024-08-05,경기,과천시,가격지수,전세,93.9473
2024-08-12,경기,과천시,가격지수,전세,93.4742
2024-08-19,경기,과천시,가격지수,전세,93.2155
2024-08-26,경기,과천시,가격지수,전세,93.0315
2024-09-02,경기,과천시,가격지수,전세,92.9905
2024-09-09,경기,과천시,가격지수,전세,92.7867
2024-09-23,경기,과천시,가격지수,전세,92.6385
2024-09-30,경기,과천시,가격지수,전세,92.2999
2024-10-07,경기,과천시,가격지수,전세,92.2346
2024-10-14,경기,과천시,가격지수,전세,91.9407
2024-10-21,경기,과천시,가격지수,전세,91.9427
2024-10-28,경기,과천시,가격지수,전세,92.1167
2024-11-04,경기,과천시,가격지수,전세,92.2715
2024-11-11,경기,과천시,가격지수,전세,92.3101
2024-11-18,경기,과천시,가격지수,전세,92.3993
2024-11-25,경기,과천시,가격지수,전세,92.5142
2024-12-02,경기,과천시,가격지수,전세,92.5142
2024-12-09,경기,과천시,가격지수,전세,92.596
2024-12-16,경기,과천시,가격지수,전세,92.596
2024-12-23,경기,과천시,가격지수,전세,92.596
2024-12-30,경기,과천시,가격지수,전세,92.6627
2025-01-06,경기,과천시,가격지수,전세,92.8917
2025-01-13,경기,과천시,가격지수,전세,93.2277
2025-01-20,경기,과천시,가격지수,전세,93.5619
2025-02-03,경기,과천시,가격지수,전세,93.9733
2025-02-10,경기,과천시,가격지수,전세,94.1796
2025-02-17,경기,과천시,가격지수,전세,94.6319
2025-02-24,경기,과천시,가격지수,전세,94.8996
2025-03-03,경기,과천시,가격지수,전세,95.1988
2025-03-10,경기,과천시,가격지수,전세,96.206
2025-03-17,경기,과천시,가격지수,전세,96.69
2025-03-24,경기,과천시,가격지수,전세,96.8695
2025-03-31,경기,과천시,가격지수,전세,97.0312
2025-04-07,경기,과천시,가격지수,전세,97.2761
2025-04-14,경기,과천시,가격지수,전세,97.4383
2025-04-21,경기,과천시,가격지수,전세,98.0764
2025-04-28,경기,과천시,가격지수,전세,98.2025
2025-05-05,경기,과천시,가격지수,전세,98.2515
2025-05-12,경기,과천시,가격지수,전세,98.2515
2025-05-19,경기,과천시,가격지수,전세,98.4219
2025-05-26,경기,과천시,가격지수,전세,98.9148
2025-06-02,경기,과천시,가격지수,전세,98.993
2025-06-09,경기,과천시,가격지수,전세,99.2071
2025-06-16,경기,과천시,가격지수,전세,99.9273
2025-06-23,경기,과천시,가격지수,전세,100.2615
2025-06-30,경기,과천시,가격지수,전세,100.9984
2025-07-07,경기,과천시,가격지수,전세,100.9984
2025-07-14,경기,과천시,가격지수,전세,101.0382
2025-07-21,경기,과천시,가격지수,전세,101.0872
2025-07-28,경기,과천시,가격지수,전세,101.2215
2025-08-04,경기,과천시,가격지수,전세,101.4238
2025-08-11,경기,과천시,가격지수,전세,101.4238
2025-08-18,경기,과천시,가격지수,전세,101.4238
2025-08-25,경기,과천시,가격지수,전세,101.4497
2025-09-01,경기,과천시,가격지수,전세,101.4779
2025-09-08,경기,과천시,가격지수,전세,101.4779
2025-09-15,경기,과천시,가격지수,전세,101.622
2025-09-22,경기,과천시,가격지수,전세,101.725
2025-09-29,경기,과천시,가격지수,전세,101.725
2025-10-13,경기,과천시,가격지수,전세,102.3395
2025-10-20,경기,과천시,가격지수,전세,102.4588
2025-10-27,경기,과천시,가격지수,전세,102.6632
2025-11-03,경기,과천시,가격지수,전세,102.7982
2025-11-10,경기,과천시,가격지수,전세,102.887
2025-11-17,경기,과천시,가격지수,전세,102.9526
2025-11-24,경기,과천시,가격지수,전세,103.0851
2025-12-01,경기,과천시,가격지수,전세,102.9636
2025-12-08,경기,과천시,가격지수,전세,102.6844
2025-12-15,경기,과천시,가격지수,전세,102.0138
2025-12-22,경기,과천시,가격지수,전세,101.5733
2025-12-29,경기,과천시,가격지수,전세,100.6267
2026-01-05,경기,과천시,가격지수,전세,100.1179
2026-01-12,경기,과천시,가격지수,전세,100.0
2026-01-19,경기,과천시,가격지수,전세,99.938
2026-01-26,경기,과천시,가격지수,전세,99.7607
2026-02-02,경기,과천시,가격지수,전세,99.711
2026-02-09,경기,과천시,가격지수,전세,99.7035
2026-02-23,경기,과천시,가격지수,전세,99.5696
2026-03-02,경기,과천시,가격지수,전세,99.2358
2026-03-09,경기,과천시,가격지수,전세,99.168
2026-03-16,경기,과천시,가격지수,전세,98.8619
2026-03-23,경기,과천시,가격지수,전세,98.7448
2026-03-30,경기,과천시,가격지수,전세,98.7448
2026-04-06,경기,과천시,가격지수,전세,98.7393
2026-04-13,경기,과천시,가격지수,전세,98.7393
2026-04-20,경기,과천시,가격지수,전세,98.7393
2026-04-27,경기,과천시,가격지수,전세,98.5713
2026-05-04,경기,과천시,가격지수,전세,98.4247
2026-05-11,경기,과천시,가격지수,전세,98.3765
2026-05-18,경기,과천시,가격지수,전세,98.6813
2026-05-25,경기,과천시,가격지수,전세,98.9856
2026-06-01,경기,과천시,가격지수,전세,99.4041
2026-06-08,경기,과천시,가격지수,전세,99.4988
2026-06-15,경기,과천시,가격지수,전세,99.6998
2026-06-22,경기,과천시,가격지수,전세,100.4309
2024-06-24,경기,광명시,가격지수,전세,102.3113
2024-07-01,경기,광명시,가격지수,전세,102.3845
2024-07-08,경기,광명시,가격지수,전세,102.4407
2024-07-15,경기,광명시,가격지수,전세,102.5484
2024-07-22,경기,광명시,가격지수,전세,102.6984
2024-07-29,경기,광명시,가격지수,전세,102.7408
2024-08-05,경기,광명시,가격지수,전세,102.8214
2024-08-12,경기,광명시,가격지수,전세,102.9897
2024-08-19,경기,광명시,가격지수,전세,103.1154
2024-08-26,경기,광명시,가격지수,전세,103.3775
2024-09-02,경기,광명시,가격지수,전세,103.4761
2024-09-09,경기,광명시,가격지수,전세,103.5364
2024-09-23,경기,광명시,가격지수,전세,103.6385
2024-09-30,경기,광명시,가격지수,전세,103.6512
2024-10-07,경기,광명시,가격지수,전세,103.8362
2024-10-14,경기,광명시,가격지수,전세,103.8682
2024-10-21,경기,광명시,가격지수,전세,103.9072
2024-10-28,경기,광명시,가격지수,전세,103.912
2024-11-04,경기,광명시,가격지수,전세,103.8791
2024-11-11,경기,광명시,가격지수,전세,103.9142
2024-11-18,경기,광명시,가격지수,전세,103.9001
2024-11-25,경기,광명시,가격지수,전세,103.8151
2024-12-02,경기,광명시,가격지수,전세,103.8114
2024-12-09,경기,광명시,가격지수,전세,103.7983
2024-12-16,경기,광명시,가격지수,전세,103.7348
2024-12-23,경기,광명시,가격지수,전세,103.558
2024-12-30,경기,광명시,가격지수,전세,103.3823
2025-01-06,경기,광명시,가격지수,전세,103.1431
2025-01-13,경기,광명시,가격지수,전세,102.9721
2025-01-20,경기,광명시,가격지수,전세,102.6962
2025-02-03,경기,광명시,가격지수,전세,102.5088
2025-02-10,경기,광명시,가격지수,전세,102.3837
2025-02-17,경기,광명시,가격지수,전세,102.3667
2025-02-24,경기,광명시,가격지수,전세,102.2136
2025-03-03,경기,광명시,가격지수,전세,101.9126
2025-03-10,경기,광명시,가격지수,전세,101.767
2025-03-17,경기,광명시,가격지수,전세,101.5396
2025-03-24,경기,광명시,가격지수,전세,101.271
2025-03-31,경기,광명시,가격지수,전세,101.144
2025-04-07,경기,광명시,가격지수,전세,101.0519
2025-04-14,경기,광명시,가격지수,전세,100.8708
2025-04-21,경기,광명시,가격지수,전세,100.6274
2025-04-28,경기,광명시,가격지수,전세,100.5953
2025-05-05,경기,광명시,가격지수,전세,100.5743
2025-05-12,경기,광명시,가격지수,전세,100.1971
2025-05-19,경기,광명시,가격지수,전세,99.825
2025-05-26,경기,광명시,가격지수,전세,99.5018
2025-06-02,경기,광명시,가격지수,전세,99.3986
2025-06-09,경기,광명시,가격지수,전세,99.2818
2025-06-16,경기,광명시,가격지수,전세,99.093
2025-06-23,경기,광명시,가격지수,전세,99.0764
2025-06-30,경기,광명시,가격지수,전세,99.0451
2025-07-07,경기,광명시,가격지수,전세,98.9481
2025-07-14,경기,광명시,가격지수,전세,98.895
2025-07-21,경기,광명시,가격지수,전세,98.809
2025-07-28,경기,광명시,가격지수,전세,98.6873
2025-08-04,경기,광명시,가격지수,전세,98.6713
2025-08-11,경기,광명시,가격지수,전세,98.649
2025-08-18,경기,광명시,가격지수,전세,98.6655
2025-08-25,경기,광명시,가격지수,전세,98.6803
2025-09-01,경기,광명시,가격지수,전세,98.6837
2025-09-08,경기,광명시,가격지수,전세,98.9591
2025-09-15,경기,광명시,가격지수,전세,98.9998
2025-09-22,경기,광명시,가격지수,전세,98.9925
2025-09-29,경기,광명시,가격지수,전세,99.0101
2025-10-13,경기,광명시,가격지수,전세,99.0645
2025-10-20,경기,광명시,가격지수,전세,99.1012
2025-10-27,경기,광명시,가격지수,전세,99.2195
2025-11-03,경기,광명시,가격지수,전세,99.2251
2025-11-10,경기,광명시,가격지수,전세,99.3497
2025-11-17,경기,광명시,가격지수,전세,99.3789
2025-11-24,경기,광명시,가격지수,전세,99.5619
2025-12-01,경기,광명시,가격지수,전세,99.7594
2025-12-08,경기,광명시,가격지수,전세,99.8197
2025-12-15,경기,광명시,가격지수,전세,99.828
2025-12-22,경기,광명시,가격지수,전세,99.8686
2025-12-29,경기,광명시,가격지수,전세,99.928
2026-01-05,경기,광명시,가격지수,전세,99.9785
2026-01-12,경기,광명시,가격지수,전세,100.0
2026-01-19,경기,광명시,가격지수,전세,100.0729
2026-01-26,경기,광명시,가격지수,전세,100.2518
2026-02-02,경기,광명시,가격지수,전세,100.3211
2026-02-09,경기,광명시,가격지수,전세,100.4345
2026-02-23,경기,광명시,가격지수,전세,100.6667
2026-03-02,경기,광명시,가격지수,전세,100.942
2026-03-09,경기,광명시,가격지수,전세,101.1873
2026-03-16,경기,광명시,가격지수,전세,101.6491
2026-03-23,경기,광명시,가격지수,전세,102.1411
2026-03-30,경기,광명시,가격지수,전세,102.767
2026-04-06,경기,광명시,가격지수,전세,103.1495
2026-04-13,경기,광명시,가격지수,전세,103.7983
2026-04-20,경기,광명시,가격지수,전세,104.511
2026-04-27,경기,광명시,가격지수,전세,105.1414
2026-05-04,경기,광명시,가격지수,전세,105.7418
2026-05-11,경기,광명시,가격지수,전세,106.3986
2026-05-18,경기,광명시,가격지수,전세,107.0502
2026-05-25,경기,광명시,가격지수,전세,107.4986
2026-06-01,경기,광명시,가격지수,전세,108.2025
2026-06-08,경기,광명시,가격지수,전세,108.2946
2026-06-15,경기,광명시,가격지수,전세,109.0319
2026-06-22,경기,광명시,가격지수,전세,109.4936
2024-06-24,경기,광주시,가격지수,전세,95.77
2024-07-01,경기,광주시,가격지수,전세,95.7448
2024-07-08,경기,광주시,가격지수,전세,95.7119
2024-07-15,경기,광주시,가격지수,전세,95.7091
2024-07-22,경기,광주시,가격지수,전세,95.6781
2024-07-29,경기,광주시,가격지수,전세,95.6897
2024-08-05,경기,광주시,가격지수,전세,95.6716
2024-08-12,경기,광주시,가격지수,전세,95.5904
2024-08-19,경기,광주시,가격지수,전세,95.5853
2024-08-26,경기,광주시,가격지수,전세,95.5868
2024-09-02,경기,광주시,가격지수,전세,95.5655
2024-09-09,경기,광주시,가격지수,전세,95.5635
2024-09-23,경기,광주시,가격지수,전세,95.5255
2024-09-30,경기,광주시,가격지수,전세,95.5211
2024-10-07,경기,광주시,가격지수,전세,95.5211
2024-10-14,경기,광주시,가격지수,전세,95.5039
2024-10-21,경기,광주시,가격지수,전세,95.4929
2024-10-28,경기,광주시,가격지수,전세,95.5093
2024-11-04,경기,광주시,가격지수,전세,95.4649
2024-11-11,경기,광주시,가격지수,전세,95.4359
2024-11-18,경기,광주시,가격지수,전세,95.4362
2024-11-25,경기,광주시,가격지수,전세,95.2873
2024-12-02,경기,광주시,가격지수,전세,95.2675
2024-12-09,경기,광주시,가격지수,전세,95.2708
2024-12-16,경기,광주시,가격지수,전세,95.2169
2024-12-23,경기,광주시,가격지수,전세,95.202
2024-12-30,경기,광주시,가격지수,전세,95.202
2025-01-06,경기,광주시,가격지수,전세,95.1783
2025-01-13,경기,광주시,가격지수,전세,95.0416
2025-01-20,경기,광주시,가격지수,전세,94.8679
2025-02-03,경기,광주시,가격지수,전세,94.8047
2025-02-10,경기,광주시,가격지수,전세,94.8067
2025-02-17,경기,광주시,가격지수,전세,94.7593
2025-02-24,경기,광주시,가격지수,전세,94.74
2025-03-03,경기,광주시,가격지수,전세,94.7093
2025-03-10,경기,광주시,가격지수,전세,94.6043
2025-03-17,경기,광주시,가격지수,전세,94.6124
2025-03-24,경기,광주시,가격지수,전세,94.6163
2025-03-31,경기,광주시,가격지수,전세,94.63
2025-04-07,경기,광주시,가격지수,전세,94.7444
2025-04-14,경기,광주시,가격지수,전세,94.7608
2025-04-21,경기,광주시,가격지수,전세,94.8071
2025-04-28,경기,광주시,가격지수,전세,94.844
2025-05-05,경기,광주시,가격지수,전세,94.844
2025-05-12,경기,광주시,가격지수,전세,94.9779
2025-05-19,경기,광주시,가격지수,전세,95.0807
2025-05-26,경기,광주시,가격지수,전세,95.0827
2025-06-02,경기,광주시,가격지수,전세,95.114
2025-06-09,경기,광주시,가격지수,전세,95.1455
2025-06-16,경기,광주시,가격지수,전세,95.1955
2025-06-23,경기,광주시,가격지수,전세,95.2413
2025-06-30,경기,광주시,가격지수,전세,95.2713
2025-07-07,경기,광주시,가격지수,전세,95.3893
2025-07-14,경기,광주시,가격지수,전세,95.4584
2025-07-21,경기,광주시,가격지수,전세,95.5065
2025-07-28,경기,광주시,가격지수,전세,95.565
2025-08-04,경기,광주시,가격지수,전세,95.6292
2025-08-11,경기,광주시,가격지수,전세,95.751
2025-08-18,경기,광주시,가격지수,전세,95.901
2025-08-25,경기,광주시,가격지수,전세,95.9754
2025-09-01,경기,광주시,가격지수,전세,96.1283
2025-09-08,경기,광주시,가격지수,전세,96.3217
2025-09-15,경기,광주시,가격지수,전세,96.5046
2025-09-22,경기,광주시,가격지수,전세,96.6564
2025-09-29,경기,광주시,가격지수,전세,96.7643
2025-10-13,경기,광주시,가격지수,전세,96.9138
2025-10-20,경기,광주시,가격지수,전세,97.156
2025-10-27,경기,광주시,가격지수,전세,97.405
2025-11-03,경기,광주시,가격지수,전세,97.5371
2025-11-10,경기,광주시,가격지수,전세,97.9671
2025-11-17,경기,광주시,가격지수,전세,98.4569
2025-11-24,경기,광주시,가격지수,전세,98.6587
2025-12-01,경기,광주시,가격지수,전세,98.9881
2025-12-08,경기,광주시,가격지수,전세,99.3136
2025-12-15,경기,광주시,가격지수,전세,99.5066
2025-12-22,경기,광주시,가격지수,전세,99.7184
2025-12-29,경기,광주시,가격지수,전세,99.9079
2026-01-05,경기,광주시,가격지수,전세,99.9674
2026-01-12,경기,광주시,가격지수,전세,100.0
2026-01-19,경기,광주시,가격지수,전세,100.0566
2026-01-26,경기,광주시,가격지수,전세,100.1493
2026-02-02,경기,광주시,가격지수,전세,100.3102
2026-02-09,경기,광주시,가격지수,전세,100.4082
2026-02-23,경기,광주시,가격지수,전세,100.4713
2026-03-02,경기,광주시,가격지수,전세,100.4929
2026-03-09,경기,광주시,가격지수,전세,100.5301
2026-03-16,경기,광주시,가격지수,전세,100.6344
2026-03-23,경기,광주시,가격지수,전세,100.6519
2026-03-30,경기,광주시,가격지수,전세,100.7011
2026-04-06,경기,광주시,가격지수,전세,100.6893
2026-04-13,경기,광주시,가격지수,전세,100.703
2026-04-20,경기,광주시,가격지수,전세,100.7147
2026-04-27,경기,광주시,가격지수,전세,100.7266
2026-05-04,경기,광주시,가격지수,전세,100.7663
2026-05-11,경기,광주시,가격지수,전세,100.8006
2026-05-18,경기,광주시,가격지수,전세,100.806
2026-05-25,경기,광주시,가격지수,전세,100.8175
2026-06-01,경기,광주시,가격지수,전세,100.8357
2026-06-08,경기,광주시,가격지수,전세,100.8715
2026-06-15,경기,광주시,가격지수,전세,100.9024
2026-06-22,경기,광주시,가격지수,전세,100.9063
2024-06-24,경기,구리시,가격지수,전세,86.3423
2024-07-01,경기,구리시,가격지수,전세,86.3909
2024-07-08,경기,구리시,가격지수,전세,86.4272
2024-07-15,경기,구리시,가격지수,전세,86.5874
2024-07-22,경기,구리시,가격지수,전세,86.6184
2024-07-29,경기,구리시,가격지수,전세,86.6552
2024-08-05,경기,구리시,가격지수,전세,86.7933
2024-08-12,경기,구리시,가격지수,전세,87.1263
2024-08-19,경기,구리시,가격지수,전세,87.351
2024-08-26,경기,구리시,가격지수,전세,87.5404
2024-09-02,경기,구리시,가격지수,전세,87.9041
2024-09-09,경기,구리시,가격지수,전세,88.1752
2024-09-23,경기,구리시,가격지수,전세,88.3759
2024-09-30,경기,구리시,가격지수,전세,88.4393
2024-10-07,경기,구리시,가격지수,전세,88.7422
2024-10-14,경기,구리시,가격지수,전세,89.0853
2024-10-21,경기,구리시,가격지수,전세,89.1453
2024-10-28,경기,구리시,가격지수,전세,89.5161
2024-11-04,경기,구리시,가격지수,전세,90.1155
2024-11-11,경기,구리시,가격지수,전세,90.3894
2024-11-18,경기,구리시,가격지수,전세,90.5961
2024-11-25,경기,구리시,가격지수,전세,90.7383
2024-12-02,경기,구리시,가격지수,전세,90.9328
2024-12-09,경기,구리시,가격지수,전세,91.04
2024-12-16,경기,구리시,가격지수,전세,91.2064
2024-12-23,경기,구리시,가격지수,전세,91.3927
2024-12-30,경기,구리시,가격지수,전세,91.5546
2025-01-06,경기,구리시,가격지수,전세,91.7074
2025-01-13,경기,구리시,가격지수,전세,91.88
2025-01-20,경기,구리시,가격지수,전세,92.0579
2025-02-03,경기,구리시,가격지수,전세,92.2188
2025-02-10,경기,구리시,가격지수,전세,92.5798
2025-02-17,경기,구리시,가격지수,전세,92.734
2025-02-24,경기,구리시,가격지수,전세,93.035
2025-03-03,경기,구리시,가격지수,전세,93.3313
2025-03-10,경기,구리시,가격지수,전세,93.439
2025-03-17,경기,구리시,가격지수,전세,93.5696
2025-03-24,경기,구리시,가격지수,전세,93.6771
2025-03-31,경기,구리시,가격지수,전세,93.8701
2025-04-07,경기,구리시,가격지수,전세,93.9473
2025-04-14,경기,구리시,가격지수,전세,94.0442
2025-04-21,경기,구리시,가격지수,전세,94.2799
2025-04-28,경기,구리시,가격지수,전세,94.4268
2025-05-05,경기,구리시,가격지수,전세,94.6365
2025-05-12,경기,구리시,가격지수,전세,94.7618
2025-05-19,경기,구리시,가격지수,전세,95.0327
2025-05-26,경기,구리시,가격지수,전세,95.1659
2025-06-02,경기,구리시,가격지수,전세,95.2332
2025-06-09,경기,구리시,가격지수,전세,95.431
2025-06-16,경기,구리시,가격지수,전세,95.6259
2025-06-23,경기,구리시,가격지수,전세,95.6775
2025-06-30,경기,구리시,가격지수,전세,95.7141
2025-07-07,경기,구리시,가격지수,전세,95.925
2025-07-14,경기,구리시,가격지수,전세,96.1015
2025-07-21,경기,구리시,가격지수,전세,96.1835
2025-07-28,경기,구리시,가격지수,전세,96.2093
2025-08-04,경기,구리시,가격지수,전세,96.2072
2025-08-11,경기,구리시,가격지수,전세,96.4645
2025-08-18,경기,구리시,가격지수,전세,96.7047
2025-08-25,경기,구리시,가격지수,전세,96.7446
2025-09-01,경기,구리시,가격지수,전세,96.9111
2025-09-08,경기,구리시,가격지수,전세,97.0542
2025-09-15,경기,구리시,가격지수,전세,97.15
2025-09-22,경기,구리시,가격지수,전세,97.2829
2025-09-29,경기,구리시,가격지수,전세,97.5556
2025-10-13,경기,구리시,가격지수,전세,97.6276
2025-10-20,경기,구리시,가격지수,전세,97.7436
2025-10-27,경기,구리시,가격지수,전세,97.9104
2025-11-03,경기,구리시,가격지수,전세,98.2198
2025-11-10,경기,구리시,가격지수,전세,98.3295
2025-11-17,경기,구리시,가격지수,전세,98.537
2025-11-24,경기,구리시,가격지수,전세,98.6754
2025-12-01,경기,구리시,가격지수,전세,98.8293
2025-12-08,경기,구리시,가격지수,전세,98.953
2025-12-15,경기,구리시,가격지수,전세,99.0451
2025-12-22,경기,구리시,가격지수,전세,99.0903
2025-12-29,경기,구리시,가격지수,전세,99.3842
2026-01-05,경기,구리시,가격지수,전세,99.7395
2026-01-12,경기,구리시,가격지수,전세,100.0
2026-01-19,경기,구리시,가격지수,전세,100.2966
2026-01-26,경기,구리시,가격지수,전세,100.5733
2026-02-02,경기,구리시,가격지수,전세,100.8315
2026-02-09,경기,구리시,가격지수,전세,101.006
2026-02-23,경기,구리시,가격지수,전세,101.2554
2026-03-02,경기,구리시,가격지수,전세,101.43
2026-03-09,경기,구리시,가격지수,전세,101.6137
2026-03-16,경기,구리시,가격지수,전세,101.857
2026-03-23,경기,구리시,가격지수,전세,102.0427
2026-03-30,경기,구리시,가격지수,전세,102.4019
2026-04-06,경기,구리시,가격지수,전세,102.6077
2026-04-13,경기,구리시,가격지수,전세,102.9766
2026-04-20,경기,구리시,가격지수,전세,103.1127
2026-04-27,경기,구리시,가격지수,전세,103.1676
2026-05-04,경기,구리시,가격지수,전세,103.2666
2026-05-11,경기,구리시,가격지수,전세,103.506
2026-05-18,경기,구리시,가격지수,전세,103.7846
2026-05-25,경기,구리시,가격지수,전세,104.0269
2026-06-01,경기,구리시,가격지수,전세,104.3023
2026-06-08,경기,구리시,가격지수,전세,104.5563
2026-06-15,경기,구리시,가격지수,전세,104.6453
2026-06-22,경기,구리시,가격지수,전세,105.1368
2024-06-24,경기,군포시,가격지수,전세,94.144
2024-07-01,경기,군포시,가격지수,전세,94.323
2024-07-08,경기,군포시,가격지수,전세,94.4539
2024-07-15,경기,군포시,가격지수,전세,94.6438
2024-07-22,경기,군포시,가격지수,전세,94.8564
2024-07-29,경기,군포시,가격지수,전세,94.9999
2024-08-05,경기,군포시,가격지수,전세,95.1541
2024-08-12,경기,군포시,가격지수,전세,95.1998
2024-08-19,경기,군포시,가격지수,전세,95.3152
2024-08-26,경기,군포시,가격지수,전세,95.4079
2024-09-02,경기,군포시,가격지수,전세,95.4835
2024-09-09,경기,군포시,가격지수,전세,95.5134
2024-09-23,경기,군포시,가격지수,전세,95.6595
2024-09-30,경기,군포시,가격지수,전세,95.627
2024-10-07,경기,군포시,가격지수,전세,95.764
2024-10-14,경기,군포시,가격지수,전세,95.8431
2024-10-21,경기,군포시,가격지수,전세,95.9251
2024-10-28,경기,군포시,가격지수,전세,96.0143
2024-11-04,경기,군포시,가격지수,전세,96.1612
2024-11-11,경기,군포시,가격지수,전세,96.1884
2024-11-18,경기,군포시,가격지수,전세,96.2175
2024-11-25,경기,군포시,가격지수,전세,96.2469
2024-12-02,경기,군포시,가격지수,전세,96.3092
2024-12-09,경기,군포시,가격지수,전세,96.3234
2024-12-16,경기,군포시,가격지수,전세,96.3427
2024-12-23,경기,군포시,가격지수,전세,96.3579
2024-12-30,경기,군포시,가격지수,전세,96.4277
2025-01-06,경기,군포시,가격지수,전세,96.4663
2025-01-13,경기,군포시,가격지수,전세,96.4322
2025-01-20,경기,군포시,가격지수,전세,96.326
2025-02-03,경기,군포시,가격지수,전세,96.3219
2025-02-10,경기,군포시,가격지수,전세,96.314
2025-02-17,경기,군포시,가격지수,전세,96.2818
2025-02-24,경기,군포시,가격지수,전세,96.2628
2025-03-03,경기,군포시,가격지수,전세,96.2666
2025-03-10,경기,군포시,가격지수,전세,96.231
2025-03-17,경기,군포시,가격지수,전세,96.2119
2025-03-24,경기,군포시,가격지수,전세,96.19
2025-03-31,경기,군포시,가격지수,전세,96.1595
2025-04-07,경기,군포시,가격지수,전세,96.1369
2025-04-14,경기,군포시,가격지수,전세,96.0974
2025-04-21,경기,군포시,가격지수,전세,96.1146
2025-04-28,경기,군포시,가격지수,전세,96.3004
2025-05-05,경기,군포시,가격지수,전세,96.3461
2025-05-12,경기,군포시,가격지수,전세,96.4041
2025-05-19,경기,군포시,가격지수,전세,96.4678
2025-05-26,경기,군포시,가격지수,전세,96.4685
2025-06-02,경기,군포시,가격지수,전세,96.4753
2025-06-09,경기,군포시,가격지수,전세,96.505
2025-06-16,경기,군포시,가격지수,전세,96.4744
2025-06-23,경기,군포시,가격지수,전세,96.7923
2025-06-30,경기,군포시,가격지수,전세,96.8085
2025-07-07,경기,군포시,가격지수,전세,96.9361
2025-07-14,경기,군포시,가격지수,전세,96.9373
2025-07-21,경기,군포시,가격지수,전세,97.1768
2025-07-28,경기,군포시,가격지수,전세,97.255
2025-08-04,경기,군포시,가격지수,전세,97.2636
2025-08-11,경기,군포시,가격지수,전세,97.2709
2025-08-18,경기,군포시,가격지수,전세,97.2912
2025-08-25,경기,군포시,가격지수,전세,97.5192
2025-09-01,경기,군포시,가격지수,전세,97.6123
2025-09-08,경기,군포시,가격지수,전세,97.6593
2025-09-15,경기,군포시,가격지수,전세,97.7
2025-09-22,경기,군포시,가격지수,전세,97.7318
2025-09-29,경기,군포시,가격지수,전세,97.7829
2025-10-13,경기,군포시,가격지수,전세,97.8883
2025-10-20,경기,군포시,가격지수,전세,98.2506
2025-10-27,경기,군포시,가격지수,전세,98.288
2025-11-03,경기,군포시,가격지수,전세,98.3734
2025-11-10,경기,군포시,가격지수,전세,98.3998
2025-11-17,경기,군포시,가격지수,전세,98.4522
2025-11-24,경기,군포시,가격지수,전세,98.7816
2025-12-01,경기,군포시,가격지수,전세,98.9378
2025-12-08,경기,군포시,가격지수,전세,99.0056
2025-12-15,경기,군포시,가격지수,전세,99.0757
2025-12-22,경기,군포시,가격지수,전세,99.1488
2025-12-29,경기,군포시,가격지수,전세,99.1566
2026-01-05,경기,군포시,가격지수,전세,99.3742
2026-01-12,경기,군포시,가격지수,전세,100.0
2026-01-19,경기,군포시,가격지수,전세,100.566
2026-01-26,경기,군포시,가격지수,전세,100.7471
2026-02-02,경기,군포시,가격지수,전세,100.9589
2026-02-09,경기,군포시,가격지수,전세,101.0592
2026-02-23,경기,군포시,가격지수,전세,101.1568
2026-03-02,경기,군포시,가격지수,전세,101.3785
2026-03-09,경기,군포시,가격지수,전세,101.4213
2026-03-16,경기,군포시,가격지수,전세,101.6313
2026-03-23,경기,군포시,가격지수,전세,102.0077
2026-03-30,경기,군포시,가격지수,전세,102.0495
2026-04-06,경기,군포시,가격지수,전세,102.1108
2026-04-13,경기,군포시,가격지수,전세,102.2269
2026-04-20,경기,군포시,가격지수,전세,102.3583
2026-04-27,경기,군포시,가격지수,전세,102.4365
2026-05-04,경기,군포시,가격지수,전세,102.501
2026-05-11,경기,군포시,가격지수,전세,102.8319
2026-05-18,경기,군포시,가격지수,전세,103.3841
2026-05-25,경기,군포시,가격지수,전세,103.7546
2026-06-01,경기,군포시,가격지수,전세,104.2111
2026-06-08,경기,군포시,가격지수,전세,104.4952
2026-06-15,경기,군포시,가격지수,전세,104.7522
2026-06-22,경기,군포시,가격지수,전세,105.0093
2024-06-24,경기,김포시,가격지수,전세,94.1271
2024-07-01,경기,김포시,가격지수,전세,94.1569
2024-07-08,경기,김포시,가격지수,전세,94.2886
2024-07-15,경기,김포시,가격지수,전세,94.3926
2024-07-22,경기,김포시,가격지수,전세,94.5888
2024-07-29,경기,김포시,가격지수,전세,94.8022
2024-08-05,경기,김포시,가격지수,전세,95.061
2024-08-12,경기,김포시,가격지수,전세,95.4503
2024-08-19,경기,김포시,가격지수,전세,95.6349
2024-08-26,경기,김포시,가격지수,전세,95.8669
2024-09-02,경기,김포시,가격지수,전세,96.0984
2024-09-09,경기,김포시,가격지수,전세,96.2951
2024-09-23,경기,김포시,가격지수,전세,96.5305
2024-09-30,경기,김포시,가격지수,전세,96.5369
2024-10-07,경기,김포시,가격지수,전세,96.7057
2024-10-14,경기,김포시,가격지수,전세,97.01
2024-10-21,경기,김포시,가격지수,전세,97.2177
2024-10-28,경기,김포시,가격지수,전세,97.4923
2024-11-04,경기,김포시,가격지수,전세,97.8344
2024-11-11,경기,김포시,가격지수,전세,97.9602
2024-11-18,경기,김포시,가격지수,전세,98.0259
2024-11-25,경기,김포시,가격지수,전세,98.1151
2024-12-02,경기,김포시,가격지수,전세,98.2578
2024-12-09,경기,김포시,가격지수,전세,98.2767
2024-12-16,경기,김포시,가격지수,전세,98.3158
2024-12-23,경기,김포시,가격지수,전세,98.3548
2024-12-30,경기,김포시,가격지수,전세,98.415
2025-01-06,경기,김포시,가격지수,전세,98.4455
2025-01-13,경기,김포시,가격지수,전세,98.4722
2025-01-20,경기,김포시,가격지수,전세,98.5685
2025-02-03,경기,김포시,가격지수,전세,98.6242
2025-02-10,경기,김포시,가격지수,전세,98.7764
2025-02-17,경기,김포시,가격지수,전세,98.9766
2025-02-24,경기,김포시,가격지수,전세,99.0267
2025-03-03,경기,김포시,가격지수,전세,99.0737
2025-03-10,경기,김포시,가격지수,전세,99.0936
2025-03-17,경기,김포시,가격지수,전세,99.1397
2025-03-24,경기,김포시,가격지수,전세,99.1478
2025-03-31,경기,김포시,가격지수,전세,99.1491
2025-04-07,경기,김포시,가격지수,전세,99.1295
2025-04-14,경기,김포시,가격지수,전세,99.2002
2025-04-21,경기,김포시,가격지수,전세,99.1998
2025-04-28,경기,김포시,가격지수,전세,99.2351
2025-05-05,경기,김포시,가격지수,전세,99.2876
2025-05-12,경기,김포시,가격지수,전세,99.3306
2025-05-19,경기,김포시,가격지수,전세,99.3186
2025-05-26,경기,김포시,가격지수,전세,99.3302
2025-06-02,경기,김포시,가격지수,전세,99.3568
2025-06-09,경기,김포시,가격지수,전세,99.3634
2025-06-16,경기,김포시,가격지수,전세,99.3704
2025-06-23,경기,김포시,가격지수,전세,99.3791
2025-06-30,경기,김포시,가격지수,전세,99.3696
2025-07-07,경기,김포시,가격지수,전세,99.4218
2025-07-14,경기,김포시,가격지수,전세,99.4696
2025-07-21,경기,김포시,가격지수,전세,99.4619
2025-07-28,경기,김포시,가격지수,전세,99.456
2025-08-04,경기,김포시,가격지수,전세,99.4414
2025-08-11,경기,김포시,가격지수,전세,99.4395
2025-08-18,경기,김포시,가격지수,전세,99.4443
2025-08-25,경기,김포시,가격지수,전세,99.4405
2025-09-01,경기,김포시,가격지수,전세,99.43
2025-09-08,경기,김포시,가격지수,전세,99.4269
2025-09-15,경기,김포시,가격지수,전세,99.4347
2025-09-22,경기,김포시,가격지수,전세,99.4426
2025-09-29,경기,김포시,가격지수,전세,99.4414
2025-10-13,경기,김포시,가격지수,전세,99.3933
2025-10-20,경기,김포시,가격지수,전세,99.3936
2025-10-27,경기,김포시,가격지수,전세,99.4101
2025-11-03,경기,김포시,가격지수,전세,99.4863
2025-11-10,경기,김포시,가격지수,전세,99.5439
2025-11-17,경기,김포시,가격지수,전세,99.5814
2025-11-24,경기,김포시,가격지수,전세,99.6073
2025-12-01,경기,김포시,가격지수,전세,99.6239
2025-12-08,경기,김포시,가격지수,전세,99.6828
2025-12-15,경기,김포시,가격지수,전세,99.6934
2025-12-22,경기,김포시,가격지수,전세,99.7364
2025-12-29,경기,김포시,가격지수,전세,99.8657
2026-01-05,경기,김포시,가격지수,전세,99.9552
2026-01-12,경기,김포시,가격지수,전세,100.0
2026-01-19,경기,김포시,가격지수,전세,100.1671
2026-01-26,경기,김포시,가격지수,전세,100.1823
2026-02-02,경기,김포시,가격지수,전세,100.2618
2026-02-09,경기,김포시,가격지수,전세,100.3955
2026-02-23,경기,김포시,가격지수,전세,100.4604
2026-03-02,경기,김포시,가격지수,전세,100.4824
2026-03-09,경기,김포시,가격지수,전세,100.6287
2026-03-16,경기,김포시,가격지수,전세,100.7191
2026-03-23,경기,김포시,가격지수,전세,100.7388
2026-03-30,경기,김포시,가격지수,전세,100.7978
2026-04-06,경기,김포시,가격지수,전세,100.9034
2026-04-13,경기,김포시,가격지수,전세,100.9904
2026-04-20,경기,김포시,가격지수,전세,101.0721
2026-04-27,경기,김포시,가격지수,전세,101.1221
2026-05-04,경기,김포시,가격지수,전세,101.1785
2026-05-11,경기,김포시,가격지수,전세,101.2767
2026-05-18,경기,김포시,가격지수,전세,101.3533
2026-05-25,경기,김포시,가격지수,전세,101.3867
2026-06-01,경기,김포시,가격지수,전세,101.4932
2026-06-08,경기,김포시,가격지수,전세,101.5567
2026-06-15,경기,김포시,가격지수,전세,101.5824
2026-06-22,경기,김포시,가격지수,전세,101.6637
2024-06-24,경기,남양주시,가격지수,전세,94.0034
2024-07-01,경기,남양주시,가격지수,전세,94.0181
2024-07-08,경기,남양주시,가격지수,전세,94.0473
2024-07-15,경기,남양주시,가격지수,전세,94.0664
2024-07-22,경기,남양주시,가격지수,전세,94.0801
2024-07-29,경기,남양주시,가격지수,전세,94.1049
2024-08-05,경기,남양주시,가격지수,전세,94.1537
2024-08-12,경기,남양주시,가격지수,전세,94.1813
2024-08-19,경기,남양주시,가격지수,전세,94.2826
2024-08-26,경기,남양주시,가격지수,전세,94.446
2024-09-02,경기,남양주시,가격지수,전세,94.6054
2024-09-09,경기,남양주시,가격지수,전세,94.7851
2024-09-23,경기,남양주시,가격지수,전세,94.9151
2024-09-30,경기,남양주시,가격지수,전세,95.0122
2024-10-07,경기,남양주시,가격지수,전세,95.0791
2024-10-14,경기,남양주시,가격지수,전세,95.3067
2024-10-21,경기,남양주시,가격지수,전세,95.615
2024-10-28,경기,남양주시,가격지수,전세,95.7932
2024-11-04,경기,남양주시,가격지수,전세,95.9287
2024-11-11,경기,남양주시,가격지수,전세,95.9522
2024-11-18,경기,남양주시,가격지수,전세,96.0465
2024-11-25,경기,남양주시,가격지수,전세,96.025
2024-12-02,경기,남양주시,가격지수,전세,96.0442
2024-12-09,경기,남양주시,가격지수,전세,96.1553
2024-12-16,경기,남양주시,가격지수,전세,96.201
2024-12-23,경기,남양주시,가격지수,전세,96.2923
2024-12-30,경기,남양주시,가격지수,전세,96.3773
2025-01-06,경기,남양주시,가격지수,전세,96.4303
2025-01-13,경기,남양주시,가격지수,전세,96.4303
2025-01-20,경기,남양주시,가격지수,전세,96.4316
2025-02-03,경기,남양주시,가격지수,전세,96.4616
2025-02-10,경기,남양주시,가격지수,전세,96.4959
2025-02-17,경기,남양주시,가격지수,전세,96.5225
2025-02-24,경기,남양주시,가격지수,전세,96.5608
2025-03-03,경기,남양주시,가격지수,전세,96.6284
2025-03-10,경기,남양주시,가격지수,전세,96.6635
2025-03-17,경기,남양주시,가격지수,전세,96.6989
2025-03-24,경기,남양주시,가격지수,전세,96.7518
2025-03-31,경기,남양주시,가격지수,전세,96.7937
2025-04-07,경기,남양주시,가격지수,전세,96.8269
2025-04-14,경기,남양주시,가격지수,전세,96.8446
2025-04-21,경기,남양주시,가격지수,전세,96.8699
2025-04-28,경기,남양주시,가격지수,전세,96.9178
2025-05-05,경기,남양주시,가격지수,전세,96.9246
2025-05-12,경기,남양주시,가격지수,전세,96.9533
2025-05-19,경기,남양주시,가격지수,전세,96.9719
2025-05-26,경기,남양주시,가격지수,전세,97.061
2025-06-02,경기,남양주시,가격지수,전세,97.0788
2025-06-09,경기,남양주시,가격지수,전세,97.134
2025-06-16,경기,남양주시,가격지수,전세,97.1691
2025-06-23,경기,남양주시,가격지수,전세,97.2176
2025-06-30,경기,남양주시,가격지수,전세,97.2564
2025-07-07,경기,남양주시,가격지수,전세,97.2868
2025-07-14,경기,남양주시,가격지수,전세,97.3705
2025-07-21,경기,남양주시,가격지수,전세,97.4032
2025-07-28,경기,남양주시,가격지수,전세,97.5537
2025-08-04,경기,남양주시,가격지수,전세,97.5862
2025-08-11,경기,남양주시,가격지수,전세,97.6196
2025-08-18,경기,남양주시,가격지수,전세,97.6437
2025-08-25,경기,남양주시,가격지수,전세,97.6805
2025-09-01,경기,남양주시,가격지수,전세,97.7168
2025-09-08,경기,남양주시,가격지수,전세,97.7836
2025-09-15,경기,남양주시,가격지수,전세,97.803
2025-09-22,경기,남양주시,가격지수,전세,97.8821
2025-09-29,경기,남양주시,가격지수,전세,97.9441
2025-10-13,경기,남양주시,가격지수,전세,98.0036
2025-10-20,경기,남양주시,가격지수,전세,98.1158
2025-10-27,경기,남양주시,가격지수,전세,98.2193
2025-11-03,경기,남양주시,가격지수,전세,98.3634
2025-11-10,경기,남양주시,가격지수,전세,98.4735
2025-11-17,경기,남양주시,가격지수,전세,98.5359
2025-11-24,경기,남양주시,가격지수,전세,98.6109
2025-12-01,경기,남양주시,가격지수,전세,98.7557
2025-12-08,경기,남양주시,가격지수,전세,99.0685
2025-12-15,경기,남양주시,가격지수,전세,99.2766
2025-12-22,경기,남양주시,가격지수,전세,99.4385
2025-12-29,경기,남양주시,가격지수,전세,99.5938
2026-01-05,경기,남양주시,가격지수,전세,99.8464
2026-01-12,경기,남양주시,가격지수,전세,100.0
2026-01-19,경기,남양주시,가격지수,전세,100.1421
2026-01-26,경기,남양주시,가격지수,전세,100.3195
2026-02-02,경기,남양주시,가격지수,전세,100.6524
2026-02-09,경기,남양주시,가격지수,전세,101.1488
2026-02-23,경기,남양주시,가격지수,전세,101.4288
2026-03-02,경기,남양주시,가격지수,전세,101.5363
2026-03-09,경기,남양주시,가격지수,전세,101.5857
2026-03-16,경기,남양주시,가격지수,전세,101.6251
2026-03-23,경기,남양주시,가격지수,전세,101.7465
2026-03-30,경기,남양주시,가격지수,전세,101.8789
2026-04-06,경기,남양주시,가격지수,전세,101.9698
2026-04-13,경기,남양주시,가격지수,전세,102.1609
2026-04-20,경기,남양주시,가격지수,전세,102.3015
2026-04-27,경기,남양주시,가격지수,전세,102.4124
2026-05-04,경기,남양주시,가격지수,전세,102.4941
2026-05-11,경기,남양주시,가격지수,전세,102.6166
2026-05-18,경기,남양주시,가격지수,전세,102.6466
2026-05-25,경기,남양주시,가격지수,전세,102.76
2026-06-01,경기,남양주시,가격지수,전세,102.8774
2026-06-08,경기,남양주시,가격지수,전세,103.0604
2026-06-15,경기,남양주시,가격지수,전세,103.3579
2026-06-22,경기,남양주시,가격지수,전세,103.8326
2024-06-24,경기,동두천시,가격지수,전세,101.9666
2024-07-01,경기,동두천시,가격지수,전세,101.7344
2024-07-08,경기,동두천시,가격지수,전세,101.3937
2024-07-15,경기,동두천시,가격지수,전세,101.2447
2024-07-22,경기,동두천시,가격지수,전세,100.8883
2024-07-29,경기,동두천시,가격지수,전세,100.7784
2024-08-05,경기,동두천시,가격지수,전세,100.6413
2024-08-12,경기,동두천시,가격지수,전세,100.5345
2024-08-19,경기,동두천시,가격지수,전세,100.5344
2024-08-26,경기,동두천시,가격지수,전세,100.4512
2024-09-02,경기,동두천시,가격지수,전세,100.3291
2024-09-09,경기,동두천시,가격지수,전세,100.2771
2024-09-23,경기,동두천시,가격지수,전세,100.232
2024-09-30,경기,동두천시,가격지수,전세,100.2249
2024-10-07,경기,동두천시,가격지수,전세,100.3558
2024-10-14,경기,동두천시,가격지수,전세,100.3664
2024-10-21,경기,동두천시,가격지수,전세,100.4995
2024-10-28,경기,동두천시,가격지수,전세,100.6055
2024-11-04,경기,동두천시,가격지수,전세,100.7033
2024-11-11,경기,동두천시,가격지수,전세,100.7589
2024-11-18,경기,동두천시,가격지수,전세,100.8085
2024-11-25,경기,동두천시,가격지수,전세,100.8734
2024-12-02,경기,동두천시,가격지수,전세,101.008
2024-12-09,경기,동두천시,가격지수,전세,101.0861
2024-12-16,경기,동두천시,가격지수,전세,101.2591
2024-12-23,경기,동두천시,가격지수,전세,101.1924
2024-12-30,경기,동두천시,가격지수,전세,101.0784
2025-01-06,경기,동두천시,가격지수,전세,101.0784
2025-01-13,경기,동두천시,가격지수,전세,101.0556
2025-01-20,경기,동두천시,가격지수,전세,101.0556
2025-02-03,경기,동두천시,가격지수,전세,101.0731
2025-02-10,경기,동두천시,가격지수,전세,100.899
2025-02-17,경기,동두천시,가격지수,전세,100.603
2025-02-24,경기,동두천시,가격지수,전세,100.3282
2025-03-03,경기,동두천시,가격지수,전세,100.3282
2025-03-10,경기,동두천시,가격지수,전세,100.2416
2025-03-17,경기,동두천시,가격지수,전세,100.1688
2025-03-24,경기,동두천시,가격지수,전세,100.0002
2025-03-31,경기,동두천시,가격지수,전세,100.0002
2025-04-07,경기,동두천시,가격지수,전세,99.812
2025-04-14,경기,동두천시,가격지수,전세,99.7145
2025-04-21,경기,동두천시,가격지수,전세,99.7145
2025-04-28,경기,동두천시,가격지수,전세,99.7145
2025-05-05,경기,동두천시,가격지수,전세,99.7145
2025-05-12,경기,동두천시,가격지수,전세,99.7145
2025-05-19,경기,동두천시,가격지수,전세,99.7145
2025-05-26,경기,동두천시,가격지수,전세,99.7145
2025-06-02,경기,동두천시,가격지수,전세,99.6169
2025-06-09,경기,동두천시,가격지수,전세,99.5778
2025-06-16,경기,동두천시,가격지수,전세,99.5717
2025-06-23,경기,동두천시,가격지수,전세,99.5717
2025-06-30,경기,동두천시,가격지수,전세,99.6669
2025-07-07,경기,동두천시,가격지수,전세,99.6419
2025-07-14,경기,동두천시,가격지수,전세,99.5042
2025-07-21,경기,동두천시,가격지수,전세,99.4217
2025-07-28,경기,동두천시,가격지수,전세,99.3907
2025-08-04,경기,동두천시,가격지수,전세,99.3854
2025-08-11,경기,동두천시,가격지수,전세,99.2916
2025-08-18,경기,동두천시,가격지수,전세,99.2497
2025-08-25,경기,동두천시,가격지수,전세,99.2497
2025-09-01,경기,동두천시,가격지수,전세,99.2497
2025-09-08,경기,동두천시,가격지수,전세,99.3172
2025-09-15,경기,동두천시,가격지수,전세,99.3474
2025-09-22,경기,동두천시,가격지수,전세,99.4374
2025-09-29,경기,동두천시,가격지수,전세,99.5038
2025-10-13,경기,동두천시,가격지수,전세,99.5038
2025-10-20,경기,동두천시,가격지수,전세,99.5038
2025-10-27,경기,동두천시,가격지수,전세,99.5038
2025-11-03,경기,동두천시,가격지수,전세,99.5262
2025-11-10,경기,동두천시,가격지수,전세,99.6024
2025-11-17,경기,동두천시,가격지수,전세,99.6477
2025-11-24,경기,동두천시,가격지수,전세,99.6665
2025-12-01,경기,동두천시,가격지수,전세,99.7405
2025-12-08,경기,동두천시,가격지수,전세,99.8125
2025-12-15,경기,동두천시,가격지수,전세,99.8588
2025-12-22,경기,동두천시,가격지수,전세,99.8588
2025-12-29,경기,동두천시,가격지수,전세,100.0
2026-01-05,경기,동두천시,가격지수,전세,100.0
2026-01-12,경기,동두천시,가격지수,전세,100.0
2026-01-19,경기,동두천시,가격지수,전세,100.0
2026-01-26,경기,동두천시,가격지수,전세,100.0
2026-02-02,경기,동두천시,가격지수,전세,100.018
2026-02-09,경기,동두천시,가격지수,전세,100.1034
2026-02-23,경기,동두천시,가격지수,전세,100.157
2026-03-02,경기,동두천시,가격지수,전세,100.157
2026-03-09,경기,동두천시,가격지수,전세,100.1827
2026-03-16,경기,동두천시,가격지수,전세,100.1827
2026-03-23,경기,동두천시,가격지수,전세,100.1827
2026-03-30,경기,동두천시,가격지수,전세,100.1827
2026-04-06,경기,동두천시,가격지수,전세,100.1611
2026-04-13,경기,동두천시,가격지수,전세,100.1611
2026-04-20,경기,동두천시,가격지수,전세,100.1611
2026-04-27,경기,동두천시,가격지수,전세,100.1886
2026-05-04,경기,동두천시,가격지수,전세,100.1886
2026-05-11,경기,동두천시,가격지수,전세,100.2853
2026-05-18,경기,동두천시,가격지수,전세,100.6214
2026-05-25,경기,동두천시,가격지수,전세,100.7936
2026-06-01,경기,동두천시,가격지수,전세,100.7936
2026-06-08,경기,동두천시,가격지수,전세,100.7936
2026-06-15,경기,동두천시,가격지수,전세,100.8168
2026-06-22,경기,동두천시,가격지수,전세,100.8168
2024-06-24,경기,부천시,가격지수,전세,96.2736
2024-07-01,경기,부천시,가격지수,전세,96.4127
2024-07-08,경기,부천시,가격지수,전세,96.5172
2024-07-15,경기,부천시,가격지수,전세,96.844
2024-07-22,경기,부천시,가격지수,전세,97.0418
2024-07-29,경기,부천시,가격지수,전세,97.1286
2024-08-05,경기,부천시,가격지수,전세,97.3024
2024-08-12,경기,부천시,가격지수,전세,97.5128
2024-08-19,경기,부천시,가격지수,전세,97.7303
2024-08-26,경기,부천시,가격지수,전세,97.9982
2024-09-02,경기,부천시,가격지수,전세,98.2838
2024-09-09,경기,부천시,가격지수,전세,98.356
2024-09-23,경기,부천시,가격지수,전세,98.4626
2024-09-30,경기,부천시,가격지수,전세,98.5674
2024-10-07,경기,부천시,가격지수,전세,98.7047
2024-10-14,경기,부천시,가격지수,전세,98.7344
2024-10-21,경기,부천시,가격지수,전세,98.8232
2024-10-28,경기,부천시,가격지수,전세,98.9245
2024-11-04,경기,부천시,가격지수,전세,99.1188
2024-11-11,경기,부천시,가격지수,전세,99.1766
2024-11-18,경기,부천시,가격지수,전세,99.2837
2024-11-25,경기,부천시,가격지수,전세,99.3902
2024-12-02,경기,부천시,가격지수,전세,99.3927
2024-12-09,경기,부천시,가격지수,전세,99.4521
2024-12-16,경기,부천시,가격지수,전세,99.4711
2024-12-23,경기,부천시,가격지수,전세,99.4969
2024-12-30,경기,부천시,가격지수,전세,99.5448
2025-01-06,경기,부천시,가격지수,전세,99.5695
2025-01-13,경기,부천시,가격지수,전세,99.6139
2025-01-20,경기,부천시,가격지수,전세,99.7167
2025-02-03,경기,부천시,가격지수,전세,99.7416
2025-02-10,경기,부천시,가격지수,전세,99.753
2025-02-17,경기,부천시,가격지수,전세,99.8048
2025-02-24,경기,부천시,가격지수,전세,99.8664
2025-03-03,경기,부천시,가격지수,전세,99.8914
2025-03-10,경기,부천시,가격지수,전세,99.9504
2025-03-17,경기,부천시,가격지수,전세,99.9832
2025-03-24,경기,부천시,가격지수,전세,100.0064
2025-03-31,경기,부천시,가격지수,전세,100.0443
2025-04-07,경기,부천시,가격지수,전세,100.0537
2025-04-14,경기,부천시,가격지수,전세,100.0478
2025-04-21,경기,부천시,가격지수,전세,100.0032
2025-04-28,경기,부천시,가격지수,전세,100.0217
2025-05-05,경기,부천시,가격지수,전세,100.0267
2025-05-12,경기,부천시,가격지수,전세,100.0412
2025-05-19,경기,부천시,가격지수,전세,100.0449
2025-05-26,경기,부천시,가격지수,전세,100.07
2025-06-02,경기,부천시,가격지수,전세,100.0757
2025-06-09,경기,부천시,가격지수,전세,100.0716
2025-06-16,경기,부천시,가격지수,전세,100.0589
2025-06-23,경기,부천시,가격지수,전세,100.0628
2025-06-30,경기,부천시,가격지수,전세,100.0483
2025-07-07,경기,부천시,가격지수,전세,100.0335
2025-07-14,경기,부천시,가격지수,전세,100.0439
2025-07-21,경기,부천시,가격지수,전세,100.0603
2025-07-28,경기,부천시,가격지수,전세,100.0553
2025-08-04,경기,부천시,가격지수,전세,100.0458
2025-08-11,경기,부천시,가격지수,전세,100.0585
2025-08-18,경기,부천시,가격지수,전세,100.0683
2025-08-25,경기,부천시,가격지수,전세,100.0688
2025-09-01,경기,부천시,가격지수,전세,100.05
2025-09-08,경기,부천시,가격지수,전세,100.0561
2025-09-15,경기,부천시,가격지수,전세,100.0601
2025-09-22,경기,부천시,가격지수,전세,100.0618
2025-09-29,경기,부천시,가격지수,전세,100.0492
2025-10-13,경기,부천시,가격지수,전세,100.0569
2025-10-20,경기,부천시,가격지수,전세,100.0845
2025-10-27,경기,부천시,가격지수,전세,100.0651
2025-11-03,경기,부천시,가격지수,전세,100.077
2025-11-10,경기,부천시,가격지수,전세,100.056
2025-11-17,경기,부천시,가격지수,전세,100.0196
2025-11-24,경기,부천시,가격지수,전세,100.0337
2025-12-01,경기,부천시,가격지수,전세,100.0175
2025-12-08,경기,부천시,가격지수,전세,100.0571
2025-12-15,경기,부천시,가격지수,전세,100.0369
2025-12-22,경기,부천시,가격지수,전세,100.0457
2025-12-29,경기,부천시,가격지수,전세,100.0192
2026-01-05,경기,부천시,가격지수,전세,99.9946
2026-01-12,경기,부천시,가격지수,전세,100.0
2026-01-19,경기,부천시,가격지수,전세,100.0047
2026-01-26,경기,부천시,가격지수,전세,100.0216
2026-02-02,경기,부천시,가격지수,전세,100.0398
2026-02-09,경기,부천시,가격지수,전세,100.0627
2026-02-23,경기,부천시,가격지수,전세,100.1292
2026-03-02,경기,부천시,가격지수,전세,100.1432
2026-03-09,경기,부천시,가격지수,전세,100.2153
2026-03-16,경기,부천시,가격지수,전세,100.2777
2026-03-23,경기,부천시,가격지수,전세,100.3587
2026-03-30,경기,부천시,가격지수,전세,100.4053
2026-04-06,경기,부천시,가격지수,전세,100.4262
2026-04-13,경기,부천시,가격지수,전세,100.4533
2026-04-20,경기,부천시,가격지수,전세,100.4963
2026-04-27,경기,부천시,가격지수,전세,100.6345
2026-05-04,경기,부천시,가격지수,전세,100.665
2026-05-11,경기,부천시,가격지수,전세,100.7585
2026-05-18,경기,부천시,가격지수,전세,100.8463
2026-05-25,경기,부천시,가격지수,전세,100.904
2026-06-01,경기,부천시,가격지수,전세,100.953
2026-06-08,경기,부천시,가격지수,전세,101.1464
2026-06-15,경기,부천시,가격지수,전세,101.3197
2026-06-22,경기,부천시,가격지수,전세,101.4454
2024-06-24,경기,부천시 소사구,가격지수,전세,98.1729
2024-07-01,경기,부천시 소사구,가격지수,전세,98.4814
2024-07-08,경기,부천시 소사구,가격지수,전세,98.4965
2024-07-15,경기,부천시 소사구,가격지수,전세,98.7298
2024-07-22,경기,부천시 소사구,가격지수,전세,98.8125
2024-07-29,경기,부천시 소사구,가격지수,전세,98.995
2024-08-05,경기,부천시 소사구,가격지수,전세,99.2149
2024-08-12,경기,부천시 소사구,가격지수,전세,99.4498
2024-08-19,경기,부천시 소사구,가격지수,전세,99.4908
2024-08-26,경기,부천시 소사구,가격지수,전세,99.7961
2024-09-02,경기,부천시 소사구,가격지수,전세,100.108
2024-09-09,경기,부천시 소사구,가격지수,전세,100.1571
2024-09-23,경기,부천시 소사구,가격지수,전세,100.266
2024-09-30,경기,부천시 소사구,가격지수,전세,100.4072
2024-10-07,경기,부천시 소사구,가격지수,전세,100.4596
2024-10-14,경기,부천시 소사구,가격지수,전세,100.4869
2024-10-21,경기,부천시 소사구,가격지수,전세,100.5305
2024-10-28,경기,부천시 소사구,가격지수,전세,100.5521
2024-11-04,경기,부천시 소사구,가격지수,전세,100.7119
2024-11-11,경기,부천시 소사구,가격지수,전세,100.7283
2024-11-18,경기,부천시 소사구,가격지수,전세,100.882
2024-11-25,경기,부천시 소사구,가격지수,전세,100.987
2024-12-02,경기,부천시 소사구,가격지수,전세,100.9772
2024-12-09,경기,부천시 소사구,가격지수,전세,100.9876
2024-12-16,경기,부천시 소사구,가격지수,전세,100.9985
2024-12-23,경기,부천시 소사구,가격지수,전세,101.0026
2024-12-30,경기,부천시 소사구,가격지수,전세,101.0081
2025-01-06,경기,부천시 소사구,가격지수,전세,101.0545
2025-01-13,경기,부천시 소사구,가격지수,전세,101.1103
2025-01-20,경기,부천시 소사구,가격지수,전세,101.0938
2025-02-03,경기,부천시 소사구,가격지수,전세,101.0915
2025-02-10,경기,부천시 소사구,가격지수,전세,101.0917
2025-02-17,경기,부천시 소사구,가격지수,전세,101.1622
2025-02-24,경기,부천시 소사구,가격지수,전세,101.194
2025-03-03,경기,부천시 소사구,가격지수,전세,101.1983
2025-03-10,경기,부천시 소사구,가격지수,전세,101.2185
2025-03-17,경기,부천시 소사구,가격지수,전세,101.2267
2025-03-24,경기,부천시 소사구,가격지수,전세,101.2484
2025-03-31,경기,부천시 소사구,가격지수,전세,101.3078
2025-04-07,경기,부천시 소사구,가격지수,전세,101.3184
2025-04-14,경기,부천시 소사구,가격지수,전세,101.318
2025-04-21,경기,부천시 소사구,가격지수,전세,101.1518
2025-04-28,경기,부천시 소사구,가격지수,전세,101.1338
2025-05-05,경기,부천시 소사구,가격지수,전세,101.1338
2025-05-12,경기,부천시 소사구,가격지수,전세,101.1369
2025-05-19,경기,부천시 소사구,가격지수,전세,101.1004
2025-05-26,경기,부천시 소사구,가격지수,전세,101.0849
2025-06-02,경기,부천시 소사구,가격지수,전세,101.0434
2025-06-09,경기,부천시 소사구,가격지수,전세,101.0184
2025-06-16,경기,부천시 소사구,가격지수,전세,100.9294
2025-06-23,경기,부천시 소사구,가격지수,전세,100.8989
2025-06-30,경기,부천시 소사구,가격지수,전세,100.8475
2025-07-07,경기,부천시 소사구,가격지수,전세,100.7966
2025-07-14,경기,부천시 소사구,가격지수,전세,100.7067
2025-07-21,경기,부천시 소사구,가격지수,전세,100.7104
2025-07-28,경기,부천시 소사구,가격지수,전세,100.6906
2025-08-04,경기,부천시 소사구,가격지수,전세,100.6758
2025-08-11,경기,부천시 소사구,가격지수,전세,100.6602
2025-08-18,경기,부천시 소사구,가격지수,전세,100.6599
2025-08-25,경기,부천시 소사구,가격지수,전세,100.6599
2025-09-01,경기,부천시 소사구,가격지수,전세,100.6398
2025-09-08,경기,부천시 소사구,가격지수,전세,100.6283
2025-09-15,경기,부천시 소사구,가격지수,전세,100.6174
2025-09-22,경기,부천시 소사구,가격지수,전세,100.599
2025-09-29,경기,부천시 소사구,가격지수,전세,100.5712
2025-10-13,경기,부천시 소사구,가격지수,전세,100.5454
2025-10-20,경기,부천시 소사구,가격지수,전세,100.5454
2025-10-27,경기,부천시 소사구,가격지수,전세,100.5455
2025-11-03,경기,부천시 소사구,가격지수,전세,100.5335
2025-11-10,경기,부천시 소사구,가격지수,전세,100.4717
2025-11-17,경기,부천시 소사구,가격지수,전세,100.3458
2025-11-24,경기,부천시 소사구,가격지수,전세,100.3646
2025-12-01,경기,부천시 소사구,가격지수,전세,100.2982
2025-12-08,경기,부천시 소사구,가격지수,전세,100.2577
2025-12-15,경기,부천시 소사구,가격지수,전세,100.1948
2025-12-22,경기,부천시 소사구,가격지수,전세,100.178
2025-12-29,경기,부천시 소사구,가격지수,전세,100.0877
2026-01-05,경기,부천시 소사구,가격지수,전세,100.0
2026-01-12,경기,부천시 소사구,가격지수,전세,100.0
2026-01-19,경기,부천시 소사구,가격지수,전세,99.9967
2026-01-26,경기,부천시 소사구,가격지수,전세,100.0268
2026-02-02,경기,부천시 소사구,가격지수,전세,100.0363
2026-02-09,경기,부천시 소사구,가격지수,전세,100.0536
2026-02-23,경기,부천시 소사구,가격지수,전세,100.2554
2026-03-02,경기,부천시 소사구,가격지수,전세,100.2878
2026-03-09,경기,부천시 소사구,가격지수,전세,100.4902
2026-03-16,경기,부천시 소사구,가격지수,전세,100.5795
2026-03-23,경기,부천시 소사구,가격지수,전세,100.7022
2026-03-30,경기,부천시 소사구,가격지수,전세,100.8025
2026-04-06,경기,부천시 소사구,가격지수,전세,100.8133
2026-04-13,경기,부천시 소사구,가격지수,전세,100.8594
2026-04-20,경기,부천시 소사구,가격지수,전세,100.8668
2026-04-27,경기,부천시 소사구,가격지수,전세,100.9047
2026-05-04,경기,부천시 소사구,가격지수,전세,100.9918
2026-05-11,경기,부천시 소사구,가격지수,전세,101.0473
2026-05-18,경기,부천시 소사구,가격지수,전세,101.1996
2026-05-25,경기,부천시 소사구,가격지수,전세,101.2196
2026-06-01,경기,부천시 소사구,가격지수,전세,101.2636
2026-06-08,경기,부천시 소사구,가격지수,전세,101.5886
2026-06-15,경기,부천시 소사구,가격지수,전세,101.8957
2026-06-22,경기,부천시 소사구,가격지수,전세,102.0837
2024-06-24,경기,부천시 오정구,가격지수,전세,97.9729
2024-07-01,경기,부천시 오정구,가격지수,전세,97.9984
2024-07-08,경기,부천시 오정구,가격지수,전세,98.0232
2024-07-15,경기,부천시 오정구,가격지수,전세,98.0469
2024-07-22,경기,부천시 오정구,가격지수,전세,98.0532
2024-07-29,경기,부천시 오정구,가격지수,전세,98.1007
2024-08-05,경기,부천시 오정구,가격지수,전세,98.1407
2024-08-12,경기,부천시 오정구,가격지수,전세,98.1407
2024-08-19,경기,부천시 오정구,가격지수,전세,98.1407
2024-08-26,경기,부천시 오정구,가격지수,전세,98.2268
2024-09-02,경기,부천시 오정구,가격지수,전세,98.3584
2024-09-09,경기,부천시 오정구,가격지수,전세,98.3938
2024-09-23,경기,부천시 오정구,가격지수,전세,98.3938
2024-09-30,경기,부천시 오정구,가격지수,전세,98.3938
2024-10-07,경기,부천시 오정구,가격지수,전세,98.4374
2024-10-14,경기,부천시 오정구,가격지수,전세,98.4768
2024-10-21,경기,부천시 오정구,가격지수,전세,98.5882
2024-10-28,경기,부천시 오정구,가격지수,전세,98.8002
2024-11-04,경기,부천시 오정구,가격지수,전세,99.0422
2024-11-11,경기,부천시 오정구,가격지수,전세,99.1842
2024-11-18,경기,부천시 오정구,가격지수,전세,99.3561
2024-11-25,경기,부천시 오정구,가격지수,전세,99.5174
2024-12-02,경기,부천시 오정구,가격지수,전세,99.495
2024-12-09,경기,부천시 오정구,가격지수,전세,99.495
2024-12-16,경기,부천시 오정구,가격지수,전세,99.577
2024-12-23,경기,부천시 오정구,가격지수,전세,99.6609
2024-12-30,경기,부천시 오정구,가격지수,전세,99.6823
2025-01-06,경기,부천시 오정구,가격지수,전세,99.6823
2025-01-13,경기,부천시 오정구,가격지수,전세,99.6823
2025-01-20,경기,부천시 오정구,가격지수,전세,99.8566
2025-02-03,경기,부천시 오정구,가격지수,전세,99.8566
2025-02-10,경기,부천시 오정구,가격지수,전세,99.8807
2025-02-17,경기,부천시 오정구,가격지수,전세,99.8807
2025-02-24,경기,부천시 오정구,가격지수,전세,99.893
2025-03-03,경기,부천시 오정구,가격지수,전세,99.9307
2025-03-10,경기,부천시 오정구,가격지수,전세,100.0035
2025-03-17,경기,부천시 오정구,가격지수,전세,100.0306
2025-03-24,경기,부천시 오정구,가격지수,전세,100.0347
2025-03-31,경기,부천시 오정구,가격지수,전세,100.0494
2025-04-07,경기,부천시 오정구,가격지수,전세,100.0494
2025-04-14,경기,부천시 오정구,가격지수,전세,100.1101
2025-04-21,경기,부천시 오정구,가격지수,전세,100.1264
2025-04-28,경기,부천시 오정구,가격지수,전세,100.1764
2025-05-05,경기,부천시 오정구,가격지수,전세,100.1764
2025-05-12,경기,부천시 오정구,가격지수,전세,100.188
2025-05-19,경기,부천시 오정구,가격지수,전세,100.2144
2025-05-26,경기,부천시 오정구,가격지수,전세,100.2931
2025-06-02,경기,부천시 오정구,가격지수,전세,100.3137
2025-06-09,경기,부천시 오정구,가격지수,전세,100.3137
2025-06-16,경기,부천시 오정구,가격지수,전세,100.3835
2025-06-23,경기,부천시 오정구,가격지수,전세,100.3237
2025-06-30,경기,부천시 오정구,가격지수,전세,100.3194
2025-07-07,경기,부천시 오정구,가격지수,전세,100.3208
2025-07-14,경기,부천시 오정구,가격지수,전세,100.314
2025-07-21,경기,부천시 오정구,가격지수,전세,100.3331
2025-07-28,경기,부천시 오정구,가격지수,전세,100.2976
2025-08-04,경기,부천시 오정구,가격지수,전세,100.2329
2025-08-11,경기,부천시 오정구,가격지수,전세,100.2329
2025-08-18,경기,부천시 오정구,가격지수,전세,100.2633
2025-08-25,경기,부천시 오정구,가격지수,전세,100.2633
2025-09-01,경기,부천시 오정구,가격지수,전세,100.2075
2025-09-08,경기,부천시 오정구,가격지수,전세,100.1601
2025-09-15,경기,부천시 오정구,가격지수,전세,100.1601
2025-09-22,경기,부천시 오정구,가격지수,전세,100.1601
2025-09-29,경기,부천시 오정구,가격지수,전세,100.1469
2025-10-13,경기,부천시 오정구,가격지수,전세,100.1629
2025-10-20,경기,부천시 오정구,가격지수,전세,100.053
2025-10-27,경기,부천시 오정구,가격지수,전세,99.953
2025-11-03,경기,부천시 오정구,가격지수,전세,99.9632
2025-11-10,경기,부천시 오정구,가격지수,전세,99.9329
2025-11-17,경기,부천시 오정구,가격지수,전세,99.9329
2025-11-24,경기,부천시 오정구,가격지수,전세,99.9329
2025-12-01,경기,부천시 오정구,가격지수,전세,99.9167
2025-12-08,경기,부천시 오정구,가격지수,전세,99.9167
2025-12-15,경기,부천시 오정구,가격지수,전세,99.9167
2025-12-22,경기,부천시 오정구,가격지수,전세,99.9064
2025-12-29,경기,부천시 오정구,가격지수,전세,99.9516
2026-01-05,경기,부천시 오정구,가격지수,전세,99.9516
2026-01-12,경기,부천시 오정구,가격지수,전세,100.0
2026-01-19,경기,부천시 오정구,가격지수,전세,100.0
2026-01-26,경기,부천시 오정구,가격지수,전세,100.0
2026-02-02,경기,부천시 오정구,가격지수,전세,100.0
2026-02-09,경기,부천시 오정구,가격지수,전세,100.0
2026-02-23,경기,부천시 오정구,가격지수,전세,100.0
2026-03-02,경기,부천시 오정구,가격지수,전세,99.9705
2026-03-09,경기,부천시 오정구,가격지수,전세,99.9705
2026-03-16,경기,부천시 오정구,가격지수,전세,99.9789
2026-03-23,경기,부천시 오정구,가격지수,전세,100.0162
2026-03-30,경기,부천시 오정구,가격지수,전세,100.0246
2026-04-06,경기,부천시 오정구,가격지수,전세,100.1284
2026-04-13,경기,부천시 오정구,가격지수,전세,100.1781
2026-04-20,경기,부천시 오정구,가격지수,전세,100.2732
2026-04-27,경기,부천시 오정구,가격지수,전세,100.2732
2026-05-04,경기,부천시 오정구,가격지수,전세,100.2732
2026-05-11,경기,부천시 오정구,가격지수,전세,100.2882
2026-05-18,경기,부천시 오정구,가격지수,전세,100.3449
2026-05-25,경기,부천시 오정구,가격지수,전세,100.6307
2026-06-01,경기,부천시 오정구,가격지수,전세,100.7472
2026-06-08,경기,부천시 오정구,가격지수,전세,100.8486
2026-06-15,경기,부천시 오정구,가격지수,전세,100.8704
2026-06-22,경기,부천시 오정구,가격지수,전세,100.9501
2024-06-24,경기,부천시 원미구,가격지수,전세,94.876
2024-07-01,경기,부천시 원미구,가격지수,전세,94.9509
2024-07-08,경기,부천시 원미구,가격지수,전세,95.1164
2024-07-15,경기,부천시 원미구,가격지수,전세,95.55
2024-07-22,경기,부천시 원미구,가격지수,전세,95.8442
2024-07-29,경기,부천시 원미구,가격지수,전세,95.8896
2024-08-05,경기,부천시 원미구,가격지수,전세,96.0662
2024-08-12,경기,부천시 원미구,가격지수,전세,96.3055
2024-08-19,경기,부천시 원미구,가격지수,전세,96.6564
2024-08-26,경기,부천시 원미구,가격지수,전세,96.9411
2024-09-02,경기,부천시 원미구,가격지수,전세,97.2437
2024-09-09,경기,부천시 원미구,가격지수,전세,97.335
2024-09-23,경기,부천시 원미구,가격지수,전세,97.4615
2024-09-30,경기,부천시 원미구,가격지수,전세,97.5684
2024-10-07,경기,부천시 원미구,가격지수,전세,97.7679
2024-10-14,경기,부천시 원미구,가격지수,전세,97.797
2024-10-21,경기,부천시 원미구,가격지수,전세,97.9049
2024-10-28,경기,부천시 원미구,가격지수,전세,98.0253
2024-11-04,경기,부천시 원미구,가격지수,전세,98.2277
2024-11-11,경기,부천시 원미구,가격지수,전세,98.2903
2024-11-18,경기,부천시 원미구,가격지수,전세,98.3604
2024-11-25,경기,부천시 원미구,가격지수,전세,98.4567
2024-12-02,경기,부천시 원미구,가격지수,전세,98.4705
2024-12-09,경기,부천시 원미구,가격지수,전세,98.567
2024-12-16,경기,부천시 원미구,가격지수,전세,98.578
2024-12-23,경기,부천시 원미구,가격지수,전세,98.6044
2024-12-30,경기,부천시 원미구,가격지수,전세,98.6815
2025-01-06,경기,부천시 원미구,가격지수,전세,98.6987
2025-01-13,경기,부천시 원미구,가격지수,전세,98.7456
2025-01-20,경기,부천시 원미구,가격지수,전세,98.9014
2025-02-03,경기,부천시 원미구,가격지수,전세,98.9465
2025-02-10,경기,부천시 원미구,가격지수,전세,98.9617
2025-02-17,경기,부천시 원미구,가격지수,전세,99.0132
2025-02-24,경기,부천시 원미구,가격지수,전세,99.1013
2025-03-03,경기,부천시 원미구,가격지수,전세,99.1355
2025-03-10,경기,부천시 원미구,가격지수,전세,99.2136
2025-03-17,경기,부천시 원미구,가격지수,전세,99.2616
2025-03-24,경기,부천시 원미구,가격지수,전세,99.2892
2025-03-31,경기,부천시 원미구,가격지수,전세,99.3197
2025-04-07,경기,부천시 원미구,가격지수,전세,99.3301
2025-04-14,경기,부천시 원미구,가격지수,전세,99.3081
2025-04-21,경기,부천시 원미구,가격지수,전세,99.3206
2025-04-28,경기,부천시 원미구,가격지수,전세,99.3535
2025-05-05,경기,부천시 원미구,가격지수,전세,99.3623
2025-05-12,경기,부천시 원미구,가격지수,전세,99.384
2025-05-19,경기,부천시 원미구,가격지수,전세,99.406
2025-05-26,경기,부천시 원미구,가격지수,전세,99.4436
2025-06-02,경기,부천시 원미구,가격지수,전세,99.4732
2025-06-09,경기,부천시 원미구,가격지수,전세,99.4802
2025-06-16,경기,부천시 원미구,가격지수,전세,99.4947
2025-06-23,경기,부천시 원미구,가격지수,전세,99.5307
2025-06-30,경기,부천시 원미구,가격지수,전세,99.5353
2025-07-07,경기,부천시 원미구,가격지수,전세,99.538
2025-07-14,경기,부천시 원미구,가격지수,전세,99.6089
2025-07-21,경기,부천시 원미구,가격지수,전세,99.632
2025-07-28,경기,부천시 원미구,가격지수,전세,99.6417
2025-08-04,경기,부천시 원미구,가격지수,전세,99.6461
2025-08-11,경기,부천시 원미구,가격지수,전세,99.6775
2025-08-18,경기,부천시 원미구,가격지수,전세,99.689
2025-08-25,경기,부천시 원미구,가격지수,전세,99.69
2025-09-01,경기,부천시 원미구,가격지수,전세,99.6791
2025-09-08,경기,부천시 원미구,가격지수,전세,99.7058
2025-09-15,경기,부천시 원미구,가격지수,전세,99.7193
2025-09-22,경기,부천시 원미구,가격지수,전세,99.7328
2025-09-29,경기,부천시 원미구,가격지수,전세,99.729
2025-10-13,경기,부천시 원미구,가격지수,전세,99.7544
2025-10-20,경기,부천시 원미구,가격지수,전세,99.8247
2025-10-27,경기,부천시 원미구,가격지수,전세,99.8098
2025-11-03,경기,부천시 원미구,가격지수,전세,99.8359
2025-11-10,경기,부천시 원미구,가격지수,전세,99.8401
2025-11-17,경기,부천시 원미구,가격지수,전세,99.8481
2025-11-24,경기,부천시 원미구,가격지수,전세,99.8624
2025-12-01,경기,부천시 원미구,가격지수,전세,99.875
2025-12-08,경기,부천시 원미구,가격지수,전세,99.9686
2025-12-15,경기,부천시 원미구,가격지수,전세,99.969
2025-12-22,경기,부천시 원미구,가격지수,전세,99.9964
2025-12-29,경기,부천시 원미구,가격지수,전세,99.9928
2026-01-05,경기,부천시 원미구,가격지수,전세,100.0
2026-01-12,경기,부천시 원미구,가격지수,전세,100.0
2026-01-19,경기,부천시 원미구,가격지수,전세,100.0102
2026-01-26,경기,부천시 원미구,가격지수,전세,100.0228
2026-02-02,경기,부천시 원미구,가격지수,전세,100.0497
2026-02-09,경기,부천시 원미구,가격지수,전세,100.0803
2026-02-23,경기,부천시 원미구,가격지수,전세,100.0813
2026-03-02,경기,부천시 원미구,가격지수,전세,100.0932
2026-03-09,경기,부천시 원미구,가격지수,전세,100.1039
2026-03-16,경기,부천시 원미구,가격지수,전세,100.1614
2026-03-23,경기,부천시 원미구,가격지수,전세,100.2269
2026-03-30,경기,부천시 원미구,가격지수,전세,100.2499
2026-04-06,경기,부천시 원미구,가격지수,전세,100.2603
2026-04-13,경기,부천시 원미구,가격지수,전세,100.2719
2026-04-20,경기,부천시 원미구,가격지수,전세,100.3254
2026-04-27,경기,부천시 원미구,가격지수,전세,100.5489
2026-05-04,경기,부천시 원미구,가격지수,전세,100.5525
2026-05-11,경기,부천시 원미구,가격지수,전세,100.684
2026-05-18,경기,부천시 원미구,가격지수,전세,100.7402
2026-05-25,경기,부천시 원미구,가격지수,전세,100.7748
2026-06-01,경기,부천시 원미구,가격지수,전세,100.8134
2026-06-08,경기,부천시 원미구,가격지수,전세,100.9479
2026-06-15,경기,부천시 원미구,가격지수,전세,101.0728
2026-06-22,경기,부천시 원미구,가격지수,전세,101.171
2024-06-24,경기,성남시,가격지수,전세,92.6597
2024-07-01,경기,성남시,가격지수,전세,92.7714
2024-07-08,경기,성남시,가격지수,전세,92.8675
2024-07-15,경기,성남시,가격지수,전세,93.0126
2024-07-22,경기,성남시,가격지수,전세,93.1389
2024-07-29,경기,성남시,가격지수,전세,93.2419
2024-08-05,경기,성남시,가격지수,전세,93.318
2024-08-12,경기,성남시,가격지수,전세,93.4136
2024-08-19,경기,성남시,가격지수,전세,93.5552
2024-08-26,경기,성남시,가격지수,전세,93.6387
2024-09-02,경기,성남시,가격지수,전세,93.7146
2024-09-09,경기,성남시,가격지수,전세,93.7818
2024-09-23,경기,성남시,가격지수,전세,93.8476
2024-09-30,경기,성남시,가격지수,전세,93.8784
2024-10-07,경기,성남시,가격지수,전세,93.9613
2024-10-14,경기,성남시,가격지수,전세,94.0293
2024-10-21,경기,성남시,가격지수,전세,94.1152
2024-10-28,경기,성남시,가격지수,전세,94.2015
2024-11-04,경기,성남시,가격지수,전세,94.2546
2024-11-11,경기,성남시,가격지수,전세,94.3242
2024-11-18,경기,성남시,가격지수,전세,94.3474
2024-11-25,경기,성남시,가격지수,전세,94.4446
2024-12-02,경기,성남시,가격지수,전세,94.4684
2024-12-09,경기,성남시,가격지수,전세,94.5158
2024-12-16,경기,성남시,가격지수,전세,94.5177
2024-12-23,경기,성남시,가격지수,전세,94.5182
2024-12-30,경기,성남시,가격지수,전세,94.532
2025-01-06,경기,성남시,가격지수,전세,94.5546
2025-01-13,경기,성남시,가격지수,전세,94.5829
2025-01-20,경기,성남시,가격지수,전세,94.6183
2025-02-03,경기,성남시,가격지수,전세,94.6399
2025-02-10,경기,성남시,가격지수,전세,94.6586
2025-02-17,경기,성남시,가격지수,전세,94.6808
2025-02-24,경기,성남시,가격지수,전세,94.6961
2025-03-03,경기,성남시,가격지수,전세,94.7389
2025-03-10,경기,성남시,가격지수,전세,94.7549
2025-03-17,경기,성남시,가격지수,전세,94.8191
2025-03-24,경기,성남시,가격지수,전세,94.8728
2025-03-31,경기,성남시,가격지수,전세,94.931
2025-04-07,경기,성남시,가격지수,전세,94.9696
2025-04-14,경기,성남시,가격지수,전세,95.0445
2025-04-21,경기,성남시,가격지수,전세,95.1657
2025-04-28,경기,성남시,가격지수,전세,95.2009
2025-05-05,경기,성남시,가격지수,전세,95.2353
2025-05-12,경기,성남시,가격지수,전세,95.283
2025-05-19,경기,성남시,가격지수,전세,95.3329
2025-05-26,경기,성남시,가격지수,전세,95.3883
2025-06-02,경기,성남시,가격지수,전세,95.4052
2025-06-09,경기,성남시,가격지수,전세,95.4892
2025-06-16,경기,성남시,가격지수,전세,95.5514
2025-06-23,경기,성남시,가격지수,전세,95.6094
2025-06-30,경기,성남시,가격지수,전세,95.6756
2025-07-07,경기,성남시,가격지수,전세,95.8283
2025-07-14,경기,성남시,가격지수,전세,95.9463
2025-07-21,경기,성남시,가격지수,전세,96.0205
2025-07-28,경기,성남시,가격지수,전세,96.0743
2025-08-04,경기,성남시,가격지수,전세,96.119
2025-08-11,경기,성남시,가격지수,전세,96.2365
2025-08-18,경기,성남시,가격지수,전세,96.262
2025-08-25,경기,성남시,가격지수,전세,96.3733
2025-09-01,경기,성남시,가격지수,전세,96.4832
2025-09-08,경기,성남시,가격지수,전세,96.5681
2025-09-15,경기,성남시,가격지수,전세,96.6583
2025-09-22,경기,성남시,가격지수,전세,96.765
2025-09-29,경기,성남시,가격지수,전세,96.9075
2025-10-13,경기,성남시,가격지수,전세,97.078
2025-10-20,경기,성남시,가격지수,전세,97.3235
2025-10-27,경기,성남시,가격지수,전세,97.6235
2025-11-03,경기,성남시,가격지수,전세,97.8744
2025-11-10,경기,성남시,가격지수,전세,98.1009
2025-11-17,경기,성남시,가격지수,전세,98.3225
2025-11-24,경기,성남시,가격지수,전세,98.4408
2025-12-01,경기,성남시,가격지수,전세,98.7205
2025-12-08,경기,성남시,가격지수,전세,99.0252
2025-12-15,경기,성남시,가격지수,전세,99.1702
2025-12-22,경기,성남시,가격지수,전세,99.3479
2025-12-29,경기,성남시,가격지수,전세,99.5516
2026-01-05,경기,성남시,가격지수,전세,99.757
2026-01-12,경기,성남시,가격지수,전세,100.0
2026-01-19,경기,성남시,가격지수,전세,100.336
2026-01-26,경기,성남시,가격지수,전세,100.5685
2026-02-02,경기,성남시,가격지수,전세,100.8167
2026-02-09,경기,성남시,가격지수,전세,101.0772
2026-02-23,경기,성남시,가격지수,전세,101.4136
2026-03-02,경기,성남시,가격지수,전세,101.5334
2026-03-09,경기,성남시,가격지수,전세,101.7882
2026-03-16,경기,성남시,가격지수,전세,101.9649
2026-03-23,경기,성남시,가격지수,전세,102.1793
2026-03-30,경기,성남시,가격지수,전세,102.2695
2026-04-06,경기,성남시,가격지수,전세,102.4225
2026-04-13,경기,성남시,가격지수,전세,102.6891
2026-04-20,경기,성남시,가격지수,전세,103.1907
2026-04-27,경기,성남시,가격지수,전세,103.4136
2026-05-04,경기,성남시,가격지수,전세,103.5455
2026-05-11,경기,성남시,가격지수,전세,103.7849
2026-05-18,경기,성남시,가격지수,전세,104.1538
2026-05-25,경기,성남시,가격지수,전세,104.3436
2026-06-01,경기,성남시,가격지수,전세,104.6135
2026-06-08,경기,성남시,가격지수,전세,105.0835
2026-06-15,경기,성남시,가격지수,전세,105.3158
2026-06-22,경기,성남시,가격지수,전세,105.4769
2024-06-24,경기,성남시 분당구,가격지수,전세,93.7926
2024-07-01,경기,성남시 분당구,가격지수,전세,93.8851
2024-07-08,경기,성남시 분당구,가격지수,전세,93.9465
2024-07-15,경기,성남시 분당구,가격지수,전세,94.0382
2024-07-22,경기,성남시 분당구,가격지수,전세,94.1514
2024-07-29,경기,성남시 분당구,가격지수,전세,94.2333
2024-08-05,경기,성남시 분당구,가격지수,전세,94.2839
2024-08-12,경기,성남시 분당구,가격지수,전세,94.318
2024-08-19,경기,성남시 분당구,가격지수,전세,94.4149
2024-08-26,경기,성남시 분당구,가격지수,전세,94.4623
2024-09-02,경기,성남시 분당구,가격지수,전세,94.5059
2024-09-09,경기,성남시 분당구,가격지수,전세,94.5249
2024-09-23,경기,성남시 분당구,가격지수,전세,94.5871
2024-09-30,경기,성남시 분당구,가격지수,전세,94.6024
2024-10-07,경기,성남시 분당구,가격지수,전세,94.6381
2024-10-14,경기,성남시 분당구,가격지수,전세,94.6579
2024-10-21,경기,성남시 분당구,가격지수,전세,94.7667
2024-10-28,경기,성남시 분당구,가격지수,전세,94.8658
2024-11-04,경기,성남시 분당구,가격지수,전세,94.9294
2024-11-11,경기,성남시 분당구,가격지수,전세,94.99
2024-11-18,경기,성남시 분당구,가격지수,전세,95.0028
2024-11-25,경기,성남시 분당구,가격지수,전세,95.0866
2024-12-02,경기,성남시 분당구,가격지수,전세,95.1104
2024-12-09,경기,성남시 분당구,가격지수,전세,95.1621
2024-12-16,경기,성남시 분당구,가격지수,전세,95.1751
2024-12-23,경기,성남시 분당구,가격지수,전세,95.1859
2024-12-30,경기,성남시 분당구,가격지수,전세,95.2049
2025-01-06,경기,성남시 분당구,가격지수,전세,95.2443
2025-01-13,경기,성남시 분당구,가격지수,전세,95.3009
2025-01-20,경기,성남시 분당구,가격지수,전세,95.4029
2025-02-03,경기,성남시 분당구,가격지수,전세,95.4394
2025-02-10,경기,성남시 분당구,가격지수,전세,95.4845
2025-02-17,경기,성남시 분당구,가격지수,전세,95.5421
2025-02-24,경기,성남시 분당구,가격지수,전세,95.5892
2025-03-03,경기,성남시 분당구,가격지수,전세,95.6549
2025-03-10,경기,성남시 분당구,가격지수,전세,95.701
2025-03-17,경기,성남시 분당구,가격지수,전세,95.7715
2025-03-24,경기,성남시 분당구,가격지수,전세,95.824
2025-03-31,경기,성남시 분당구,가격지수,전세,95.9049
2025-04-07,경기,성남시 분당구,가격지수,전세,95.9487
2025-04-14,경기,성남시 분당구,가격지수,전세,96.0325
2025-04-21,경기,성남시 분당구,가격지수,전세,96.1555
2025-04-28,경기,성남시 분당구,가격지수,전세,96.1832
2025-05-05,경기,성남시 분당구,가격지수,전세,96.2024
2025-05-12,경기,성남시 분당구,가격지수,전세,96.2162
2025-05-19,경기,성남시 분당구,가격지수,전세,96.2629
2025-05-26,경기,성남시 분당구,가격지수,전세,96.3016
2025-06-02,경기,성남시 분당구,가격지수,전세,96.318
2025-06-09,경기,성남시 분당구,가격지수,전세,96.4013
2025-06-16,경기,성남시 분당구,가격지수,전세,96.4809
2025-06-23,경기,성남시 분당구,가격지수,전세,96.5179
2025-06-30,경기,성남시 분당구,가격지수,전세,96.606
2025-07-07,경기,성남시 분당구,가격지수,전세,96.6998
2025-07-14,경기,성남시 분당구,가격지수,전세,96.8396
2025-07-21,경기,성남시 분당구,가격지수,전세,96.9041
2025-07-28,경기,성남시 분당구,가격지수,전세,96.9333
2025-08-04,경기,성남시 분당구,가격지수,전세,96.9576
2025-08-11,경기,성남시 분당구,가격지수,전세,97.0824
2025-08-18,경기,성남시 분당구,가격지수,전세,97.1163
2025-08-25,경기,성남시 분당구,가격지수,전세,97.1759
2025-09-01,경기,성남시 분당구,가격지수,전세,97.2128
2025-09-08,경기,성남시 분당구,가격지수,전세,97.3221
2025-09-15,경기,성남시 분당구,가격지수,전세,97.3674
2025-09-22,경기,성남시 분당구,가격지수,전세,97.4893
2025-09-29,경기,성남시 분당구,가격지수,전세,97.5903
2025-10-13,경기,성남시 분당구,가격지수,전세,97.6091
2025-10-20,경기,성남시 분당구,가격지수,전세,97.693
2025-10-27,경기,성남시 분당구,가격지수,전세,97.9444
2025-11-03,경기,성남시 분당구,가격지수,전세,98.2491
2025-11-10,경기,성남시 분당구,가격지수,전세,98.5092
2025-11-17,경기,성남시 분당구,가격지수,전세,98.7567
2025-11-24,경기,성남시 분당구,가격지수,전세,98.8906
2025-12-01,경기,성남시 분당구,가격지수,전세,99.0153
2025-12-08,경기,성남시 분당구,가격지수,전세,99.258
2025-12-15,경기,성남시 분당구,가격지수,전세,99.3854
2025-12-22,경기,성남시 분당구,가격지수,전세,99.5185
2025-12-29,경기,성남시 분당구,가격지수,전세,99.6337
2026-01-05,경기,성남시 분당구,가격지수,전세,99.8275
2026-01-12,경기,성남시 분당구,가격지수,전세,100.0
2026-01-19,경기,성남시 분당구,가격지수,전세,100.1313
2026-01-26,경기,성남시 분당구,가격지수,전세,100.3966
2026-02-02,경기,성남시 분당구,가격지수,전세,100.5201
2026-02-09,경기,성남시 분당구,가격지수,전세,100.7291
2026-02-23,경기,성남시 분당구,가격지수,전세,101.0193
2026-03-02,경기,성남시 분당구,가격지수,전세,101.095
2026-03-09,경기,성남시 분당구,가격지수,전세,101.3648
2026-03-16,경기,성남시 분당구,가격지수,전세,101.4682
2026-03-23,경기,성남시 분당구,가격지수,전세,101.6178
2026-03-30,경기,성남시 분당구,가격지수,전세,101.7271
2026-04-06,경기,성남시 분당구,가격지수,전세,101.8757
2026-04-13,경기,성남시 분당구,가격지수,전세,102.048
2026-04-20,경기,성남시 분당구,가격지수,전세,102.3791
2026-04-27,경기,성남시 분당구,가격지수,전세,102.6272
2026-05-04,경기,성남시 분당구,가격지수,전세,102.7515
2026-05-11,경기,성남시 분당구,가격지수,전세,102.9388
2026-05-18,경기,성남시 분당구,가격지수,전세,103.3801
2026-05-25,경기,성남시 분당구,가격지수,전세,103.4663
2026-06-01,경기,성남시 분당구,가격지수,전세,103.7509
2026-06-08,경기,성남시 분당구,가격지수,전세,104.1697
2026-06-15,경기,성남시 분당구,가격지수,전세,104.3052
2026-06-22,경기,성남시 분당구,가격지수,전세,104.4849
2024-06-24,경기,성남시 수정구,가격지수,전세,88.8201
2024-07-01,경기,성남시 수정구,가격지수,전세,88.959
2024-07-08,경기,성남시 수정구,가격지수,전세,88.9935
2024-07-15,경기,성남시 수정구,가격지수,전세,89.0644
2024-07-22,경기,성남시 수정구,가격지수,전세,89.2489
2024-07-29,경기,성남시 수정구,가격지수,전세,89.4261
2024-08-05,경기,성남시 수정구,가격지수,전세,89.6077
2024-08-12,경기,성남시 수정구,가격지수,전세,89.7805
2024-08-19,경기,성남시 수정구,가격지수,전세,90.0293
2024-08-26,경기,성남시 수정구,가격지수,전세,90.2897
2024-09-02,경기,성남시 수정구,가격지수,전세,90.4052
2024-09-09,경기,성남시 수정구,가격지수,전세,90.5901
2024-09-23,경기,성남시 수정구,가격지수,전세,90.6736
2024-09-30,경기,성남시 수정구,가격지수,전세,90.7149
2024-10-07,경기,성남시 수정구,가격지수,전세,90.7883
2024-10-14,경기,성남시 수정구,가격지수,전세,90.9291
2024-10-21,경기,성남시 수정구,가격지수,전세,91.0076
2024-10-28,경기,성남시 수정구,가격지수,전세,91.0465
2024-11-04,경기,성남시 수정구,가격지수,전세,91.061
2024-11-11,경기,성남시 수정구,가격지수,전세,91.1293
2024-11-18,경기,성남시 수정구,가격지수,전세,91.1916
2024-11-25,경기,성남시 수정구,가격지수,전세,91.2946
2024-12-02,경기,성남시 수정구,가격지수,전세,91.331
2024-12-09,경기,성남시 수정구,가격지수,전세,91.3521
2024-12-16,경기,성남시 수정구,가격지수,전세,91.3774
2024-12-23,경기,성남시 수정구,가격지수,전세,91.4092
2024-12-30,경기,성남시 수정구,가격지수,전세,91.4144
2025-01-06,경기,성남시 수정구,가격지수,전세,91.4039
2025-01-13,경기,성남시 수정구,가격지수,전세,91.3888
2025-01-20,경기,성남시 수정구,가격지수,전세,91.3681
2025-02-03,경기,성남시 수정구,가격지수,전세,91.3552
2025-02-10,경기,성남시 수정구,가격지수,전세,91.3292
2025-02-17,경기,성남시 수정구,가격지수,전세,91.2889
2025-02-24,경기,성남시 수정구,가격지수,전세,91.2405
2025-03-03,경기,성남시 수정구,가격지수,전세,91.2426
2025-03-10,경기,성남시 수정구,가격지수,전세,91.1681
2025-03-17,경기,성남시 수정구,가격지수,전세,91.2163
2025-03-24,경기,성남시 수정구,가격지수,전세,91.3158
2025-03-31,경기,성남시 수정구,가격지수,전세,91.321
2025-04-07,경기,성남시 수정구,가격지수,전세,91.3826
2025-04-14,경기,성남시 수정구,가격지수,전세,91.3898
2025-04-21,경기,성남시 수정구,가격지수,전세,91.6563
2025-04-28,경기,성남시 수정구,가격지수,전세,91.6871
2025-05-05,경기,성남시 수정구,가격지수,전세,91.6871
2025-05-12,경기,성남시 수정구,가격지수,전세,91.7475
2025-05-19,경기,성남시 수정구,가격지수,전세,91.7752
2025-05-26,경기,성남시 수정구,가격지수,전세,91.8605
2025-06-02,경기,성남시 수정구,가격지수,전세,91.8651
2025-06-09,경기,성남시 수정구,가격지수,전세,91.9838
2025-06-16,경기,성남시 수정구,가격지수,전세,92.0177
2025-06-23,경기,성남시 수정구,가격지수,전세,92.1531
2025-06-30,경기,성남시 수정구,가격지수,전세,92.2025
2025-07-07,경기,성남시 수정구,가격지수,전세,92.5424
2025-07-14,경기,성남시 수정구,가격지수,전세,92.5669
2025-07-21,경기,성남시 수정구,가격지수,전세,92.652
2025-07-28,경기,성남시 수정구,가격지수,전세,92.7552
2025-08-04,경기,성남시 수정구,가격지수,전세,92.8764
2025-08-11,경기,성남시 수정구,가격지수,전세,92.9454
2025-08-18,경기,성남시 수정구,가격지수,전세,92.9507
2025-08-25,경기,성남시 수정구,가격지수,전세,93.1907
2025-09-01,경기,성남시 수정구,가격지수,전세,93.5169
2025-09-08,경기,성남시 수정구,가격지수,전세,93.5225
2025-09-15,경기,성남시 수정구,가격지수,전세,93.7997
2025-09-22,경기,성남시 수정구,가격지수,전세,93.8961
2025-09-29,경기,성남시 수정구,가격지수,전세,94.1088
2025-10-13,경기,성남시 수정구,가격지수,전세,94.7661
2025-10-20,경기,성남시 수정구,가격지수,전세,95.8121
2025-10-27,경기,성남시 수정구,가격지수,전세,96.4236
2025-11-03,경기,성남시 수정구,가격지수,전세,96.6898
2025-11-10,경기,성남시 수정구,가격지수,전세,96.7939
2025-11-17,경기,성남시 수정구,가격지수,전세,97.0515
2025-11-24,경기,성남시 수정구,가격지수,전세,97.0736
2025-12-01,경기,성남시 수정구,가격지수,전세,97.8595
2025-12-08,경기,성남시 수정구,가격지수,전세,98.3986
2025-12-15,경기,성남시 수정구,가격지수,전세,98.6573
2025-12-22,경기,성남시 수정구,가격지수,전세,98.8927
2025-12-29,경기,성남시 수정구,가격지수,전세,99.5118
2026-01-05,경기,성남시 수정구,가격지수,전세,99.5863
2026-01-12,경기,성남시 수정구,가격지수,전세,100.0
2026-01-19,경기,성남시 수정구,가격지수,전세,100.8047
2026-01-26,경기,성남시 수정구,가격지수,전세,100.9364
2026-02-02,경기,성남시 수정구,가격지수,전세,101.3884
2026-02-09,경기,성남시 수정구,가격지수,전세,101.7829
2026-02-23,경기,성남시 수정구,가격지수,전세,101.9696
2026-03-02,경기,성남시 수정구,가격지수,전세,102.0501
2026-03-09,경기,성남시 수정구,가격지수,전세,102.2841
2026-03-16,경기,성남시 수정구,가격지수,전세,102.4544
2026-03-23,경기,성남시 수정구,가격지수,전세,102.551
2026-03-30,경기,성남시 수정구,가격지수,전세,102.5711
2026-04-06,경기,성남시 수정구,가격지수,전세,102.633
2026-04-13,경기,성남시 수정구,가격지수,전세,102.7619
2026-04-20,경기,성남시 수정구,가격지수,전세,103.7306
2026-04-27,경기,성남시 수정구,가격지수,전세,103.8052
2026-05-04,경기,성남시 수정구,가격지수,전세,103.935
2026-05-11,경기,성남시 수정구,가격지수,전세,104.3897
2026-05-18,경기,성남시 수정구,가격지수,전세,104.5651
2026-05-25,경기,성남시 수정구,가격지수,전세,104.7707
2026-06-01,경기,성남시 수정구,가격지수,전세,104.8969
2026-06-08,경기,성남시 수정구,가격지수,전세,105.3471
2026-06-15,경기,성남시 수정구,가격지수,전세,105.6307
2026-06-22,경기,성남시 수정구,가격지수,전세,105.7208
2024-06-24,경기,성남시 중원구,가격지수,전세,91.9122
2024-07-01,경기,성남시 중원구,가격지수,전세,92.0814
2024-07-08,경기,성남시 중원구,가격지수,전세,92.3869
2024-07-15,경기,성남시 중원구,가격지수,전세,92.8364
2024-07-22,경기,성남시 중원구,가격지수,전세,92.9639
2024-07-29,경기,성남시 중원구,가격지수,전세,93.0851
2024-08-05,경기,성남시 중원구,가격지수,전세,93.171
2024-08-12,경기,성남시 중원구,가격지수,전세,93.4343
2024-08-19,경기,성남시 중원구,가격지수,전세,93.6572
2024-08-26,경기,성남시 중원구,가격지수,전세,93.7316
2024-09-02,경기,성남시 중원구,가격지수,전세,93.8978
2024-09-09,경기,성남시 중원구,가격지수,전세,94.0503
2024-09-23,경기,성남시 중원구,가격지수,전세,94.1158
2024-09-30,경기,성남시 중원구,가격지수,전세,94.1967
2024-10-07,경기,성남시 중원구,가격지수,전세,94.4672
2024-10-14,경기,성남시 중원구,가격지수,전세,94.6584
2024-10-21,경기,성남시 중원구,가격지수,전세,94.664
2024-10-28,경기,성남시 중원구,가격지수,전세,94.741
2024-11-04,경기,성남시 중원구,가격지수,전세,94.786
2024-11-11,경기,성남시 중원구,가격지수,전세,94.8912
2024-11-18,경기,성남시 중원구,가격지수,전세,94.9225
2024-11-25,경기,성남시 중원구,가격지수,전세,95.0659
2024-12-02,경기,성남시 중원구,가격지수,전세,95.0797
2024-12-09,경기,성남시 중원구,가격지수,전세,95.1321
2024-12-16,경기,성남시 중원구,가격지수,전세,95.0729
2024-12-23,경기,성남시 중원구,가격지수,전세,95.008
2024-12-30,경기,성남시 중원구,가격지수,전세,95.0094
2025-01-06,경기,성남시 중원구,가격지수,전세,94.9954
2025-01-13,경기,성남시 중원구,가격지수,전세,94.9515
2025-01-20,경기,성남시 중원구,가격지수,전세,94.7795
2025-02-03,경기,성남시 중원구,가격지수,전세,94.7727
2025-02-10,경기,성남시 중원구,가격지수,전세,94.7284
2025-02-17,경기,성남시 중원구,가격지수,전세,94.6674
2025-02-24,경기,성남시 중원구,가격지수,전세,94.6147
2025-03-03,경기,성남시 중원구,가격지수,전세,94.604
2025-03-10,경기,성남시 중원구,가격지수,전세,94.5809
2025-03-17,경기,성남시 중원구,가격지수,전세,94.6344
2025-03-24,경기,성남시 중원구,가격지수,전세,94.6553
2025-03-31,경기,성남시 중원구,가격지수,전세,94.6716
2025-04-07,경기,성남시 중원구,가격지수,전세,94.6716
2025-04-14,경기,성남시 중원구,가격지수,전세,94.7688
2025-04-21,경기,성남시 중원구,가격지수,전세,94.7646
2025-04-28,경기,성남시 중원구,가격지수,전세,94.832
2025-05-05,경기,성남시 중원구,가격지수,전세,94.9569
2025-05-12,경기,성남시 중원구,가격지수,전세,95.1202
2025-05-19,경기,성남시 중원구,가격지수,전세,95.2038
2025-05-26,경기,성남시 중원구,가격지수,전세,95.2935
2025-06-02,경기,성남시 중원구,가격지수,전세,95.3243
2025-06-09,경기,성남시 중원구,가격지수,전세,95.3768
2025-06-16,경기,성남시 중원구,가격지수,전세,95.3993
2025-06-23,경기,성남시 중원구,가격지수,전세,95.4628
2025-06-30,경기,성남시 중원구,가격지수,전세,95.4601
2025-07-07,경기,성남시 중원구,가격지수,전세,95.6571
2025-07-14,경기,성남시 중원구,가격지수,전세,95.7822
2025-07-21,경기,성남시 중원구,가격지수,전세,95.8833
2025-07-28,경기,성남시 중원구,가격지수,전세,95.9836
2025-08-04,경기,성남시 중원구,가격지수,전세,96.0309
2025-08-11,경기,성남시 중원구,가격지수,전세,96.1684
2025-08-18,경기,성남시 중원구,가격지수,전세,96.1814
2025-08-25,경기,성남시 중원구,가격지수,전세,96.3651
2025-09-01,경기,성남시 중원구,가격지수,전세,96.5439
2025-09-08,경기,성남시 중원구,가격지수,전세,96.6126
2025-09-15,경기,성남시 중원구,가격지수,전세,96.6915
2025-09-22,경기,성남시 중원구,가격지수,전세,96.7492
2025-09-29,경기,성남시 중원구,가격지수,전세,96.9834
2025-10-13,경기,성남시 중원구,가격지수,전세,97.2623
2025-10-20,경기,성남시 중원구,가격지수,전세,97.3482
2025-10-27,경기,성남시 중원구,가격지수,전세,97.5332
2025-11-03,경기,성남시 중원구,가격지수,전세,97.559
2025-11-10,경기,성남시 중원구,가격지수,전세,97.774
2025-11-17,경기,성남시 중원구,가격지수,전세,97.8598
2025-11-24,경기,성남시 중원구,가격지수,전세,98.0109
2025-12-01,경기,성남시 중원구,가격지수,전세,98.401
2025-12-08,경기,성남시 중원구,가격지수,전세,98.7205
2025-12-15,경기,성남시 중원구,가격지수,전세,98.8244
2025-12-22,경기,성남시 중원구,가격지수,전세,99.1207
2025-12-29,경기,성남시 중원구,가격지수,전세,99.2687
2026-01-05,경기,성남시 중원구,가격지수,전세,99.6455
2026-01-12,경기,성남시 중원구,가격지수,전세,100.0
2026-01-19,경기,성남시 중원구,가격지수,전세,100.6794
2026-01-26,경기,성남시 중원구,가격지수,전세,100.8811
2026-02-02,경기,성남시 중원구,가격지수,전세,101.4194
2026-02-09,경기,성남시 중원구,가격지수,전세,101.7525
2026-02-23,경기,성남시 중원구,가격지수,전세,102.4142
2026-03-02,경기,성남시 중원구,가격지수,전세,102.7459
2026-03-09,경기,성남시 중원구,가격지수,전세,102.9611
2026-03-16,경기,성남시 중원구,가격지수,전세,103.4335
2026-03-23,경기,성남시 중원구,가격지수,전세,104.0179
2026-03-30,경기,성남시 중원구,가격지수,전세,104.1007
2026-04-06,경기,성남시 중원구,가격지수,전세,104.3599
2026-04-13,경기,성남시 중원구,가격지수,전세,105.1337
2026-04-20,경기,성남시 중원구,가격지수,전세,105.8557
2026-04-27,경기,성남시 중원구,가격지수,전세,106.1226
2026-05-04,경기,성남시 중원구,가격지수,전세,106.2871
2026-05-11,경기,성남시 중원구,가격지수,전세,106.5235
2026-05-18,경기,성남시 중원구,가격지수,전세,106.7921
2026-05-25,경기,성남시 중원구,가격지수,전세,107.3796
2026-06-01,경기,성남시 중원구,가격지수,전세,107.732
2026-06-08,경기,성남시 중원구,가격지수,전세,108.4265
2026-06-15,경기,성남시 중원구,가격지수,전세,108.9972
2026-06-22,경기,성남시 중원구,가격지수,전세,109.1528
2024-06-24,경기,수원시,가격지수,전세,92.9684
2024-07-01,경기,수원시,가격지수,전세,93.0971
2024-07-08,경기,수원시,가격지수,전세,93.2461
2024-07-15,경기,수원시,가격지수,전세,93.3875
2024-07-22,경기,수원시,가격지수,전세,93.5614
2024-07-29,경기,수원시,가격지수,전세,93.7316
2024-08-05,경기,수원시,가격지수,전세,93.9242
2024-08-12,경기,수원시,가격지수,전세,94.0367
2024-08-19,경기,수원시,가격지수,전세,94.1989
2024-08-26,경기,수원시,가격지수,전세,94.414
2024-09-02,경기,수원시,가격지수,전세,94.6352
2024-09-09,경기,수원시,가격지수,전세,94.8492
2024-09-23,경기,수원시,가격지수,전세,94.9645
2024-09-30,경기,수원시,가격지수,전세,95.0405
2024-10-07,경기,수원시,가격지수,전세,95.2212
2024-10-14,경기,수원시,가격지수,전세,95.4121
2024-10-21,경기,수원시,가격지수,전세,95.6047
2024-10-28,경기,수원시,가격지수,전세,95.8184
2024-11-04,경기,수원시,가격지수,전세,96.0156
2024-11-11,경기,수원시,가격지수,전세,96.1494
2024-11-18,경기,수원시,가격지수,전세,96.288
2024-11-25,경기,수원시,가격지수,전세,96.4105
2024-12-02,경기,수원시,가격지수,전세,96.4911
2024-12-09,경기,수원시,가격지수,전세,96.5716
2024-12-16,경기,수원시,가격지수,전세,96.6069
2024-12-23,경기,수원시,가격지수,전세,96.7067
2024-12-30,경기,수원시,가격지수,전세,96.7634
2025-01-06,경기,수원시,가격지수,전세,96.924
2025-01-13,경기,수원시,가격지수,전세,96.9613
2025-01-20,경기,수원시,가격지수,전세,97.0755
2025-02-03,경기,수원시,가격지수,전세,97.1868
2025-02-10,경기,수원시,가격지수,전세,97.2495
2025-02-17,경기,수원시,가격지수,전세,97.3177
2025-02-24,경기,수원시,가격지수,전세,97.3508
2025-03-03,경기,수원시,가격지수,전세,97.4084
2025-03-10,경기,수원시,가격지수,전세,97.4786
2025-03-17,경기,수원시,가격지수,전세,97.5057
2025-03-24,경기,수원시,가격지수,전세,97.5346
2025-03-31,경기,수원시,가격지수,전세,97.5493
2025-04-07,경기,수원시,가격지수,전세,97.6168
2025-04-14,경기,수원시,가격지수,전세,97.6256
2025-04-21,경기,수원시,가격지수,전세,97.6263
2025-04-28,경기,수원시,가격지수,전세,97.6366
2025-05-05,경기,수원시,가격지수,전세,97.6497
2025-05-12,경기,수원시,가격지수,전세,97.6839
2025-05-19,경기,수원시,가격지수,전세,97.6895
2025-05-26,경기,수원시,가격지수,전세,97.6896
2025-06-02,경기,수원시,가격지수,전세,97.7125
2025-06-09,경기,수원시,가격지수,전세,97.7274
2025-06-16,경기,수원시,가격지수,전세,97.7566
2025-06-23,경기,수원시,가격지수,전세,97.7716
2025-06-30,경기,수원시,가격지수,전세,97.7909
2025-07-07,경기,수원시,가격지수,전세,97.8495
2025-07-14,경기,수원시,가격지수,전세,97.8618
2025-07-21,경기,수원시,가격지수,전세,97.9228
2025-07-28,경기,수원시,가격지수,전세,97.9843
2025-08-04,경기,수원시,가격지수,전세,98.0179
2025-08-11,경기,수원시,가격지수,전세,98.0561
2025-08-18,경기,수원시,가격지수,전세,98.0791
2025-08-25,경기,수원시,가격지수,전세,98.1328
2025-09-01,경기,수원시,가격지수,전세,98.1537
2025-09-08,경기,수원시,가격지수,전세,98.21
2025-09-15,경기,수원시,가격지수,전세,98.2865
2025-09-22,경기,수원시,가격지수,전세,98.354
2025-09-29,경기,수원시,가격지수,전세,98.4055
2025-10-13,경기,수원시,가격지수,전세,98.5285
2025-10-20,경기,수원시,가격지수,전세,98.6626
2025-10-27,경기,수원시,가격지수,전세,98.7485
2025-11-03,경기,수원시,가격지수,전세,98.8479
2025-11-10,경기,수원시,가격지수,전세,98.9396
2025-11-17,경기,수원시,가격지수,전세,99.0349
2025-11-24,경기,수원시,가격지수,전세,99.111
2025-12-01,경기,수원시,가격지수,전세,99.1862
2025-12-08,경기,수원시,가격지수,전세,99.3959
2025-12-15,경기,수원시,가격지수,전세,99.5538
2025-12-22,경기,수원시,가격지수,전세,99.6606
2025-12-29,경기,수원시,가격지수,전세,99.7711
2026-01-05,경기,수원시,가격지수,전세,99.8703
2026-01-12,경기,수원시,가격지수,전세,100.0
2026-01-19,경기,수원시,가격지수,전세,100.1641
2026-01-26,경기,수원시,가격지수,전세,100.307
2026-02-02,경기,수원시,가격지수,전세,100.4492
2026-02-09,경기,수원시,가격지수,전세,100.6323
2026-02-23,경기,수원시,가격지수,전세,100.9012
2026-03-02,경기,수원시,가격지수,전세,101.0152
2026-03-09,경기,수원시,가격지수,전세,101.264
2026-03-16,경기,수원시,가격지수,전세,101.4872
2026-03-23,경기,수원시,가격지수,전세,101.7848
2026-03-30,경기,수원시,가격지수,전세,102.0521
2026-04-06,경기,수원시,가격지수,전세,102.2884
2026-04-13,경기,수원시,가격지수,전세,102.4737
2026-04-20,경기,수원시,가격지수,전세,102.8193
2026-04-27,경기,수원시,가격지수,전세,103.0094
2026-05-04,경기,수원시,가격지수,전세,103.1329
2026-05-11,경기,수원시,가격지수,전세,103.4988
2026-05-18,경기,수원시,가격지수,전세,103.683
2026-05-25,경기,수원시,가격지수,전세,103.8829
2026-06-01,경기,수원시,가격지수,전세,104.0777
2026-06-08,경기,수원시,가격지수,전세,104.3881
2026-06-15,경기,수원시,가격지수,전세,104.6813
2026-06-22,경기,수원시,가격지수,전세,104.9249
2024-06-24,경기,수원시 권선구,가격지수,전세,94.833
2024-07-01,경기,수원시 권선구,가격지수,전세,94.9762
2024-07-08,경기,수원시 권선구,가격지수,전세,95.068
2024-07-15,경기,수원시 권선구,가격지수,전세,95.1622
2024-07-22,경기,수원시 권선구,가격지수,전세,95.3217
2024-07-29,경기,수원시 권선구,가격지수,전세,95.472
2024-08-05,경기,수원시 권선구,가격지수,전세,95.6028
2024-08-12,경기,수원시 권선구,가격지수,전세,95.7519
2024-08-19,경기,수원시 권선구,가격지수,전세,95.8897
2024-08-26,경기,수원시 권선구,가격지수,전세,96.0273
2024-09-02,경기,수원시 권선구,가격지수,전세,96.35
2024-09-09,경기,수원시 권선구,가격지수,전세,96.5388
2024-09-23,경기,수원시 권선구,가격지수,전세,96.5933
2024-09-30,경기,수원시 권선구,가격지수,전세,96.6251
2024-10-07,경기,수원시 권선구,가격지수,전세,96.7879
2024-10-14,경기,수원시 권선구,가격지수,전세,96.9568
2024-10-21,경기,수원시 권선구,가격지수,전세,97.1627
2024-10-28,경기,수원시 권선구,가격지수,전세,97.3408
2024-11-04,경기,수원시 권선구,가격지수,전세,97.5216
2024-11-11,경기,수원시 권선구,가격지수,전세,97.6145
2024-11-18,경기,수원시 권선구,가격지수,전세,97.6375
2024-11-25,경기,수원시 권선구,가격지수,전세,97.8096
2024-12-02,경기,수원시 권선구,가격지수,전세,97.8944
2024-12-09,경기,수원시 권선구,가격지수,전세,97.9346
2024-12-16,경기,수원시 권선구,가격지수,전세,97.9395
2024-12-23,경기,수원시 권선구,가격지수,전세,97.9819
2024-12-30,경기,수원시 권선구,가격지수,전세,98.0551
2025-01-06,경기,수원시 권선구,가격지수,전세,98.1021
2025-01-13,경기,수원시 권선구,가격지수,전세,98.1528
2025-01-20,경기,수원시 권선구,가격지수,전세,98.2873
2025-02-03,경기,수원시 권선구,가격지수,전세,98.5782
2025-02-10,경기,수원시 권선구,가격지수,전세,98.6627
2025-02-17,경기,수원시 권선구,가격지수,전세,98.7251
2025-02-24,경기,수원시 권선구,가격지수,전세,98.8144
2025-03-03,경기,수원시 권선구,가격지수,전세,98.8771
2025-03-10,경기,수원시 권선구,가격지수,전세,98.895
2025-03-17,경기,수원시 권선구,가격지수,전세,98.929
2025-03-24,경기,수원시 권선구,가격지수,전세,98.9579
2025-03-31,경기,수원시 권선구,가격지수,전세,98.9587
2025-04-07,경기,수원시 권선구,가격지수,전세,98.9676
2025-04-14,경기,수원시 권선구,가격지수,전세,99.051
2025-04-21,경기,수원시 권선구,가격지수,전세,99.0289
2025-04-28,경기,수원시 권선구,가격지수,전세,99.0271
2025-05-05,경기,수원시 권선구,가격지수,전세,99.0199
2025-05-12,경기,수원시 권선구,가격지수,전세,99.0042
2025-05-19,경기,수원시 권선구,가격지수,전세,98.9887
2025-05-26,경기,수원시 권선구,가격지수,전세,98.9558
2025-06-02,경기,수원시 권선구,가격지수,전세,98.9622
2025-06-09,경기,수원시 권선구,가격지수,전세,98.9616
2025-06-16,경기,수원시 권선구,가격지수,전세,98.9194
2025-06-23,경기,수원시 권선구,가격지수,전세,98.8908
2025-06-30,경기,수원시 권선구,가격지수,전세,98.8897
2025-07-07,경기,수원시 권선구,가격지수,전세,98.9154
2025-07-14,경기,수원시 권선구,가격지수,전세,98.9046
2025-07-21,경기,수원시 권선구,가격지수,전세,98.9111
2025-07-28,경기,수원시 권선구,가격지수,전세,98.9499
2025-08-04,경기,수원시 권선구,가격지수,전세,98.9668
2025-08-11,경기,수원시 권선구,가격지수,전세,98.9918
2025-08-18,경기,수원시 권선구,가격지수,전세,98.9994
2025-08-25,경기,수원시 권선구,가격지수,전세,99.0152
2025-09-01,경기,수원시 권선구,가격지수,전세,99.0151
2025-09-08,경기,수원시 권선구,가격지수,전세,99.0487
2025-09-15,경기,수원시 권선구,가격지수,전세,99.0585
2025-09-22,경기,수원시 권선구,가격지수,전세,99.0825
2025-09-29,경기,수원시 권선구,가격지수,전세,99.1009
2025-10-13,경기,수원시 권선구,가격지수,전세,99.1719
2025-10-20,경기,수원시 권선구,가격지수,전세,99.1954
2025-10-27,경기,수원시 권선구,가격지수,전세,99.2572
2025-11-03,경기,수원시 권선구,가격지수,전세,99.2708
2025-11-10,경기,수원시 권선구,가격지수,전세,99.3268
2025-11-17,경기,수원시 권선구,가격지수,전세,99.3782
2025-11-24,경기,수원시 권선구,가격지수,전세,99.3993
2025-12-01,경기,수원시 권선구,가격지수,전세,99.4004
2025-12-08,경기,수원시 권선구,가격지수,전세,99.4766
2025-12-15,경기,수원시 권선구,가격지수,전세,99.4884
2025-12-22,경기,수원시 권선구,가격지수,전세,99.5964
2025-12-29,경기,수원시 권선구,가격지수,전세,99.7759
2026-01-05,경기,수원시 권선구,가격지수,전세,99.9157
2026-01-12,경기,수원시 권선구,가격지수,전세,100.0
2026-01-19,경기,수원시 권선구,가격지수,전세,100.1198
2026-01-26,경기,수원시 권선구,가격지수,전세,100.2476
2026-02-02,경기,수원시 권선구,가격지수,전세,100.3217
2026-02-09,경기,수원시 권선구,가격지수,전세,100.4609
2026-02-23,경기,수원시 권선구,가격지수,전세,100.5673
2026-03-02,경기,수원시 권선구,가격지수,전세,100.6423
2026-03-09,경기,수원시 권선구,가격지수,전세,100.9315
2026-03-16,경기,수원시 권선구,가격지수,전세,101.0717
2026-03-23,경기,수원시 권선구,가격지수,전세,101.3259
2026-03-30,경기,수원시 권선구,가격지수,전세,101.5929
2026-04-06,경기,수원시 권선구,가격지수,전세,101.723
2026-04-13,경기,수원시 권선구,가격지수,전세,101.7593
2026-04-20,경기,수원시 권선구,가격지수,전세,101.9478
2026-04-27,경기,수원시 권선구,가격지수,전세,102.1222
2026-05-04,경기,수원시 권선구,가격지수,전세,102.3196
2026-05-11,경기,수원시 권선구,가격지수,전세,102.7606
2026-05-18,경기,수원시 권선구,가격지수,전세,102.9218
2026-05-25,경기,수원시 권선구,가격지수,전세,103.17
2026-06-01,경기,수원시 권선구,가격지수,전세,103.3425
2026-06-08,경기,수원시 권선구,가격지수,전세,103.4939
2026-06-15,경기,수원시 권선구,가격지수,전세,103.9395
2026-06-22,경기,수원시 권선구,가격지수,전세,104.3607
2024-06-24,경기,수원시 영통구,가격지수,전세,92.6098
2024-07-01,경기,수원시 영통구,가격지수,전세,92.7468
2024-07-08,경기,수원시 영통구,가격지수,전세,92.9569
2024-07-15,경기,수원시 영통구,가격지수,전세,93.0772
2024-07-22,경기,수원시 영통구,가격지수,전세,93.2747
2024-07-29,경기,수원시 영통구,가격지수,전세,93.4797
2024-08-05,경기,수원시 영통구,가격지수,전세,93.7071
2024-08-12,경기,수원시 영통구,가격지수,전세,93.8038
2024-08-19,경기,수원시 영통구,가격지수,전세,94.0225
2024-08-26,경기,수원시 영통구,가격지수,전세,94.1559
2024-09-02,경기,수원시 영통구,가격지수,전세,94.2197
2024-09-09,경기,수원시 영통구,가격지수,전세,94.4304
2024-09-23,경기,수원시 영통구,가격지수,전세,94.5755
2024-09-30,경기,수원시 영통구,가격지수,전세,94.6323
2024-10-07,경기,수원시 영통구,가격지수,전세,94.8292
2024-10-14,경기,수원시 영통구,가격지수,전세,95.0744
2024-10-21,경기,수원시 영통구,가격지수,전세,95.3102
2024-10-28,경기,수원시 영통구,가격지수,전세,95.6444
2024-11-04,경기,수원시 영통구,가격지수,전세,95.8489
2024-11-11,경기,수원시 영통구,가격지수,전세,95.9099
2024-11-18,경기,수원시 영통구,가격지수,전세,95.9719
2024-11-25,경기,수원시 영통구,가격지수,전세,96.0317
2024-12-02,경기,수원시 영통구,가격지수,전세,96.0966
2024-12-09,경기,수원시 영통구,가격지수,전세,96.2064
2024-12-16,경기,수원시 영통구,가격지수,전세,96.2556
2024-12-23,경기,수원시 영통구,가격지수,전세,96.3078
2024-12-30,경기,수원시 영통구,가격지수,전세,96.3217
2025-01-06,경기,수원시 영통구,가격지수,전세,96.5201
2025-01-13,경기,수원시 영통구,가격지수,전세,96.5387
2025-01-20,경기,수원시 영통구,가격지수,전세,96.552
2025-02-03,경기,수원시 영통구,가격지수,전세,96.583
2025-02-10,경기,수원시 영통구,가격지수,전세,96.6071
2025-02-17,경기,수원시 영통구,가격지수,전세,96.6547
2025-02-24,경기,수원시 영통구,가격지수,전세,96.6569
2025-03-03,경기,수원시 영통구,가격지수,전세,96.7075
2025-03-10,경기,수원시 영통구,가격지수,전세,96.8004
2025-03-17,경기,수원시 영통구,가격지수,전세,96.8061
2025-03-24,경기,수원시 영통구,가격지수,전세,96.8116
2025-03-31,경기,수원시 영통구,가격지수,전세,96.8169
2025-04-07,경기,수원시 영통구,가격지수,전세,96.9547
2025-04-14,경기,수원시 영통구,가격지수,전세,96.9064
2025-04-21,경기,수원시 영통구,가격지수,전세,96.9091
2025-04-28,경기,수원시 영통구,가격지수,전세,96.9137
2025-05-05,경기,수원시 영통구,가격지수,전세,96.9137
2025-05-12,경기,수원시 영통구,가격지수,전세,96.9447
2025-05-19,경기,수원시 영통구,가격지수,전세,96.969
2025-05-26,경기,수원시 영통구,가격지수,전세,96.9778
2025-06-02,경기,수원시 영통구,가격지수,전세,97.0331
2025-06-09,경기,수원시 영통구,가격지수,전세,97.0663
2025-06-16,경기,수원시 영통구,가격지수,전세,97.1518
2025-06-23,경기,수원시 영통구,가격지수,전세,97.1967
2025-06-30,경기,수원시 영통구,가격지수,전세,97.2055
2025-07-07,경기,수원시 영통구,가격지수,전세,97.315
2025-07-14,경기,수원시 영통구,가격지수,전세,97.3262
2025-07-21,경기,수원시 영통구,가격지수,전세,97.3885
2025-07-28,경기,수원시 영통구,가격지수,전세,97.4646
2025-08-04,경기,수원시 영통구,가격지수,전세,97.5221
2025-08-11,경기,수원시 영통구,가격지수,전세,97.5688
2025-08-18,경기,수원시 영통구,가격지수,전세,97.5946
2025-08-25,경기,수원시 영통구,가격지수,전세,97.6505
2025-09-01,경기,수원시 영통구,가격지수,전세,97.6662
2025-09-08,경기,수원시 영통구,가격지수,전세,97.7342
2025-09-15,경기,수원시 영통구,가격지수,전세,97.8224
2025-09-22,경기,수원시 영통구,가격지수,전세,97.9501
2025-09-29,경기,수원시 영통구,가격지수,전세,98.0222
2025-10-13,경기,수원시 영통구,가격지수,전세,98.1307
2025-10-20,경기,수원시 영통구,가격지수,전세,98.2295
2025-10-27,경기,수원시 영통구,가격지수,전세,98.3236
2025-11-03,경기,수원시 영통구,가격지수,전세,98.4597
2025-11-10,경기,수원시 영통구,가격지수,전세,98.6311
2025-11-17,경기,수원시 영통구,가격지수,전세,98.7492
2025-11-24,경기,수원시 영통구,가격지수,전세,98.7929
2025-12-01,경기,수원시 영통구,가격지수,전세,98.9091
2025-12-08,경기,수원시 영통구,가격지수,전세,99.3455
2025-12-15,경기,수원시 영통구,가격지수,전세,99.636
2025-12-22,경기,수원시 영통구,가격지수,전세,99.7375
2025-12-29,경기,수원시 영통구,가격지수,전세,99.8246
2026-01-05,경기,수원시 영통구,가격지수,전세,99.8914
2026-01-12,경기,수원시 영통구,가격지수,전세,100.0
2026-01-19,경기,수원시 영통구,가격지수,전세,100.3121
2026-01-26,경기,수원시 영통구,가격지수,전세,100.4416
2026-02-02,경기,수원시 영통구,가격지수,전세,100.628
2026-02-09,경기,수원시 영통구,가격지수,전세,100.8973
2026-02-23,경기,수원시 영통구,가격지수,전세,101.3352
2026-03-02,경기,수원시 영통구,가격지수,전세,101.4092
2026-03-09,경기,수원시 영통구,가격지수,전세,101.6736
2026-03-16,경기,수원시 영통구,가격지수,전세,101.8307
2026-03-23,경기,수원시 영통구,가격지수,전세,102.1878
2026-03-30,경기,수원시 영통구,가격지수,전세,102.5528
2026-04-06,경기,수원시 영통구,가격지수,전세,102.8784
2026-04-13,경기,수원시 영통구,가격지수,전세,103.0852
2026-04-20,경기,수원시 영통구,가격지수,전세,103.5618
2026-04-27,경기,수원시 영통구,가격지수,전세,103.666
2026-05-04,경기,수원시 영통구,가격지수,전세,103.7951
2026-05-11,경기,수원시 영통구,가격지수,전세,104.0112
2026-05-18,경기,수원시 영통구,가격지수,전세,104.2762
2026-05-25,경기,수원시 영통구,가격지수,전세,104.4733
2026-06-01,경기,수원시 영통구,가격지수,전세,104.6072
2026-06-08,경기,수원시 영통구,가격지수,전세,104.8231
2026-06-15,경기,수원시 영통구,가격지수,전세,105.0064
2026-06-22,경기,수원시 영통구,가격지수,전세,105.2552
2024-06-24,경기,수원시 장안구,가격지수,전세,90.6456
2024-07-01,경기,수원시 장안구,가격지수,전세,90.8018
2024-07-08,경기,수원시 장안구,가격지수,전세,90.9225
2024-07-15,경기,수원시 장안구,가격지수,전세,91.163
2024-07-22,경기,수원시 장안구,가격지수,전세,91.3725
2024-07-29,경기,수원시 장안구,가격지수,전세,91.5452
2024-08-05,경기,수원시 장안구,가격지수,전세,91.7499
2024-08-12,경기,수원시 장안구,가격지수,전세,91.8196
2024-08-19,경기,수원시 장안구,가격지수,전세,91.8707
2024-08-26,경기,수원시 장안구,가격지수,전세,92.2644
2024-09-02,경기,수원시 장안구,가격지수,전세,92.5464
2024-09-09,경기,수원시 장안구,가격지수,전세,92.7025
2024-09-23,경기,수원시 장안구,가격지수,전세,92.7844
2024-09-30,경기,수원시 장안구,가격지수,전세,92.9548
2024-10-07,경기,수원시 장안구,가격지수,전세,93.2065
2024-10-14,경기,수원시 장안구,가격지수,전세,93.3865
2024-10-21,경기,수원시 장안구,가격지수,전세,93.5441
2024-10-28,경기,수원시 장안구,가격지수,전세,93.7346
2024-11-04,경기,수원시 장안구,가격지수,전세,94.0236
2024-11-11,경기,수원시 장안구,가격지수,전세,94.4024
2024-11-18,경기,수원시 장안구,가격지수,전세,94.8625
2024-11-25,경기,수원시 장안구,가격지수,전세,95.0922
2024-12-02,경기,수원시 장안구,가격지수,전세,95.1907
2024-12-09,경기,수원시 장안구,가격지수,전세,95.305
2024-12-16,경기,수원시 장안구,가격지수,전세,95.3704
2024-12-23,경기,수원시 장안구,가격지수,전세,95.6824
2024-12-30,경기,수원시 장안구,가격지수,전세,95.8064
2025-01-06,경기,수원시 장안구,가격지수,전세,96.17
2025-01-13,경기,수원시 장안구,가격지수,전세,96.2506
2025-01-20,경기,수원시 장안구,가격지수,전세,96.45
2025-02-03,경기,수원시 장안구,가격지수,전세,96.525
2025-02-10,경기,수원시 장안구,가격지수,전세,96.6194
2025-02-17,경기,수원시 장안구,가격지수,전세,96.7534
2025-02-24,경기,수원시 장안구,가격지수,전세,96.7835
2025-03-03,경기,수원시 장안구,가격지수,전세,96.8296
2025-03-10,경기,수원시 장안구,가격지수,전세,96.9621
2025-03-17,경기,수원시 장안구,가격지수,전세,97.0331
2025-03-24,경기,수원시 장안구,가격지수,전세,97.1164
2025-03-31,경기,수원시 장안구,가격지수,전세,97.1805
2025-04-07,경기,수원시 장안구,가격지수,전세,97.2274
2025-04-14,경기,수원시 장안구,가격지수,전세,97.2351
2025-04-21,경기,수원시 장안구,가격지수,전세,97.2628
2025-04-28,경기,수원시 장안구,가격지수,전세,97.2628
2025-05-05,경기,수원시 장안구,가격지수,전세,97.3331
2025-05-12,경기,수원시 장안구,가격지수,전세,97.4597
2025-05-19,경기,수원시 장안구,가격지수,전세,97.4597
2025-05-26,경기,수원시 장안구,가격지수,전세,97.4486
2025-06-02,경기,수원시 장안구,가격지수,전세,97.4538
2025-06-09,경기,수원시 장안구,가격지수,전세,97.4538
2025-06-16,경기,수원시 장안구,가격지수,전세,97.5018
2025-06-23,경기,수원시 장안구,가격지수,전세,97.5306
2025-06-30,경기,수원시 장안구,가격지수,전세,97.5803
2025-07-07,경기,수원시 장안구,가격지수,전세,97.5905
2025-07-14,경기,수원시 장안구,가격지수,전세,97.6311
2025-07-21,경기,수원시 장안구,가격지수,전세,97.7514
2025-07-28,경기,수원시 장안구,가격지수,전세,97.8033
2025-08-04,경기,수원시 장안구,가격지수,전세,97.8075
2025-08-11,경기,수원시 장안구,가격지수,전세,97.8582
2025-08-18,경기,수원시 장안구,가격지수,전세,97.9027
2025-08-25,경기,수원시 장안구,가격지수,전세,97.9394
2025-09-01,경기,수원시 장안구,가격지수,전세,97.9607
2025-09-08,경기,수원시 장안구,가격지수,전세,98.0638
2025-09-15,경기,수원시 장안구,가격지수,전세,98.2434
2025-09-22,경기,수원시 장안구,가격지수,전세,98.31
2025-09-29,경기,수원시 장안구,가격지수,전세,98.3508
2025-10-13,경기,수원시 장안구,가격지수,전세,98.6386
2025-10-20,경기,수원시 장안구,가격지수,전세,98.9086
2025-10-27,경기,수원시 장안구,가격지수,전세,99.0098
2025-11-03,경기,수원시 장안구,가격지수,전세,99.0538
2025-11-10,경기,수원시 장안구,가격지수,전세,99.076
2025-11-17,경기,수원시 장안구,가격지수,전세,99.2156
2025-11-24,경기,수원시 장안구,가격지수,전세,99.3536
2025-12-01,경기,수원시 장안구,가격지수,전세,99.4548
2025-12-08,경기,수원시 장안구,가격지수,전세,99.5711
2025-12-15,경기,수원시 장안구,가격지수,전세,99.6189
2025-12-22,경기,수원시 장안구,가격지수,전세,99.6959
2025-12-29,경기,수원시 장안구,가격지수,전세,99.7285
2026-01-05,경기,수원시 장안구,가격지수,전세,99.8864
2026-01-12,경기,수원시 장안구,가격지수,전세,100.0
2026-01-19,경기,수원시 장안구,가격지수,전세,100.0219
2026-01-26,경기,수원시 장안구,가격지수,전세,100.0999
2026-02-02,경기,수원시 장안구,가격지수,전세,100.1646
2026-02-09,경기,수원시 장안구,가격지수,전세,100.3045
2026-02-23,경기,수원시 장안구,가격지수,전세,100.5453
2026-03-02,경기,수원시 장안구,가격지수,전세,100.659
2026-03-09,경기,수원시 장안구,가격지수,전세,100.9107
2026-03-16,경기,수원시 장안구,가격지수,전세,101.1632
2026-03-23,경기,수원시 장안구,가격지수,전세,101.3136
2026-03-30,경기,수원시 장안구,가격지수,전세,101.4626
2026-04-06,경기,수원시 장안구,가격지수,전세,101.7431
2026-04-13,경기,수원시 장안구,가격지수,전세,101.892
2026-04-20,경기,수원시 장안구,가격지수,전세,102.1875
2026-04-27,경기,수원시 장안구,가격지수,전세,102.3221
2026-05-04,경기,수원시 장안구,가격지수,전세,102.3526
2026-05-11,경기,수원시 장안구,가격지수,전세,102.8545
2026-05-18,경기,수원시 장안구,가격지수,전세,103.0541
2026-05-25,경기,수원시 장안구,가격지수,전세,103.2959
2026-06-01,경기,수원시 장안구,가격지수,전세,103.4574
2026-06-08,경기,수원시 장안구,가격지수,전세,104.0117
2026-06-15,경기,수원시 장안구,가격지수,전세,104.2055
2026-06-22,경기,수원시 장안구,가격지수,전세,104.3074
2024-06-24,경기,수원시 팔달구,가격지수,전세,93.7788
2024-07-01,경기,수원시 팔달구,가격지수,전세,93.8027
2024-07-08,경기,수원시 팔달구,가격지수,전세,93.9579
2024-07-15,경기,수원시 팔달구,가격지수,전세,94.0957
2024-07-22,경기,수원시 팔달구,가격지수,전세,94.1784
2024-07-29,경기,수원시 팔달구,가격지수,전세,94.2938
2024-08-05,경기,수원시 팔달구,가격지수,전세,94.5064
2024-08-12,경기,수원시 팔달구,가격지수,전세,94.6533
2024-08-19,경기,수원시 팔달구,가격지수,전세,94.9015
2024-08-26,경기,수원시 팔달구,가격지수,전세,95.2046
2024-09-02,경기,수원시 팔달구,가격지수,전세,95.5332
2024-09-09,경기,수원시 팔달구,가격지수,전세,95.9079
2024-09-23,경기,수원시 팔달구,가격지수,전세,96.1301
2024-09-30,경기,수원시 팔달구,가격지수,전세,96.195
2024-10-07,경기,수원시 팔달구,가격지수,전세,96.2506
2024-10-14,경기,수원시 팔달구,가격지수,전세,96.3605
2024-10-21,경기,수원시 팔달구,가격지수,전세,96.4656
2024-10-28,경기,수원시 팔달구,가격지수,전세,96.4717
2024-11-04,경기,수원시 팔달구,가격지수,전세,96.5336
2024-11-11,경기,수원시 팔달구,가격지수,전세,96.544
2024-11-18,경기,수원시 팔달구,가격지수,전세,96.603
2024-11-25,경기,수원시 팔달구,가격지수,전세,96.6115
2024-12-02,경기,수원시 팔달구,가격지수,전세,96.6953
2024-12-09,경기,수원시 팔달구,가격지수,전세,96.728
2024-12-16,경기,수원시 팔달구,가격지수,전세,96.7425
2024-12-23,경기,수원시 팔달구,가격지수,전세,96.746
2024-12-30,경기,수원시 팔달구,가격지수,전세,96.7722
2025-01-06,경기,수원시 팔달구,가격지수,전세,96.7462
2025-01-13,경기,수원시 팔달구,가격지수,전세,96.7349
2025-01-20,경기,수원시 팔달구,가격지수,전세,96.935
2025-02-03,경기,수원시 팔달구,가격지수,전세,96.935
2025-02-10,경기,수원시 팔달구,가격지수,전세,97.002
2025-02-17,경기,수원시 팔달구,가격지수,전세,97.0316
2025-02-24,경기,수원시 팔달구,가격지수,전세,97.0316
2025-03-03,경기,수원시 팔달구,가격지수,전세,97.1164
2025-03-10,경기,수원시 팔달구,가격지수,전세,97.1369
2025-03-17,경기,수원시 팔달구,가격지수,전세,97.1357
2025-03-24,경기,수원시 팔달구,가격지수,전세,97.1401
2025-03-31,경기,수원시 팔달구,가격지수,전세,97.13
2025-04-07,경기,수원시 팔달구,가격지수,전세,97.1652
2025-04-14,경기,수원시 팔달구,가격지수,전세,97.1719
2025-04-21,경기,수원시 팔달구,가격지수,전세,97.1722
2025-04-28,경기,수원시 팔달구,가격지수,전세,97.2399
2025-05-05,경기,수원시 팔달구,가격지수,전세,97.2399
2025-05-12,경기,수원시 팔달구,가격지수,전세,97.2421
2025-05-19,경기,수원시 팔달구,가격지수,전세,97.2511
2025-05-26,경기,수원시 팔달구,가격지수,전세,97.3123
2025-06-02,경기,수원시 팔달구,가격지수,전세,97.3123
2025-06-09,경기,수원시 팔달구,가격지수,전세,97.3345
2025-06-16,경기,수원시 팔달구,가격지수,전세,97.3345
2025-06-23,경기,수원시 팔달구,가격지수,전세,97.3401
2025-06-30,경기,수원시 팔달구,가격지수,전세,97.3805
2025-07-07,경기,수원시 팔달구,가격지수,전세,97.4486
2025-07-14,경기,수원시 팔달구,가격지수,전세,97.4665
2025-07-21,경기,수원시 팔달구,가격지수,전세,97.5436
2025-07-28,경기,수원시 팔달구,가격지수,전세,97.6278
2025-08-04,경기,수원시 팔달구,가격지수,전세,97.6783
2025-08-11,경기,수원시 팔달구,가격지수,전세,97.7026
2025-08-18,경기,수원시 팔달구,가격지수,전세,97.7168
2025-08-25,경기,수원시 팔달구,가격지수,전세,97.8649
2025-09-01,경기,수원시 팔달구,가격지수,전세,97.9385
2025-09-08,경기,수원시 팔달구,가격지수,전세,97.9414
2025-09-15,경기,수원시 팔달구,가격지수,전세,97.9681
2025-09-22,경기,수원시 팔달구,가격지수,전세,97.973
2025-09-29,경기,수원시 팔달구,가격지수,전세,98.0544
2025-10-13,경기,수원시 팔달구,가격지수,전세,98.0725
2025-10-20,경기,수원시 팔달구,가격지수,전세,98.3104
2025-10-27,경기,수원시 팔달구,가격지수,전세,98.4015
2025-11-03,경기,수원시 팔달구,가격지수,전세,98.6598
2025-11-10,경기,수원시 팔달구,가격지수,전세,98.727
2025-11-17,경기,수원시 팔달구,가격지수,전세,98.7869
2025-11-24,경기,수원시 팔달구,가격지수,전세,98.9601
2025-12-01,경기,수원시 팔달구,가격지수,전세,99.0424
2025-12-08,경기,수원시 팔달구,가격지수,전세,99.0905
2025-12-15,경기,수원시 팔달구,가격지수,전세,99.3793
2025-12-22,경기,수원시 팔달구,가격지수,전세,99.5429
2025-12-29,경기,수원시 팔달구,가격지수,전세,99.6942
2026-01-05,경기,수원시 팔달구,가격지수,전세,99.7022
2026-01-12,경기,수원시 팔달구,가격지수,전세,100.0
2026-01-19,경기,수원시 팔달구,가격지수,전세,100.1034
2026-01-26,경기,수원시 팔달구,가격지수,전세,100.4107
2026-02-02,경기,수원시 팔달구,가격지수,전세,100.699
2026-02-09,경기,수원시 팔달구,가격지수,전세,100.8225
2026-02-23,경기,수원시 팔달구,가격지수,전세,101.0398
2026-03-02,경기,수원시 팔달구,가격지수,전세,101.3325
2026-03-09,경기,수원시 팔달구,가격지수,전세,101.4558
2026-03-16,경기,수원시 팔달구,가격지수,전세,101.9656
2026-03-23,경기,수원시 팔달구,가격지수,전세,102.4319
2026-03-30,경기,수원시 팔달구,가격지수,전세,102.6405
2026-04-06,경기,수원시 팔달구,가격지수,전세,102.7994
2026-04-13,경기,수원시 팔달구,가격지수,전세,103.2889
2026-04-20,경기,수원시 팔달구,가격지수,전세,103.7044
2026-04-27,경기,수원시 팔달구,가격지수,전세,104.2301
2026-05-04,경기,수원시 팔달구,가격지수,전세,104.3372
2026-05-11,경기,수원시 팔달구,가격지수,전세,104.708
2026-05-18,경기,수원시 팔달구,가격지수,전세,104.7117
2026-05-25,경기,수원시 팔달구,가격지수,전세,104.7524
2026-06-01,경기,수원시 팔달구,가격지수,전세,105.1987
2026-06-08,경기,수원시 팔달구,가격지수,전세,105.6792
2026-06-15,경기,수원시 팔달구,가격지수,전세,106.096
2026-06-22,경기,수원시 팔달구,가격지수,전세,106.1892
2024-06-24,경기,시흥시,가격지수,전세,98.33
2024-07-01,경기,시흥시,가격지수,전세,98.3531
2024-07-08,경기,시흥시,가격지수,전세,98.4172
2024-07-15,경기,시흥시,가격지수,전세,98.4678
2024-07-22,경기,시흥시,가격지수,전세,98.5046
2024-07-29,경기,시흥시,가격지수,전세,98.5769
2024-08-05,경기,시흥시,가격지수,전세,98.6292
2024-08-12,경기,시흥시,가격지수,전세,98.777
2024-08-19,경기,시흥시,가격지수,전세,98.8522
2024-08-26,경기,시흥시,가격지수,전세,98.8936
2024-09-02,경기,시흥시,가격지수,전세,98.9987
2024-09-09,경기,시흥시,가격지수,전세,99.1076
2024-09-23,경기,시흥시,가격지수,전세,99.2008
2024-09-30,경기,시흥시,가격지수,전세,99.2261
2024-10-07,경기,시흥시,가격지수,전세,99.3175
2024-10-14,경기,시흥시,가격지수,전세,99.5561
2024-10-21,경기,시흥시,가격지수,전세,99.5953
2024-10-28,경기,시흥시,가격지수,전세,99.7591
2024-11-04,경기,시흥시,가격지수,전세,99.8117
2024-11-11,경기,시흥시,가격지수,전세,99.9238
2024-11-18,경기,시흥시,가격지수,전세,99.9882
2024-11-25,경기,시흥시,가격지수,전세,100.0764
2024-12-02,경기,시흥시,가격지수,전세,100.1092
2024-12-09,경기,시흥시,가격지수,전세,100.1634
2024-12-16,경기,시흥시,가격지수,전세,100.2163
2024-12-23,경기,시흥시,가격지수,전세,100.2397
2024-12-30,경기,시흥시,가격지수,전세,100.2678
2025-01-06,경기,시흥시,가격지수,전세,100.2928
2025-01-13,경기,시흥시,가격지수,전세,100.3426
2025-01-20,경기,시흥시,가격지수,전세,100.4156
2025-02-03,경기,시흥시,가격지수,전세,100.5063
2025-02-10,경기,시흥시,가격지수,전세,100.5492
2025-02-17,경기,시흥시,가격지수,전세,100.5594
2025-02-24,경기,시흥시,가격지수,전세,100.5746
2025-03-03,경기,시흥시,가격지수,전세,100.6426
2025-03-10,경기,시흥시,가격지수,전세,100.614
2025-03-17,경기,시흥시,가격지수,전세,100.6241
2025-03-24,경기,시흥시,가격지수,전세,100.6572
2025-03-31,경기,시흥시,가격지수,전세,100.6898
2025-04-07,경기,시흥시,가격지수,전세,100.6793
2025-04-14,경기,시흥시,가격지수,전세,100.6693
2025-04-21,경기,시흥시,가격지수,전세,100.706
2025-04-28,경기,시흥시,가격지수,전세,100.7517
2025-05-05,경기,시흥시,가격지수,전세,100.7655
2025-05-12,경기,시흥시,가격지수,전세,100.7724
2025-05-19,경기,시흥시,가격지수,전세,100.7405
2025-05-26,경기,시흥시,가격지수,전세,100.6963
2025-06-02,경기,시흥시,가격지수,전세,100.6939
2025-06-09,경기,시흥시,가격지수,전세,100.7032
2025-06-16,경기,시흥시,가격지수,전세,100.7222
2025-06-23,경기,시흥시,가격지수,전세,100.7252
2025-06-30,경기,시흥시,가격지수,전세,100.7197
2025-07-07,경기,시흥시,가격지수,전세,100.7177
2025-07-14,경기,시흥시,가격지수,전세,100.7158
2025-07-21,경기,시흥시,가격지수,전세,100.7252
2025-07-28,경기,시흥시,가격지수,전세,100.7524
2025-08-04,경기,시흥시,가격지수,전세,100.7395
2025-08-11,경기,시흥시,가격지수,전세,100.737
2025-08-18,경기,시흥시,가격지수,전세,100.7259
2025-08-25,경기,시흥시,가격지수,전세,100.6984
2025-09-01,경기,시흥시,가격지수,전세,100.6617
2025-09-08,경기,시흥시,가격지수,전세,100.6064
2025-09-15,경기,시흥시,가격지수,전세,100.5698
2025-09-22,경기,시흥시,가격지수,전세,100.4289
2025-09-29,경기,시흥시,가격지수,전세,100.3402
2025-10-13,경기,시흥시,가격지수,전세,100.2854
2025-10-20,경기,시흥시,가격지수,전세,100.2764
2025-10-27,경기,시흥시,가격지수,전세,100.2283
2025-11-03,경기,시흥시,가격지수,전세,100.2136
2025-11-10,경기,시흥시,가격지수,전세,100.1899
2025-11-17,경기,시흥시,가격지수,전세,100.154
2025-11-24,경기,시흥시,가격지수,전세,100.1411
2025-12-01,경기,시흥시,가격지수,전세,100.1155
2025-12-08,경기,시흥시,가격지수,전세,100.1155
2025-12-15,경기,시흥시,가격지수,전세,100.0884
2025-12-22,경기,시흥시,가격지수,전세,100.0754
2025-12-29,경기,시흥시,가격지수,전세,100.0531
2026-01-05,경기,시흥시,가격지수,전세,100.0072
2026-01-12,경기,시흥시,가격지수,전세,100.0
2026-01-19,경기,시흥시,가격지수,전세,100.0145
2026-01-26,경기,시흥시,가격지수,전세,100.0415
2026-02-02,경기,시흥시,가격지수,전세,100.0522
2026-02-09,경기,시흥시,가격지수,전세,100.0576
2026-02-23,경기,시흥시,가격지수,전세,100.1127
2026-03-02,경기,시흥시,가격지수,전세,100.1646
2026-03-09,경기,시흥시,가격지수,전세,100.2518
2026-03-16,경기,시흥시,가격지수,전세,100.3236
2026-03-23,경기,시흥시,가격지수,전세,100.3665
2026-03-30,경기,시흥시,가격지수,전세,100.3848
2026-04-06,경기,시흥시,가격지수,전세,100.4566
2026-04-13,경기,시흥시,가격지수,전세,100.4914
2026-04-20,경기,시흥시,가격지수,전세,100.609
2026-04-27,경기,시흥시,가격지수,전세,100.6959
2026-05-04,경기,시흥시,가격지수,전세,100.7226
2026-05-11,경기,시흥시,가격지수,전세,100.7695
2026-05-18,경기,시흥시,가격지수,전세,100.8587
2026-05-25,경기,시흥시,가격지수,전세,100.9249
2026-06-01,경기,시흥시,가격지수,전세,100.9371
2026-06-08,경기,시흥시,가격지수,전세,101.0752
2026-06-15,경기,시흥시,가격지수,전세,101.1833
2026-06-22,경기,시흥시,가격지수,전세,101.2816
2024-06-24,경기,안산시,가격지수,전세,95.5552
2024-07-01,경기,안산시,가격지수,전세,95.5888
2024-07-08,경기,안산시,가격지수,전세,95.6704
2024-07-15,경기,안산시,가격지수,전세,95.8052
2024-07-22,경기,안산시,가격지수,전세,95.9423
2024-07-29,경기,안산시,가격지수,전세,96.1162
2024-08-05,경기,안산시,가격지수,전세,96.2749
2024-08-12,경기,안산시,가격지수,전세,96.3846
2024-08-19,경기,안산시,가격지수,전세,96.5965
2024-08-26,경기,안산시,가격지수,전세,96.8281
2024-09-02,경기,안산시,가격지수,전세,96.9483
2024-09-09,경기,안산시,가격지수,전세,96.9975
2024-09-23,경기,안산시,가격지수,전세,97.1342
2024-09-30,경기,안산시,가격지수,전세,97.2591
2024-10-07,경기,안산시,가격지수,전세,97.5056
2024-10-14,경기,안산시,가격지수,전세,97.6909
2024-10-21,경기,안산시,가격지수,전세,97.8512
2024-10-28,경기,안산시,가격지수,전세,97.9655
2024-11-04,경기,안산시,가격지수,전세,98.0856
2024-11-11,경기,안산시,가격지수,전세,98.1687
2024-11-18,경기,안산시,가격지수,전세,98.2851
2024-11-25,경기,안산시,가격지수,전세,98.6355
2024-12-02,경기,안산시,가격지수,전세,98.6788
2024-12-09,경기,안산시,가격지수,전세,98.7897
2024-12-16,경기,안산시,가격지수,전세,98.9016
2024-12-23,경기,안산시,가격지수,전세,98.9333
2024-12-30,경기,안산시,가격지수,전세,98.9937
2025-01-06,경기,안산시,가격지수,전세,99.0337
2025-01-13,경기,안산시,가격지수,전세,99.0371
2025-01-20,경기,안산시,가격지수,전세,99.1014
2025-02-03,경기,안산시,가격지수,전세,99.1496
2025-02-10,경기,안산시,가격지수,전세,99.1553
2025-02-17,경기,안산시,가격지수,전세,99.1931
2025-02-24,경기,안산시,가격지수,전세,99.2432
2025-03-03,경기,안산시,가격지수,전세,99.2646
2025-03-10,경기,안산시,가격지수,전세,99.2872
2025-03-17,경기,안산시,가격지수,전세,99.3032
2025-03-24,경기,안산시,가격지수,전세,99.3174
2025-03-31,경기,안산시,가격지수,전세,99.352
2025-04-07,경기,안산시,가격지수,전세,99.3222
2025-04-14,경기,안산시,가격지수,전세,99.3705
2025-04-21,경기,안산시,가격지수,전세,99.3697
2025-04-28,경기,안산시,가격지수,전세,99.3725
2025-05-05,경기,안산시,가격지수,전세,99.3728
2025-05-12,경기,안산시,가격지수,전세,99.3463
2025-05-19,경기,안산시,가격지수,전세,99.3452
2025-05-26,경기,안산시,가격지수,전세,99.3205
2025-06-02,경기,안산시,가격지수,전세,99.2966
2025-06-09,경기,안산시,가격지수,전세,99.2897
2025-06-16,경기,안산시,가격지수,전세,99.2935
2025-06-23,경기,안산시,가격지수,전세,99.2782
2025-06-30,경기,안산시,가격지수,전세,99.2793
2025-07-07,경기,안산시,가격지수,전세,99.2677
2025-07-14,경기,안산시,가격지수,전세,99.2316
2025-07-21,경기,안산시,가격지수,전세,99.1783
2025-07-28,경기,안산시,가격지수,전세,99.1197
2025-08-04,경기,안산시,가격지수,전세,99.1101
2025-08-11,경기,안산시,가격지수,전세,99.0745
2025-08-18,경기,안산시,가격지수,전세,99.0879
2025-08-25,경기,안산시,가격지수,전세,99.0669
2025-09-01,경기,안산시,가격지수,전세,99.0622
2025-09-08,경기,안산시,가격지수,전세,99.0657
2025-09-15,경기,안산시,가격지수,전세,99.0486
2025-09-22,경기,안산시,가격지수,전세,99.0551
2025-09-29,경기,안산시,가격지수,전세,99.0564
2025-10-13,경기,안산시,가격지수,전세,99.1396
2025-10-20,경기,안산시,가격지수,전세,99.2462
2025-10-27,경기,안산시,가격지수,전세,99.2629
2025-11-03,경기,안산시,가격지수,전세,99.2814
2025-11-10,경기,안산시,가격지수,전세,99.3369
2025-11-17,경기,안산시,가격지수,전세,99.4727
2025-11-24,경기,안산시,가격지수,전세,99.5453
2025-12-01,경기,안산시,가격지수,전세,99.6502
2025-12-08,경기,안산시,가격지수,전세,99.8512
2025-12-15,경기,안산시,가격지수,전세,99.8854
2025-12-22,경기,안산시,가격지수,전세,99.9228
2025-12-29,경기,안산시,가격지수,전세,99.9848
2026-01-05,경기,안산시,가격지수,전세,99.9974
2026-01-12,경기,안산시,가격지수,전세,100.0
2026-01-19,경기,안산시,가격지수,전세,100.1937
2026-01-26,경기,안산시,가격지수,전세,100.2534
2026-02-02,경기,안산시,가격지수,전세,100.3162
2026-02-09,경기,안산시,가격지수,전세,100.3536
2026-02-23,경기,안산시,가격지수,전세,100.4025
2026-03-02,경기,안산시,가격지수,전세,100.4869
2026-03-09,경기,안산시,가격지수,전세,100.6084
2026-03-16,경기,안산시,가격지수,전세,100.6756
2026-03-23,경기,안산시,가격지수,전세,100.728
2026-03-30,경기,안산시,가격지수,전세,100.8182
2026-04-06,경기,안산시,가격지수,전세,100.9261
2026-04-13,경기,안산시,가격지수,전세,101.0476
2026-04-20,경기,안산시,가격지수,전세,101.1418
2026-04-27,경기,안산시,가격지수,전세,101.2197
2026-05-04,경기,안산시,가격지수,전세,101.4186
2026-05-11,경기,안산시,가격지수,전세,101.5065
2026-05-18,경기,안산시,가격지수,전세,101.5358
2026-05-25,경기,안산시,가격지수,전세,101.5802
2026-06-01,경기,안산시,가격지수,전세,101.6466
2026-06-08,경기,안산시,가격지수,전세,101.751
2026-06-15,경기,안산시,가격지수,전세,102.0001
2026-06-22,경기,안산시,가격지수,전세,102.0345
2024-06-24,경기,안산시 단원구,가격지수,전세,95.4692
2024-07-01,경기,안산시 단원구,가격지수,전세,95.5296
2024-07-08,경기,안산시 단원구,가격지수,전세,95.5578
2024-07-15,경기,안산시 단원구,가격지수,전세,95.6555
2024-07-22,경기,안산시 단원구,가격지수,전세,95.7975
2024-07-29,경기,안산시 단원구,가격지수,전세,96.0564
2024-08-05,경기,안산시 단원구,가격지수,전세,96.1598
2024-08-12,경기,안산시 단원구,가격지수,전세,96.2951
2024-08-19,경기,안산시 단원구,가격지수,전세,96.6264
2024-08-26,경기,안산시 단원구,가격지수,전세,97.0068
2024-09-02,경기,안산시 단원구,가격지수,전세,97.079
2024-09-09,경기,안산시 단원구,가격지수,전세,97.1016
2024-09-23,경기,안산시 단원구,가격지수,전세,97.2949
2024-09-30,경기,안산시 단원구,가격지수,전세,97.4941
2024-10-07,경기,안산시 단원구,가격지수,전세,97.7573
2024-10-14,경기,안산시 단원구,가격지수,전세,97.9369
2024-10-21,경기,안산시 단원구,가격지수,전세,98.0203
2024-10-28,경기,안산시 단원구,가격지수,전세,98.1315
2024-11-04,경기,안산시 단원구,가격지수,전세,98.211
2024-11-11,경기,안산시 단원구,가격지수,전세,98.2287
2024-11-18,경기,안산시 단원구,가격지수,전세,98.3285
2024-11-25,경기,안산시 단원구,가격지수,전세,98.6187
2024-12-02,경기,안산시 단원구,가격지수,전세,98.6819
2024-12-09,경기,안산시 단원구,가격지수,전세,98.7261
2024-12-16,경기,안산시 단원구,가격지수,전세,98.8644
2024-12-23,경기,안산시 단원구,가격지수,전세,98.8586
2024-12-30,경기,안산시 단원구,가격지수,전세,98.9275
2025-01-06,경기,안산시 단원구,가격지수,전세,99.0064
2025-01-13,경기,안산시 단원구,가격지수,전세,99.008
2025-01-20,경기,안산시 단원구,가격지수,전세,99.0897
2025-02-03,경기,안산시 단원구,가격지수,전세,99.127
2025-02-10,경기,안산시 단원구,가격지수,전세,99.1368
2025-02-17,경기,안산시 단원구,가격지수,전세,99.1372
2025-02-24,경기,안산시 단원구,가격지수,전세,99.2266
2025-03-03,경기,안산시 단원구,가격지수,전세,99.264
2025-03-10,경기,안산시 단원구,가격지수,전세,99.2911
2025-03-17,경기,안산시 단원구,가격지수,전세,99.3056
2025-03-24,경기,안산시 단원구,가격지수,전세,99.2992
2025-03-31,경기,안산시 단원구,가격지수,전세,99.3459
2025-04-07,경기,안산시 단원구,가격지수,전세,99.3845
2025-04-14,경기,안산시 단원구,가격지수,전세,99.536
2025-04-21,경기,안산시 단원구,가격지수,전세,99.5405
2025-04-28,경기,안산시 단원구,가격지수,전세,99.5632
2025-05-05,경기,안산시 단원구,가격지수,전세,99.5637
2025-05-12,경기,안산시 단원구,가격지수,전세,99.5744
2025-05-19,경기,안산시 단원구,가격지수,전세,99.5964
2025-05-26,경기,안산시 단원구,가격지수,전세,99.5614
2025-06-02,경기,안산시 단원구,가격지수,전세,99.5252
2025-06-09,경기,안산시 단원구,가격지수,전세,99.5261
2025-06-16,경기,안산시 단원구,가격지수,전세,99.5407
2025-06-23,경기,안산시 단원구,가격지수,전세,99.5213
2025-06-30,경기,안산시 단원구,가격지수,전세,99.5229
2025-07-07,경기,안산시 단원구,가격지수,전세,99.4948
2025-07-14,경기,안산시 단원구,가격지수,전세,99.431
2025-07-21,경기,안산시 단원구,가격지수,전세,99.3392
2025-07-28,경기,안산시 단원구,가격지수,전세,99.2531
2025-08-04,경기,안산시 단원구,가격지수,전세,99.2382
2025-08-11,경기,안산시 단원구,가격지수,전세,99.1868
2025-08-18,경기,안산시 단원구,가격지수,전세,99.1954
2025-08-25,경기,안산시 단원구,가격지수,전세,99.1819
2025-09-01,경기,안산시 단원구,가격지수,전세,99.1768
2025-09-08,경기,안산시 단원구,가격지수,전세,99.1822
2025-09-15,경기,안산시 단원구,가격지수,전세,99.1625
2025-09-22,경기,안산시 단원구,가격지수,전세,99.1573
2025-09-29,경기,안산시 단원구,가격지수,전세,99.1726
2025-10-13,경기,안산시 단원구,가격지수,전세,99.3134
2025-10-20,경기,안산시 단원구,가격지수,전세,99.4875
2025-10-27,경기,안산시 단원구,가격지수,전세,99.5241
2025-11-03,경기,안산시 단원구,가격지수,전세,99.5523
2025-11-10,경기,안산시 단원구,가격지수,전세,99.5572
2025-11-17,경기,안산시 단원구,가격지수,전세,99.6224
2025-11-24,경기,안산시 단원구,가격지수,전세,99.6387
2025-12-01,경기,안산시 단원구,가격지수,전세,99.677
2025-12-08,경기,안산시 단원구,가격지수,전세,99.8488
2025-12-15,경기,안산시 단원구,가격지수,전세,99.8566
2025-12-22,경기,안산시 단원구,가격지수,전세,99.8965
2025-12-29,경기,안산시 단원구,가격지수,전세,99.9738
2026-01-05,경기,안산시 단원구,가격지수,전세,99.9955
2026-01-12,경기,안산시 단원구,가격지수,전세,100.0
2026-01-19,경기,안산시 단원구,가격지수,전세,100.2393
2026-01-26,경기,안산시 단원구,가격지수,전세,100.3103
2026-02-02,경기,안산시 단원구,가격지수,전세,100.3881
2026-02-09,경기,안산시 단원구,가격지수,전세,100.4188
2026-02-23,경기,안산시 단원구,가격지수,전세,100.4658
2026-03-02,경기,안산시 단원구,가격지수,전세,100.6036
2026-03-09,경기,안산시 단원구,가격지수,전세,100.7703
2026-03-16,경기,안산시 단원구,가격지수,전세,100.839
2026-03-23,경기,안산시 단원구,가격지수,전세,100.9226
2026-03-30,경기,안산시 단원구,가격지수,전세,101.025
2026-04-06,경기,안산시 단원구,가격지수,전세,101.1272
2026-04-13,경기,안산시 단원구,가격지수,전세,101.2932
2026-04-20,경기,안산시 단원구,가격지수,전세,101.4249
2026-04-27,경기,안산시 단원구,가격지수,전세,101.5473
2026-05-04,경기,안산시 단원구,가격지수,전세,101.7219
2026-05-11,경기,안산시 단원구,가격지수,전세,101.8473
2026-05-18,경기,안산시 단원구,가격지수,전세,101.861
2026-05-25,경기,안산시 단원구,가격지수,전세,101.9056
2026-06-01,경기,안산시 단원구,가격지수,전세,101.9763
2026-06-08,경기,안산시 단원구,가격지수,전세,102.1005
2026-06-15,경기,안산시 단원구,가격지수,전세,102.3835
2026-06-22,경기,안산시 단원구,가격지수,전세,102.3954
2024-06-24,경기,안산시 상록구,가격지수,전세,95.671
2024-07-01,경기,안산시 상록구,가격지수,전세,95.6687
2024-07-08,경기,안산시 상록구,가격지수,전세,95.8219
2024-07-15,경기,안산시 상록구,가격지수,전세,96.0065
2024-07-22,경기,안산시 상록구,가격지수,전세,96.1373
2024-07-29,경기,안산시 상록구,가격지수,전세,96.1967
2024-08-05,경기,안산시 상록구,가격지수,전세,96.4297
2024-08-12,경기,안산시 상록구,가격지수,전세,96.5052
2024-08-19,경기,안산시 상록구,가격지수,전세,96.5564
2024-08-26,경기,안산시 상록구,가격지수,전세,96.5889
2024-09-02,경기,안산시 상록구,가격지수,전세,96.7731
2024-09-09,경기,안산시 상록구,가격지수,전세,96.8581
2024-09-23,경기,안산시 상록구,가격지수,전세,96.9188
2024-09-30,경기,안산시 상록구,가격지수,전세,96.9442
2024-10-07,경기,안산시 상록구,가격지수,전세,97.1683
2024-10-14,경기,안산시 상록구,가격지수,전세,97.3613
2024-10-21,경기,안산시 상록구,가격지수,전세,97.625
2024-10-28,경기,안산시 상록구,가격지수,전세,97.7435
2024-11-04,경기,안산시 상록구,가격지수,전세,97.9183
2024-11-11,경기,안산시 상록구,가격지수,전세,98.0897
2024-11-18,경기,안산시 상록구,가격지수,전세,98.2284
2024-11-25,경기,안산시 상록구,가격지수,전세,98.6599
2024-12-02,경기,안산시 상록구,가격지수,전세,98.6763
2024-12-09,경기,안산시 상록구,가격지수,전세,98.8767
2024-12-16,경기,안산시 상록구,가격지수,전세,98.9531
2024-12-23,경기,안산시 상록구,가격지수,전세,99.035
2024-12-30,경기,안산시 상록구,가격지수,전세,99.084
2025-01-06,경기,안산시 상록구,가격지수,전세,99.0719
2025-01-13,경기,안산시 상록구,가격지수,전세,99.0778
2025-01-20,경기,안산시 상록구,가격지수,전세,99.1186
2025-02-03,경기,안산시 상록구,가격지수,전세,99.1816
2025-02-10,경기,안산시 상록구,가격지수,전세,99.1816
2025-02-17,경기,안산시 상록구,가격지수,전세,99.2708
2025-02-24,경기,안산시 상록구,가격지수,전세,99.2662
2025-03-03,경기,안산시 상록구,가격지수,전세,99.2656
2025-03-10,경기,안산시 상록구,가격지수,전세,99.2819
2025-03-17,경기,안산시 상록구,가격지수,전세,99.3
2025-03-24,경기,안산시 상록구,가격지수,전세,99.3427
2025-03-31,경기,안산시 상록구,가격지수,전세,99.3607
2025-04-07,경기,안산시 상록구,가격지수,전세,99.2359
2025-04-14,경기,안산시 상록구,가격지수,전세,99.1413
2025-04-21,경기,안산시 상록구,가격지수,전세,99.1331
2025-04-28,경기,안산시 상록구,가격지수,전세,99.1086
2025-05-05,경기,안산시 상록구,가격지수,전세,99.1086
2025-05-12,경기,안산시 상록구,가격지수,전세,99.0306
2025-05-19,경기,안산시 상록구,가격지수,전세,98.9978
2025-05-26,경기,안산시 상록구,가격지수,전세,98.9874
2025-06-02,경기,안산시 상록구,가격지수,전세,98.9804
2025-06-09,경기,안산시 상록구,가격지수,전세,98.9625
2025-06-16,경기,안산시 상록구,가격지수,전세,98.9514
2025-06-23,경기,안산시 상록구,가격지수,전세,98.9419
2025-06-30,경기,안산시 상록구,가격지수,전세,98.9424
2025-07-07,경기,안산시 상록구,가격지수,전세,98.9534
2025-07-14,경기,안산시 상록구,가격지수,전세,98.9557
2025-07-21,경기,안산시 상록구,가격지수,전세,98.9557
2025-07-28,경기,안산시 상록구,가격지수,전세,98.935
2025-08-04,경기,안산시 상록구,가격지수,전세,98.9327
2025-08-11,경기,안산시 상록구,가격지수,전세,98.919
2025-08-18,경기,안산시 상록구,가격지수,전세,98.9392
2025-08-25,경기,안산시 상록구,가격지수,전세,98.9077
2025-09-01,경기,안산시 상록구,가격지수,전세,98.9036
2025-09-08,경기,안산시 상록구,가격지수,전세,98.9045
2025-09-15,경기,안산시 상록구,가격지수,전세,98.8909
2025-09-22,경기,안산시 상록구,가격지수,전세,98.9136
2025-09-29,경기,안산시 상록구,가격지수,전세,98.8955
2025-10-13,경기,안산시 상록구,가격지수,전세,98.899
2025-10-20,경기,안산시 상록구,가격지수,전세,98.9121
2025-10-27,경기,안산시 상록구,가격지수,전세,98.9014
2025-11-03,경기,안산시 상록구,가격지수,전세,98.9063
2025-11-10,경기,안산시 상록구,가격지수,전세,99.0318
2025-11-17,경기,안산시 상록구,가격지수,전세,99.2652
2025-11-24,경기,안산시 상록구,가격지수,전세,99.4158
2025-12-01,경기,안산시 상록구,가격지수,전세,99.613
2025-12-08,경기,안산시 상록구,가격지수,전세,99.8544
2025-12-15,경기,안산시 상록구,가격지수,전세,99.9254
2025-12-22,경기,안산시 상록구,가격지수,전세,99.9592
2025-12-29,경기,안산시 상록구,가격지수,전세,100.0
2026-01-05,경기,안산시 상록구,가격지수,전세,100.0
2026-01-12,경기,안산시 상록구,가격지수,전세,100.0
2026-01-19,경기,안산시 상록구,가격지수,전세,100.1303
2026-01-26,경기,안산시 상록구,가격지수,전세,100.1743
2026-02-02,경기,안산시 상록구,가격지수,전세,100.2163
2026-02-09,경기,안산시 상록구,가격지수,전세,100.263
2026-02-23,경기,안산시 상록구,가격지수,전세,100.3146
2026-03-02,경기,안산시 상록구,가격지수,전세,100.3248
2026-03-09,경기,안산시 상록구,가격지수,전세,100.3836
2026-03-16,경기,안산시 상록구,가격지수,전세,100.449
2026-03-23,경기,안산시 상록구,가격지수,전세,100.458
2026-03-30,경기,안산시 상록구,가격지수,전세,100.5313
2026-04-06,경기,안산시 상록구,가격지수,전세,100.6471
2026-04-13,경기,안산시 상록구,가격지수,전세,100.7067
2026-04-20,경기,안산시 상록구,가격지수,전세,100.7487
2026-04-27,경기,안산시 상록구,가격지수,전세,100.765
2026-05-04,경기,안산시 상록구,가격지수,전세,100.9975
2026-05-11,경기,안산시 상록구,가격지수,전세,101.0333
2026-05-18,경기,안산시 상록구,가격지수,전세,101.0844
2026-05-25,경기,안산시 상록구,가격지수,전세,101.1284
2026-06-01,경기,안산시 상록구,가격지수,전세,101.1888
2026-06-08,경기,안산시 상록구,가격지수,전세,101.2659
2026-06-15,경기,안산시 상록구,가격지수,전세,101.4679
2026-06-22,경기,안산시 상록구,가격지수,전세,101.5334
2024-06-24,경기,안성시,가격지수,전세,105.9617
2024-07-01,경기,안성시,가격지수,전세,105.7843
2024-07-08,경기,안성시,가격지수,전세,105.6761
2024-07-15,경기,안성시,가격지수,전세,105.6338
2024-07-22,경기,안성시,가격지수,전세,105.534
2024-07-29,경기,안성시,가격지수,전세,105.3142
2024-08-05,경기,안성시,가격지수,전세,105.2605
2024-08-12,경기,안성시,가격지수,전세,105.1529
2024-08-19,경기,안성시,가격지수,전세,105.0346
2024-08-26,경기,안성시,가격지수,전세,104.8763
2024-09-02,경기,안성시,가격지수,전세,104.809
2024-09-09,경기,안성시,가격지수,전세,104.6594
2024-09-23,경기,안성시,가격지수,전세,104.5964
2024-09-30,경기,안성시,가격지수,전세,104.299
2024-10-07,경기,안성시,가격지수,전세,104.0899
2024-10-14,경기,안성시,가격지수,전세,103.9959
2024-10-21,경기,안성시,가격지수,전세,103.853
2024-10-28,경기,안성시,가격지수,전세,103.7353
2024-11-04,경기,안성시,가격지수,전세,103.6492
2024-11-11,경기,안성시,가격지수,전세,103.2579
2024-11-18,경기,안성시,가격지수,전세,103.1747
2024-11-25,경기,안성시,가격지수,전세,103.0018
2024-12-02,경기,안성시,가격지수,전세,102.9901
2024-12-09,경기,안성시,가격지수,전세,102.8476
2024-12-16,경기,안성시,가격지수,전세,102.7673
2024-12-23,경기,안성시,가격지수,전세,102.7646
2024-12-30,경기,안성시,가격지수,전세,102.7287
2025-01-06,경기,안성시,가격지수,전세,102.5455
2025-01-13,경기,안성시,가격지수,전세,102.2873
2025-01-20,경기,안성시,가격지수,전세,102.1996
2025-02-03,경기,안성시,가격지수,전세,101.8695
2025-02-10,경기,안성시,가격지수,전세,101.8015
2025-02-17,경기,안성시,가격지수,전세,101.8015
2025-02-24,경기,안성시,가격지수,전세,101.6736
2025-03-03,경기,안성시,가격지수,전세,101.3642
2025-03-10,경기,안성시,가격지수,전세,101.3343
2025-03-17,경기,안성시,가격지수,전세,101.2916
2025-03-24,경기,안성시,가격지수,전세,101.2572
2025-03-31,경기,안성시,가격지수,전세,101.2379
2025-04-07,경기,안성시,가격지수,전세,101.2379
2025-04-14,경기,안성시,가격지수,전세,101.1645
2025-04-21,경기,안성시,가격지수,전세,101.1609
2025-04-28,경기,안성시,가격지수,전세,101.094
2025-05-05,경기,안성시,가격지수,전세,101.094
2025-05-12,경기,안성시,가격지수,전세,100.8834
2025-05-19,경기,안성시,가격지수,전세,100.8355
2025-05-26,경기,안성시,가격지수,전세,100.8355
2025-06-02,경기,안성시,가격지수,전세,100.7609
2025-06-09,경기,안성시,가격지수,전세,100.7401
2025-06-16,경기,안성시,가격지수,전세,100.7108
2025-06-23,경기,안성시,가격지수,전세,100.6923
2025-06-30,경기,안성시,가격지수,전세,100.5983
2025-07-07,경기,안성시,가격지수,전세,100.6393
2025-07-14,경기,안성시,가격지수,전세,100.5604
2025-07-21,경기,안성시,가격지수,전세,100.5156
2025-07-28,경기,안성시,가격지수,전세,100.4445
2025-08-04,경기,안성시,가격지수,전세,100.4449
2025-08-11,경기,안성시,가격지수,전세,100.3547
2025-08-18,경기,안성시,가격지수,전세,100.3303
2025-08-25,경기,안성시,가격지수,전세,100.3654
2025-09-01,경기,안성시,가격지수,전세,100.3794
2025-09-08,경기,안성시,가격지수,전세,100.3216
2025-09-15,경기,안성시,가격지수,전세,100.3258
2025-09-22,경기,안성시,가격지수,전세,100.2533
2025-09-29,경기,안성시,가격지수,전세,100.2091
2025-10-13,경기,안성시,가격지수,전세,100.1606
2025-10-20,경기,안성시,가격지수,전세,100.2022
2025-10-27,경기,안성시,가격지수,전세,100.1941
2025-11-03,경기,안성시,가격지수,전세,100.1941
2025-11-10,경기,안성시,가격지수,전세,100.0252
2025-11-17,경기,안성시,가격지수,전세,99.9882
2025-11-24,경기,안성시,가격지수,전세,99.8423
2025-12-01,경기,안성시,가격지수,전세,99.8465
2025-12-08,경기,안성시,가격지수,전세,99.8851
2025-12-15,경기,안성시,가격지수,전세,99.9249
2025-12-22,경기,안성시,가격지수,전세,99.9503
2025-12-29,경기,안성시,가격지수,전세,99.9901
2026-01-05,경기,안성시,가격지수,전세,100.0
2026-01-12,경기,안성시,가격지수,전세,100.0
2026-01-19,경기,안성시,가격지수,전세,100.0
2026-01-26,경기,안성시,가격지수,전세,100.0702
2026-02-02,경기,안성시,가격지수,전세,100.2665
2026-02-09,경기,안성시,가격지수,전세,100.348
2026-02-23,경기,안성시,가격지수,전세,100.4102
2026-03-02,경기,안성시,가격지수,전세,100.4102
2026-03-09,경기,안성시,가격지수,전세,100.4102
2026-03-16,경기,안성시,가격지수,전세,100.5143
2026-03-23,경기,안성시,가격지수,전세,100.5497
2026-03-30,경기,안성시,가격지수,전세,100.5713
2026-04-06,경기,안성시,가격지수,전세,100.8204
2026-04-13,경기,안성시,가격지수,전세,101.0641
2026-04-20,경기,안성시,가격지수,전세,101.2162
2026-04-27,경기,안성시,가격지수,전세,101.2409
2026-05-04,경기,안성시,가격지수,전세,101.3072
2026-05-11,경기,안성시,가격지수,전세,101.3915
2026-05-18,경기,안성시,가격지수,전세,101.4232
2026-05-25,경기,안성시,가격지수,전세,101.4232
2026-06-01,경기,안성시,가격지수,전세,101.4758
2026-06-08,경기,안성시,가격지수,전세,101.8518
2026-06-15,경기,안성시,가격지수,전세,101.9287
2026-06-22,경기,안성시,가격지수,전세,101.9603
2024-06-24,경기,안양시,가격지수,전세,93.9557
2024-07-01,경기,안양시,가격지수,전세,93.9962
2024-07-08,경기,안양시,가격지수,전세,94.0548
2024-07-15,경기,안양시,가격지수,전세,94.0726
2024-07-22,경기,안양시,가격지수,전세,94.1082
2024-07-29,경기,안양시,가격지수,전세,94.1323
2024-08-05,경기,안양시,가격지수,전세,94.1997
2024-08-12,경기,안양시,가격지수,전세,94.2048
2024-08-19,경기,안양시,가격지수,전세,94.2405
2024-08-26,경기,안양시,가격지수,전세,94.3039
2024-09-02,경기,안양시,가격지수,전세,94.3572
2024-09-09,경기,안양시,가격지수,전세,94.3647
2024-09-23,경기,안양시,가격지수,전세,94.397
2024-09-30,경기,안양시,가격지수,전세,94.4115
2024-10-07,경기,안양시,가격지수,전세,94.4261
2024-10-14,경기,안양시,가격지수,전세,94.4474
2024-10-21,경기,안양시,가격지수,전세,94.4603
2024-10-28,경기,안양시,가격지수,전세,94.4527
2024-11-04,경기,안양시,가격지수,전세,94.442
2024-11-11,경기,안양시,가격지수,전세,94.4173
2024-11-18,경기,안양시,가격지수,전세,94.4205
2024-11-25,경기,안양시,가격지수,전세,94.3749
2024-12-02,경기,안양시,가격지수,전세,94.3093
2024-12-09,경기,안양시,가격지수,전세,94.3349
2024-12-16,경기,안양시,가격지수,전세,94.3101
2024-12-23,경기,안양시,가격지수,전세,94.2875
2024-12-30,경기,안양시,가격지수,전세,94.2633
2025-01-06,경기,안양시,가격지수,전세,94.1682
2025-01-13,경기,안양시,가격지수,전세,94.0273
2025-01-20,경기,안양시,가격지수,전세,93.9908
2025-02-03,경기,안양시,가격지수,전세,93.9469
2025-02-10,경기,안양시,가격지수,전세,93.8678
2025-02-17,경기,안양시,가격지수,전세,93.8439
2025-02-24,경기,안양시,가격지수,전세,93.8235
2025-03-03,경기,안양시,가격지수,전세,93.7504
2025-03-10,경기,안양시,가격지수,전세,93.7487
2025-03-17,경기,안양시,가격지수,전세,93.7948
2025-03-24,경기,안양시,가격지수,전세,93.8657
2025-03-31,경기,안양시,가격지수,전세,93.8757
2025-04-07,경기,안양시,가격지수,전세,93.8919
2025-04-14,경기,안양시,가격지수,전세,93.9683
2025-04-21,경기,안양시,가격지수,전세,94.0379
2025-04-28,경기,안양시,가격지수,전세,94.1206
2025-05-05,경기,안양시,가격지수,전세,94.1745
2025-05-12,경기,안양시,가격지수,전세,94.3048
2025-05-19,경기,안양시,가격지수,전세,94.4916
2025-05-26,경기,안양시,가격지수,전세,94.6507
2025-06-02,경기,안양시,가격지수,전세,94.7541
2025-06-09,경기,안양시,가격지수,전세,95.0671
2025-06-16,경기,안양시,가격지수,전세,95.2888
2025-06-23,경기,안양시,가격지수,전세,95.5431
2025-06-30,경기,안양시,가격지수,전세,95.7369
2025-07-07,경기,안양시,가격지수,전세,95.9136
2025-07-14,경기,안양시,가격지수,전세,95.9582
2025-07-21,경기,안양시,가격지수,전세,96.0759
2025-07-28,경기,안양시,가격지수,전세,96.2188
2025-08-04,경기,안양시,가격지수,전세,96.2667
2025-08-11,경기,안양시,가격지수,전세,96.3505
2025-08-18,경기,안양시,가격지수,전세,96.3834
2025-08-25,경기,안양시,가격지수,전세,96.4804
2025-09-01,경기,안양시,가격지수,전세,96.6262
2025-09-08,경기,안양시,가격지수,전세,96.6493
2025-09-15,경기,안양시,가격지수,전세,96.6512
2025-09-22,경기,안양시,가격지수,전세,96.7656
2025-09-29,경기,안양시,가격지수,전세,96.8904
2025-10-13,경기,안양시,가격지수,전세,97.0396
2025-10-20,경기,안양시,가격지수,전세,97.1384
2025-10-27,경기,안양시,가격지수,전세,97.2026
2025-11-03,경기,안양시,가격지수,전세,97.3664
2025-11-10,경기,안양시,가격지수,전세,97.5492
2025-11-17,경기,안양시,가격지수,전세,97.7599
2025-11-24,경기,안양시,가격지수,전세,98.0372
2025-12-01,경기,안양시,가격지수,전세,98.2347
2025-12-08,경기,안양시,가격지수,전세,98.548
2025-12-15,경기,안양시,가격지수,전세,98.7033
2025-12-22,경기,안양시,가격지수,전세,98.8111
2025-12-29,경기,안양시,가격지수,전세,99.0712
2026-01-05,경기,안양시,가격지수,전세,99.5099
2026-01-12,경기,안양시,가격지수,전세,100.0
2026-01-19,경기,안양시,가격지수,전세,100.4152
2026-01-26,경기,안양시,가격지수,전세,100.7803
2026-02-02,경기,안양시,가격지수,전세,100.9438
2026-02-09,경기,안양시,가격지수,전세,101.2335
2026-02-23,경기,안양시,가격지수,전세,101.4202
2026-03-02,경기,안양시,가격지수,전세,101.697
2026-03-09,경기,안양시,가격지수,전세,101.9264
2026-03-16,경기,안양시,가격지수,전세,102.1751
2026-03-23,경기,안양시,가격지수,전세,102.4574
2026-03-30,경기,안양시,가격지수,전세,102.781
2026-04-06,경기,안양시,가격지수,전세,103.042
2026-04-13,경기,안양시,가격지수,전세,103.3185
2026-04-20,경기,안양시,가격지수,전세,103.6375
2026-04-27,경기,안양시,가격지수,전세,103.8691
2026-05-04,경기,안양시,가격지수,전세,104.0094
2026-05-11,경기,안양시,가격지수,전세,104.2262
2026-05-18,경기,안양시,가격지수,전세,104.5996
2026-05-25,경기,안양시,가격지수,전세,104.9005
2026-06-01,경기,안양시,가격지수,전세,105.1592
2026-06-08,경기,안양시,가격지수,전세,105.4763
2026-06-15,경기,안양시,가격지수,전세,105.7786
2026-06-22,경기,안양시,가격지수,전세,106.147
2024-06-24,경기,안양시 동안구,가격지수,전세,92.2679
2024-07-01,경기,안양시 동안구,가격지수,전세,92.3264
2024-07-08,경기,안양시 동안구,가격지수,전세,92.416
2024-07-15,경기,안양시 동안구,가격지수,전세,92.4396
2024-07-22,경기,안양시 동안구,가격지수,전세,92.4749
2024-07-29,경기,안양시 동안구,가격지수,전세,92.4891
2024-08-05,경기,안양시 동안구,가격지수,전세,92.5289
2024-08-12,경기,안양시 동안구,가격지수,전세,92.5339
2024-08-19,경기,안양시 동안구,가격지수,전세,92.5741
2024-08-26,경기,안양시 동안구,가격지수,전세,92.6584
2024-09-02,경기,안양시 동안구,가격지수,전세,92.7264
2024-09-09,경기,안양시 동안구,가격지수,전세,92.7229
2024-09-23,경기,안양시 동안구,가격지수,전세,92.7659
2024-09-30,경기,안양시 동안구,가격지수,전세,92.7711
2024-10-07,경기,안양시 동안구,가격지수,전세,92.7876
2024-10-14,경기,안양시 동안구,가격지수,전세,92.8081
2024-10-21,경기,안양시 동안구,가격지수,전세,92.8312
2024-10-28,경기,안양시 동안구,가격지수,전세,92.8591
2024-11-04,경기,안양시 동안구,가격지수,전세,92.8679
2024-11-11,경기,안양시 동안구,가격지수,전세,92.8508
2024-11-18,경기,안양시 동안구,가격지수,전세,92.905
2024-11-25,경기,안양시 동안구,가격지수,전세,92.9047
2024-12-02,경기,안양시 동안구,가격지수,전세,92.875
2024-12-09,경기,안양시 동안구,가격지수,전세,92.929
2024-12-16,경기,안양시 동안구,가격지수,전세,92.9344
2024-12-23,경기,안양시 동안구,가격지수,전세,92.9734
2024-12-30,경기,안양시 동안구,가격지수,전세,92.9857
2025-01-06,경기,안양시 동안구,가격지수,전세,92.8835
2025-01-13,경기,안양시 동안구,가격지수,전세,92.7559
2025-01-20,경기,안양시 동안구,가격지수,전세,92.7565
2025-02-03,경기,안양시 동안구,가격지수,전세,92.7162
2025-02-10,경기,안양시 동안구,가격지수,전세,92.6981
2025-02-17,경기,안양시 동안구,가격지수,전세,92.6726
2025-02-24,경기,안양시 동안구,가격지수,전세,92.681
2025-03-03,경기,안양시 동안구,가격지수,전세,92.7427
2025-03-10,경기,안양시 동안구,가격지수,전세,92.7953
2025-03-17,경기,안양시 동안구,가격지수,전세,92.8701
2025-03-24,경기,안양시 동안구,가격지수,전세,92.9905
2025-03-31,경기,안양시 동안구,가격지수,전세,93.0092
2025-04-07,경기,안양시 동안구,가격지수,전세,93.045
2025-04-14,경기,안양시 동안구,가격지수,전세,93.0925
2025-04-21,경기,안양시 동안구,가격지수,전세,93.1551
2025-04-28,경기,안양시 동안구,가격지수,전세,93.1871
2025-05-05,경기,안양시 동안구,가격지수,전세,93.267
2025-05-12,경기,안양시 동안구,가격지수,전세,93.432
2025-05-19,경기,안양시 동안구,가격지수,전세,93.6693
2025-05-26,경기,안양시 동안구,가격지수,전세,93.88
2025-06-02,경기,안양시 동안구,가격지수,전세,94.0012
2025-06-09,경기,안양시 동안구,가격지수,전세,94.3966
2025-06-16,경기,안양시 동안구,가격지수,전세,94.6327
2025-06-23,경기,안양시 동안구,가격지수,전세,95.0058
2025-06-30,경기,안양시 동안구,가격지수,전세,95.2026
2025-07-07,경기,안양시 동안구,가격지수,전세,95.3657
2025-07-14,경기,안양시 동안구,가격지수,전세,95.4056
2025-07-21,경기,안양시 동안구,가격지수,전세,95.5269
2025-07-28,경기,안양시 동안구,가격지수,전세,95.7168
2025-08-04,경기,안양시 동안구,가격지수,전세,95.7457
2025-08-11,경기,안양시 동안구,가격지수,전세,95.8688
2025-08-18,경기,안양시 동안구,가격지수,전세,95.9038
2025-08-25,경기,안양시 동안구,가격지수,전세,95.9765
2025-09-01,경기,안양시 동안구,가격지수,전세,96.1174
2025-09-08,경기,안양시 동안구,가격지수,전세,96.1514
2025-09-15,경기,안양시 동안구,가격지수,전세,96.1543
2025-09-22,경기,안양시 동안구,가격지수,전세,96.2975
2025-09-29,경기,안양시 동안구,가격지수,전세,96.4018
2025-10-13,경기,안양시 동안구,가격지수,전세,96.5477
2025-10-20,경기,안양시 동안구,가격지수,전세,96.6281
2025-10-27,경기,안양시 동안구,가격지수,전세,96.7129
2025-11-03,경기,안양시 동안구,가격지수,전세,96.9167
2025-11-10,경기,안양시 동안구,가격지수,전세,97.0998
2025-11-17,경기,안양시 동안구,가격지수,전세,97.3891
2025-11-24,경기,안양시 동안구,가격지수,전세,97.7513
2025-12-01,경기,안양시 동안구,가격지수,전세,98.002
2025-12-08,경기,안양시 동안구,가격지수,전세,98.2865
2025-12-15,경기,안양시 동안구,가격지수,전세,98.4964
2025-12-22,경기,안양시 동안구,가격지수,전세,98.5852
2025-12-29,경기,안양시 동안구,가격지수,전세,98.896
2026-01-05,경기,안양시 동안구,가격지수,전세,99.4419
2026-01-12,경기,안양시 동안구,가격지수,전세,100.0
2026-01-19,경기,안양시 동안구,가격지수,전세,100.5139
2026-01-26,경기,안양시 동안구,가격지수,전세,101.0039
2026-02-02,경기,안양시 동안구,가격지수,전세,101.2307
2026-02-09,경기,안양시 동안구,가격지수,전세,101.5961
2026-02-23,경기,안양시 동안구,가격지수,전세,101.8237
2026-03-02,경기,안양시 동안구,가격지수,전세,102.0052
2026-03-09,경기,안양시 동안구,가격지수,전세,102.3029
2026-03-16,경기,안양시 동안구,가격지수,전세,102.622
2026-03-23,경기,안양시 동안구,가격지수,전세,103.0112
2026-03-30,경기,안양시 동안구,가격지수,전세,103.2799
2026-04-06,경기,안양시 동안구,가격지수,전세,103.5125
2026-04-13,경기,안양시 동안구,가격지수,전세,103.8197
2026-04-20,경기,안양시 동안구,가격지수,전세,104.1808
2026-04-27,경기,안양시 동안구,가격지수,전세,104.4885
2026-05-04,경기,안양시 동안구,가격지수,전세,104.6177
2026-05-11,경기,안양시 동안구,가격지수,전세,104.8695
2026-05-18,경기,안양시 동안구,가격지수,전세,105.2878
2026-05-25,경기,안양시 동안구,가격지수,전세,105.7004
2026-06-01,경기,안양시 동안구,가격지수,전세,105.9792
2026-06-08,경기,안양시 동안구,가격지수,전세,106.3612
2026-06-15,경기,안양시 동안구,가격지수,전세,106.7467
2026-06-22,경기,안양시 동안구,가격지수,전세,107.0912
2024-06-24,경기,안양시 만안구,가격지수,전세,97.5882
2024-07-01,경기,안양시 만안구,가격지수,전세,97.5882
2024-07-08,경기,안양시 만안구,가격지수,전세,97.5777
2024-07-15,경기,안양시 만안구,가격지수,전세,97.5827
2024-07-22,경기,안양시 만안구,가격지수,전세,97.6189
2024-07-29,경기,안양시 만안구,가격지수,전세,97.665
2024-08-05,경기,안양시 만안구,가격지수,전세,97.7938
2024-08-12,경기,안양시 만안구,가격지수,전세,97.7992
2024-08-19,경기,안양시 만안구,가격지수,전세,97.8246
2024-08-26,경기,안양시 만안구,가격지수,전세,97.8412
2024-09-02,경기,안양시 만안구,가격지수,전세,97.8616
2024-09-09,경기,안양시 만안구,가격지수,전세,97.8937
2024-09-23,경기,안양시 만안구,가격지수,전세,97.902
2024-09-30,경기,안양시 만안구,가격지수,전세,97.9373
2024-10-07,경기,안양시 만안구,가격지수,전세,97.9475
2024-10-14,경기,안양시 만안구,가격지수,전세,97.9705
2024-10-21,경기,안양시 만안구,가격지수,전세,97.9609
2024-10-28,경기,안양시 만안구,가격지수,전세,97.8745
2024-11-04,경기,안양시 만안구,가격지수,전세,97.8204
2024-11-11,경기,안양시 만안구,가격지수,전세,97.7787
2024-11-18,경기,안양시 만안구,가격지수,전세,97.6682
2024-11-25,경기,안양시 만안구,가격지수,전세,97.5223
2024-12-02,경기,안양시 만안구,가격지수,전세,97.3774
2024-12-09,경기,안양시 만안구,가격지수,전세,97.3401
2024-12-16,경기,안양시 만안구,가격지수,전세,97.2484
2024-12-23,경기,안양시 만안구,가격지수,전세,97.0931
2024-12-30,경기,안양시 만안구,가격지수,전세,96.99
2025-01-06,경기,안양시 만안구,가격지수,전세,96.9103
2025-01-13,경기,안양시 만안구,가격지수,전세,96.7408
2025-01-20,경기,안양시 만안구,가격지수,전세,96.6246
2025-02-03,경기,안양시 만안구,가격지수,전세,96.5728
2025-02-10,경기,안양시 만안구,가격지수,전세,96.3624
2025-02-17,경기,안양시 만안구,가격지수,전세,96.3419
2025-02-24,경기,안양시 만안구,가격지수,전세,96.2596
2025-03-03,경기,안양시 만안구,가격지수,전세,95.8961
2025-03-10,경기,안양시 만안구,가격지수,전세,95.7768
2025-03-17,경기,안양시 만안구,가격지수,전세,95.7599
2025-03-24,경기,안양시 만안구,가격지수,전세,95.7235
2025-03-31,경기,안양시 만안구,가격지수,전세,95.7149
2025-04-07,경기,안양시 만안구,가격지수,전세,95.6896
2025-04-14,경기,안양시 만안구,가격지수,전세,95.8283
2025-04-21,경기,안양시 만안구,가격지수,전세,95.9128
2025-04-28,경기,안양시 만안구,가격지수,전세,96.1056
2025-05-05,경기,안양시 만안구,가격지수,전세,96.1028
2025-05-12,경기,안양시 만안구,가격지수,전세,96.158
2025-05-19,경기,안양시 만안구,가격지수,전세,96.2355
2025-05-26,경기,안양시 만안구,가격지수,전세,96.2835
2025-06-02,경기,안양시 만안구,가격지수,전세,96.3486
2025-06-09,경기,안양시 만안구,가격지수,전세,96.4845
2025-06-16,경기,안양시 만안구,가격지수,전세,96.6752
2025-06-23,경기,안양시 만안구,가격지수,전세,96.6752
2025-06-30,경기,안양시 만안구,가격지수,전세,96.8628
2025-07-07,경기,안양시 만안구,가격지수,전세,97.0683
2025-07-14,경기,안양시 만안구,가격지수,전세,97.1228
2025-07-21,경기,안양시 만안구,가격지수,전세,97.2328
2025-07-28,경기,안양시 만안구,가격지수,전세,97.2756
2025-08-04,경기,안양시 만안구,가격지수,전세,97.3639
2025-08-11,경기,안양시 만안구,가격지수,전세,97.3639
2025-08-18,경기,안양시 만안구,가격지수,전세,97.3924
2025-08-25,경기,안양시 만안구,가격지수,전세,97.5408
2025-09-01,경기,안양시 만안구,가격지수,전세,97.6969
2025-09-08,경기,안양시 만안구,가격지수,전세,97.6969
2025-09-15,경기,안양시 만안구,가격지수,전세,97.6969
2025-09-22,경기,안양시 만안구,가격지수,전세,97.7504
2025-09-29,경기,안양시 만안구,가격지수,전세,97.9185
2025-10-13,경기,안양시 만안구,가격지수,전세,98.0745
2025-10-20,경기,안양시 만안구,가격지수,전세,98.2122
2025-10-27,경기,안양시 만안구,가격지수,전세,98.2331
2025-11-03,경기,안양시 만안구,가격지수,전세,98.312
2025-11-10,경기,안양시 만안구,가격지수,전세,98.4943
2025-11-17,경기,안양시 만안구,가격지수,전세,98.5385
2025-11-24,경기,안양시 만안구,가격지수,전세,98.6368
2025-12-01,경기,안양시 만안구,가격지수,전세,98.7222
2025-12-08,경기,안양시 만안구,가격지수,전세,99.0961
2025-12-15,경기,안양시 만안구,가격지수,전세,99.1368
2025-12-22,경기,안양시 만안구,가격지수,전세,99.2845
2025-12-29,경기,안양시 만안구,가격지수,전세,99.438
2026-01-05,경기,안양시 만안구,가격지수,전세,99.6518
2026-01-12,경기,안양시 만안구,가격지수,전세,100.0
2026-01-19,경기,안양시 만안구,가격지수,전세,100.2094
2026-01-26,경기,안양시 만안구,가격지수,전세,100.3148
2026-02-02,경기,안양시 만안구,가격지수,전세,100.3473
2026-02-09,경기,안양시 만안구,가격지수,전세,100.4805
2026-02-23,경기,안양시 만안구,가격지수,전세,100.5826
2026-03-02,경기,안양시 만안구,가격지수,전세,101.0558
2026-03-09,경기,안양시 만안구,가격지수,전세,101.1439
2026-03-16,경기,안양시 만안구,가격지수,전세,101.2476
2026-03-23,경기,안양시 만안구,가격지수,전세,101.3098
2026-03-30,경기,안양시 만안구,가격지수,전세,101.746
2026-04-06,경기,안양시 만안구,가격지수,전세,102.0653
2026-04-13,경기,안양시 만안구,가격지수,전세,102.2786
2026-04-20,경기,안양시 만안구,가격지수,전세,102.5112
2026-04-27,경기,안양시 만안구,가격지수,전세,102.5866
2026-05-04,경기,안양시 만안구,가격지수,전세,102.7498
2026-05-11,경기,안양시 만안구,가격지수,전세,102.8949
2026-05-18,경기,안양시 만안구,가격지수,전세,103.1769
2026-05-25,경기,안양시 만안구,가격지수,전세,103.2507
2026-06-01,경기,안양시 만안구,가격지수,전세,103.4688
2026-06-08,경기,안양시 만안구,가격지수,전세,103.6541
2026-06-15,경기,안양시 만안구,가격지수,전세,103.7882
2026-06-22,경기,안양시 만안구,가격지수,전세,104.2047
2024-06-24,경기,양주시,가격지수,전세,90.8073
2024-07-01,경기,양주시,가격지수,전세,90.8682
2024-07-08,경기,양주시,가격지수,전세,90.9086
2024-07-15,경기,양주시,가격지수,전세,90.9891
2024-07-22,경기,양주시,가격지수,전세,91.0508
2024-07-29,경기,양주시,가격지수,전세,91.1098
2024-08-05,경기,양주시,가격지수,전세,91.1982
2024-08-12,경기,양주시,가격지수,전세,91.2844
2024-08-19,경기,양주시,가격지수,전세,91.3279
2024-08-26,경기,양주시,가격지수,전세,91.5054
2024-09-02,경기,양주시,가격지수,전세,91.5032
2024-09-09,경기,양주시,가격지수,전세,91.7364
2024-09-23,경기,양주시,가격지수,전세,91.7686
2024-09-30,경기,양주시,가격지수,전세,92.012
2024-10-07,경기,양주시,가격지수,전세,92.2841
2024-10-14,경기,양주시,가격지수,전세,92.5787
2024-10-21,경기,양주시,가격지수,전세,92.7933
2024-10-28,경기,양주시,가격지수,전세,93.3065
2024-11-04,경기,양주시,가격지수,전세,93.7898
2024-11-11,경기,양주시,가격지수,전세,93.8729
2024-11-18,경기,양주시,가격지수,전세,93.9894
2024-11-25,경기,양주시,가격지수,전세,94.3935
2024-12-02,경기,양주시,가격지수,전세,94.5599
2024-12-09,경기,양주시,가격지수,전세,94.6382
2024-12-16,경기,양주시,가격지수,전세,94.6646
2024-12-23,경기,양주시,가격지수,전세,94.8127
2024-12-30,경기,양주시,가격지수,전세,94.9791
2025-01-06,경기,양주시,가격지수,전세,95.2368
2025-01-13,경기,양주시,가격지수,전세,95.4049
2025-01-20,경기,양주시,가격지수,전세,95.681
2025-02-03,경기,양주시,가격지수,전세,95.7501
2025-02-10,경기,양주시,가격지수,전세,95.9168
2025-02-17,경기,양주시,가격지수,전세,95.9168
2025-02-24,경기,양주시,가격지수,전세,95.9376
2025-03-03,경기,양주시,가격지수,전세,96.0604
2025-03-10,경기,양주시,가격지수,전세,96.0589
2025-03-17,경기,양주시,가격지수,전세,96.1496
2025-03-24,경기,양주시,가격지수,전세,96.2258
2025-03-31,경기,양주시,가격지수,전세,96.2093
2025-04-07,경기,양주시,가격지수,전세,96.5256
2025-04-14,경기,양주시,가격지수,전세,96.7067
2025-04-21,경기,양주시,가격지수,전세,96.893
2025-04-28,경기,양주시,가격지수,전세,96.9735
2025-05-05,경기,양주시,가격지수,전세,97.0075
2025-05-12,경기,양주시,가격지수,전세,97.0197
2025-05-19,경기,양주시,가격지수,전세,97.0515
2025-05-26,경기,양주시,가격지수,전세,97.1585
2025-06-02,경기,양주시,가격지수,전세,97.3201
2025-06-09,경기,양주시,가격지수,전세,97.3488
2025-06-16,경기,양주시,가격지수,전세,97.4372
2025-06-23,경기,양주시,가격지수,전세,97.7524
2025-06-30,경기,양주시,가격지수,전세,98.0086
2025-07-07,경기,양주시,가격지수,전세,98.1565
2025-07-14,경기,양주시,가격지수,전세,98.1698
2025-07-21,경기,양주시,가격지수,전세,98.1782
2025-07-28,경기,양주시,가격지수,전세,98.0618
2025-08-04,경기,양주시,가격지수,전세,97.9916
2025-08-11,경기,양주시,가격지수,전세,97.9686
2025-08-18,경기,양주시,가격지수,전세,97.9594
2025-08-25,경기,양주시,가격지수,전세,97.9545
2025-09-01,경기,양주시,가격지수,전세,97.9665
2025-09-08,경기,양주시,가격지수,전세,97.9697
2025-09-15,경기,양주시,가격지수,전세,97.9988
2025-09-22,경기,양주시,가격지수,전세,98.1723
2025-09-29,경기,양주시,가격지수,전세,98.3728
2025-10-13,경기,양주시,가격지수,전세,98.4825
2025-10-20,경기,양주시,가격지수,전세,98.65
2025-10-27,경기,양주시,가격지수,전세,98.8614
2025-11-03,경기,양주시,가격지수,전세,99.1144
2025-11-10,경기,양주시,가격지수,전세,99.1551
2025-11-17,경기,양주시,가격지수,전세,99.2625
2025-11-24,경기,양주시,가격지수,전세,99.2751
2025-12-01,경기,양주시,가격지수,전세,99.3451
2025-12-08,경기,양주시,가격지수,전세,99.3818
2025-12-15,경기,양주시,가격지수,전세,99.488
2025-12-22,경기,양주시,가격지수,전세,99.5234
2025-12-29,경기,양주시,가격지수,전세,99.7551
2026-01-05,경기,양주시,가격지수,전세,99.8415
2026-01-12,경기,양주시,가격지수,전세,100.0
2026-01-19,경기,양주시,가격지수,전세,100.2185
2026-01-26,경기,양주시,가격지수,전세,100.3012
2026-02-02,경기,양주시,가격지수,전세,100.448
2026-02-09,경기,양주시,가격지수,전세,101.1199
2026-02-23,경기,양주시,가격지수,전세,101.3488
2026-03-02,경기,양주시,가격지수,전세,101.7129
2026-03-09,경기,양주시,가격지수,전세,102.0536
2026-03-16,경기,양주시,가격지수,전세,102.2737
2026-03-23,경기,양주시,가격지수,전세,102.5232
2026-03-30,경기,양주시,가격지수,전세,102.6749
2026-04-06,경기,양주시,가격지수,전세,102.7211
2026-04-13,경기,양주시,가격지수,전세,103.3801
2026-04-20,경기,양주시,가격지수,전세,103.4842
2026-04-27,경기,양주시,가격지수,전세,103.6365
2026-05-04,경기,양주시,가격지수,전세,103.726
2026-05-11,경기,양주시,가격지수,전세,103.8752
2026-05-18,경기,양주시,가격지수,전세,104.0513
2026-05-25,경기,양주시,가격지수,전세,104.4839
2026-06-01,경기,양주시,가격지수,전세,104.6955
2026-06-08,경기,양주시,가격지수,전세,105.0923
2026-06-15,경기,양주시,가격지수,전세,105.2913
2026-06-22,경기,양주시,가격지수,전세,105.5121
2024-06-24,경기,양평군,가격지수,전세,92.628
2024-07-01,경기,양평군,가격지수,전세,92.628
2024-07-08,경기,양평군,가격지수,전세,92.628
2024-07-15,경기,양평군,가격지수,전세,92.5453
2024-07-22,경기,양평군,가격지수,전세,92.4
2024-07-29,경기,양평군,가격지수,전세,92.2366
2024-08-05,경기,양평군,가격지수,전세,92.1605
2024-08-12,경기,양평군,가격지수,전세,92.1668
2024-08-19,경기,양평군,가격지수,전세,91.794
2024-08-26,경기,양평군,가격지수,전세,91.9473
2024-09-02,경기,양평군,가격지수,전세,91.989
2024-09-09,경기,양평군,가격지수,전세,91.989
2024-09-23,경기,양평군,가격지수,전세,92.638
2024-09-30,경기,양평군,가격지수,전세,92.7438
2024-10-07,경기,양평군,가격지수,전세,92.9336
2024-10-14,경기,양평군,가격지수,전세,93.0037
2024-10-21,경기,양평군,가격지수,전세,93.282
2024-10-28,경기,양평군,가격지수,전세,93.4167
2024-11-04,경기,양평군,가격지수,전세,94.268
2024-11-11,경기,양평군,가격지수,전세,94.6017
2024-11-18,경기,양평군,가격지수,전세,94.7459
2024-11-25,경기,양평군,가격지수,전세,94.7459
2024-12-02,경기,양평군,가격지수,전세,94.8372
2024-12-09,경기,양평군,가격지수,전세,94.9148
2024-12-16,경기,양평군,가격지수,전세,95.2159
2024-12-23,경기,양평군,가격지수,전세,95.2159
2024-12-30,경기,양평군,가격지수,전세,95.2159
2025-01-06,경기,양평군,가격지수,전세,95.2473
2025-01-13,경기,양평군,가격지수,전세,95.2521
2025-01-20,경기,양평군,가격지수,전세,95.2521
2025-02-03,경기,양평군,가격지수,전세,95.7252
2025-02-10,경기,양평군,가격지수,전세,95.709
2025-02-17,경기,양평군,가격지수,전세,95.9352
2025-02-24,경기,양평군,가격지수,전세,95.9121
2025-03-03,경기,양평군,가격지수,전세,95.9504
2025-03-10,경기,양평군,가격지수,전세,95.9504
2025-03-17,경기,양평군,가격지수,전세,96.1578
2025-03-24,경기,양평군,가격지수,전세,96.1763
2025-03-31,경기,양평군,가격지수,전세,96.243
2025-04-07,경기,양평군,가격지수,전세,96.243
2025-04-14,경기,양평군,가격지수,전세,96.243
2025-04-21,경기,양평군,가격지수,전세,96.243
2025-04-28,경기,양평군,가격지수,전세,96.243
2025-05-05,경기,양평군,가격지수,전세,96.243
2025-05-12,경기,양평군,가격지수,전세,96.243
2025-05-19,경기,양평군,가격지수,전세,96.6644
2025-05-26,경기,양평군,가격지수,전세,97.0228
2025-06-02,경기,양평군,가격지수,전세,97.0929
2025-06-09,경기,양평군,가격지수,전세,97.0929
2025-06-16,경기,양평군,가격지수,전세,97.0532
2025-06-23,경기,양평군,가격지수,전세,96.9641
2025-06-30,경기,양평군,가격지수,전세,96.9641
2025-07-07,경기,양평군,가격지수,전세,97.2485
2025-07-14,경기,양평군,가격지수,전세,97.2951
2025-07-21,경기,양평군,가격지수,전세,97.2969
2025-07-28,경기,양평군,가격지수,전세,97.3198
2025-08-04,경기,양평군,가격지수,전세,97.3237
2025-08-11,경기,양평군,가격지수,전세,97.3842
2025-08-18,경기,양평군,가격지수,전세,97.4773
2025-08-25,경기,양평군,가격지수,전세,97.4773
2025-09-01,경기,양평군,가격지수,전세,97.6411
2025-09-08,경기,양평군,가격지수,전세,97.7565
2025-09-15,경기,양평군,가격지수,전세,97.7565
2025-09-22,경기,양평군,가격지수,전세,97.7565
2025-09-29,경기,양평군,가격지수,전세,98.5951
2025-10-13,경기,양평군,가격지수,전세,98.9855
2025-10-20,경기,양평군,가격지수,전세,98.9855
2025-10-27,경기,양평군,가격지수,전세,99.1823
2025-11-03,경기,양평군,가격지수,전세,99.5652
2025-11-10,경기,양평군,가격지수,전세,99.5652
2025-11-17,경기,양평군,가격지수,전세,100.1515
2025-11-24,경기,양평군,가격지수,전세,100.2224
2025-12-01,경기,양평군,가격지수,전세,100.1615
2025-12-08,경기,양평군,가격지수,전세,100.1615
2025-12-15,경기,양평군,가격지수,전세,100.1615
2025-12-22,경기,양평군,가격지수,전세,100.2131
2025-12-29,경기,양평군,가격지수,전세,100.0
2026-01-05,경기,양평군,가격지수,전세,100.0
2026-01-12,경기,양평군,가격지수,전세,100.0
2026-01-19,경기,양평군,가격지수,전세,100.0221
2026-01-26,경기,양평군,가격지수,전세,100.0221
2026-02-02,경기,양평군,가격지수,전세,100.1528
2026-02-09,경기,양평군,가격지수,전세,100.1528
2026-02-23,경기,양평군,가격지수,전세,100.1608
2026-03-02,경기,양평군,가격지수,전세,100.17
2026-03-09,경기,양평군,가격지수,전세,100.6297
2026-03-16,경기,양평군,가격지수,전세,100.6297
2026-03-23,경기,양평군,가격지수,전세,100.6838
2026-03-30,경기,양평군,가격지수,전세,100.7071
2026-04-06,경기,양평군,가격지수,전세,100.7904
2026-04-13,경기,양평군,가격지수,전세,100.7904
2026-04-20,경기,양평군,가격지수,전세,100.9127
2026-04-27,경기,양평군,가격지수,전세,101.0944
2026-05-04,경기,양평군,가격지수,전세,101.0944
2026-05-11,경기,양평군,가격지수,전세,101.1215
2026-05-18,경기,양평군,가격지수,전세,101.2634
2026-05-25,경기,양평군,가격지수,전세,101.4093
2026-06-01,경기,양평군,가격지수,전세,101.4969
2026-06-08,경기,양평군,가격지수,전세,101.4969
2026-06-15,경기,양평군,가격지수,전세,101.5479
2026-06-22,경기,양평군,가격지수,전세,101.5675
2024-06-24,경기,여주시,가격지수,전세,101.1908
2024-07-01,경기,여주시,가격지수,전세,101.1618
2024-07-08,경기,여주시,가격지수,전세,100.8309
2024-07-15,경기,여주시,가격지수,전세,100.8309
2024-07-22,경기,여주시,가격지수,전세,100.8309
2024-07-29,경기,여주시,가격지수,전세,100.8309
2024-08-05,경기,여주시,가격지수,전세,100.8309
2024-08-12,경기,여주시,가격지수,전세,100.9113
2024-08-19,경기,여주시,가격지수,전세,100.9113
2024-08-26,경기,여주시,가격지수,전세,100.9113
2024-09-02,경기,여주시,가격지수,전세,100.9113
2024-09-09,경기,여주시,가격지수,전세,100.9113
2024-09-23,경기,여주시,가격지수,전세,100.9113
2024-09-30,경기,여주시,가격지수,전세,100.9113
2024-10-07,경기,여주시,가격지수,전세,100.9773
2024-10-14,경기,여주시,가격지수,전세,101.0626
2024-10-21,경기,여주시,가격지수,전세,101.0626
2024-10-28,경기,여주시,가격지수,전세,100.8649
2024-11-04,경기,여주시,가격지수,전세,100.7963
2024-11-11,경기,여주시,가격지수,전세,100.7963
2024-11-18,경기,여주시,가격지수,전세,100.3376
2024-11-25,경기,여주시,가격지수,전세,100.3376
2024-12-02,경기,여주시,가격지수,전세,100.4281
2024-12-09,경기,여주시,가격지수,전세,100.2333
2024-12-16,경기,여주시,가격지수,전세,100.1382
2024-12-23,경기,여주시,가격지수,전세,100.1484
2024-12-30,경기,여주시,가격지수,전세,100.1484
2025-01-06,경기,여주시,가격지수,전세,100.1678
2025-01-13,경기,여주시,가격지수,전세,99.9268
2025-01-20,경기,여주시,가격지수,전세,100.0461
2025-02-03,경기,여주시,가격지수,전세,100.0461
2025-02-10,경기,여주시,가격지수,전세,100.0461
2025-02-17,경기,여주시,가격지수,전세,99.7411
2025-02-24,경기,여주시,가격지수,전세,99.7119
2025-03-03,경기,여주시,가격지수,전세,99.7119
2025-03-10,경기,여주시,가격지수,전세,99.7119
2025-03-17,경기,여주시,가격지수,전세,99.6821
2025-03-24,경기,여주시,가격지수,전세,99.6821
2025-03-31,경기,여주시,가격지수,전세,99.6821
2025-04-07,경기,여주시,가격지수,전세,99.8142
2025-04-14,경기,여주시,가격지수,전세,99.2472
2025-04-21,경기,여주시,가격지수,전세,99.2126
2025-04-28,경기,여주시,가격지수,전세,99.2256
2025-05-05,경기,여주시,가격지수,전세,99.2726
2025-05-12,경기,여주시,가격지수,전세,99.3503
2025-05-19,경기,여주시,가격지수,전세,99.3503
2025-05-26,경기,여주시,가격지수,전세,99.3883
2025-06-02,경기,여주시,가격지수,전세,99.5542
2025-06-09,경기,여주시,가격지수,전세,99.5542
2025-06-16,경기,여주시,가격지수,전세,99.5667
2025-06-23,경기,여주시,가격지수,전세,99.4936
2025-06-30,경기,여주시,가격지수,전세,99.4936
2025-07-07,경기,여주시,가격지수,전세,99.4206
2025-07-14,경기,여주시,가격지수,전세,99.4549
2025-07-21,경기,여주시,가격지수,전세,99.4596
2025-07-28,경기,여주시,가격지수,전세,99.4596
2025-08-04,경기,여주시,가격지수,전세,99.4596
2025-08-11,경기,여주시,가격지수,전세,99.5479
2025-08-18,경기,여주시,가격지수,전세,99.6331
2025-08-25,경기,여주시,가격지수,전세,99.6695
2025-09-01,경기,여주시,가격지수,전세,99.6695
2025-09-08,경기,여주시,가격지수,전세,99.636
2025-09-15,경기,여주시,가격지수,전세,99.6046
2025-09-22,경기,여주시,가격지수,전세,99.4311
2025-09-29,경기,여주시,가격지수,전세,99.4311
2025-10-13,경기,여주시,가격지수,전세,99.4873
2025-10-20,경기,여주시,가격지수,전세,99.6258
2025-10-27,경기,여주시,가격지수,전세,99.6258
2025-11-03,경기,여주시,가격지수,전세,99.7004
2025-11-10,경기,여주시,가격지수,전세,99.9038
2025-11-17,경기,여주시,가격지수,전세,99.8738
2025-11-24,경기,여주시,가격지수,전세,99.8738
2025-12-01,경기,여주시,가격지수,전세,99.8052
2025-12-08,경기,여주시,가격지수,전세,99.8589
2025-12-15,경기,여주시,가격지수,전세,99.9337
2025-12-22,경기,여주시,가격지수,전세,99.9337
2025-12-29,경기,여주시,가격지수,전세,100.0691
2026-01-05,경기,여주시,가격지수,전세,100.0
2026-01-12,경기,여주시,가격지수,전세,100.0
2026-01-19,경기,여주시,가격지수,전세,100.1408
2026-01-26,경기,여주시,가격지수,전세,100.1922
2026-02-02,경기,여주시,가격지수,전세,100.1972
2026-02-09,경기,여주시,가격지수,전세,100.1972
2026-02-23,경기,여주시,가격지수,전세,100.1972
2026-03-02,경기,여주시,가격지수,전세,100.1972
2026-03-09,경기,여주시,가격지수,전세,100.1432
2026-03-16,경기,여주시,가격지수,전세,100.1211
2026-03-23,경기,여주시,가격지수,전세,100.1927
2026-03-30,경기,여주시,가격지수,전세,100.1927
2026-04-06,경기,여주시,가격지수,전세,100.1927
2026-04-13,경기,여주시,가격지수,전세,100.326
2026-04-20,경기,여주시,가격지수,전세,100.2682
2026-04-27,경기,여주시,가격지수,전세,100.2682
2026-05-04,경기,여주시,가격지수,전세,100.2682
2026-05-11,경기,여주시,가격지수,전세,100.2682
2026-05-18,경기,여주시,가격지수,전세,100.116
2026-05-25,경기,여주시,가격지수,전세,100.116
2026-06-01,경기,여주시,가격지수,전세,99.9306
2026-06-08,경기,여주시,가격지수,전세,100.055
2026-06-15,경기,여주시,가격지수,전세,100.113
2026-06-22,경기,여주시,가격지수,전세,100.1186
2024-06-24,경기,연천군,가격지수,전세,101.662
2024-07-01,경기,연천군,가격지수,전세,101.662
2024-07-08,경기,연천군,가격지수,전세,101.662
2024-07-15,경기,연천군,가격지수,전세,101.662
2024-07-22,경기,연천군,가격지수,전세,101.662
2024-07-29,경기,연천군,가격지수,전세,101.662
2024-08-05,경기,연천군,가격지수,전세,101.662
2024-08-12,경기,연천군,가격지수,전세,101.662
2024-08-19,경기,연천군,가격지수,전세,101.408
2024-08-26,경기,연천군,가격지수,전세,101.408
2024-09-02,경기,연천군,가격지수,전세,101.408
2024-09-09,경기,연천군,가격지수,전세,101.408
2024-09-23,경기,연천군,가격지수,전세,101.408
2024-09-30,경기,연천군,가격지수,전세,101.408
2024-10-07,경기,연천군,가격지수,전세,101.408
2024-10-14,경기,연천군,가격지수,전세,101.408
2024-10-21,경기,연천군,가격지수,전세,101.5177
2024-10-28,경기,연천군,가격지수,전세,101.5177
2024-11-04,경기,연천군,가격지수,전세,101.7247
2024-11-11,경기,연천군,가격지수,전세,101.7247
2024-11-18,경기,연천군,가격지수,전세,101.377
2024-11-25,경기,연천군,가격지수,전세,101.377
2024-12-02,경기,연천군,가격지수,전세,101.377
2024-12-09,경기,연천군,가격지수,전세,101.377
2024-12-16,경기,연천군,가격지수,전세,101.377
2024-12-23,경기,연천군,가격지수,전세,101.377
2024-12-30,경기,연천군,가격지수,전세,101.377
2025-01-06,경기,연천군,가격지수,전세,101.377
2025-01-13,경기,연천군,가격지수,전세,101.377
2025-01-20,경기,연천군,가격지수,전세,100.2524
2025-02-03,경기,연천군,가격지수,전세,100.2524
2025-02-10,경기,연천군,가격지수,전세,100.2524
2025-02-17,경기,연천군,가격지수,전세,100.2524
2025-02-24,경기,연천군,가격지수,전세,100.2524
2025-03-03,경기,연천군,가격지수,전세,100.2524
2025-03-10,경기,연천군,가격지수,전세,100.2524
2025-03-17,경기,연천군,가격지수,전세,100.5749
2025-03-24,경기,연천군,가격지수,전세,100.5749
2025-03-31,경기,연천군,가격지수,전세,100.5749
2025-04-07,경기,연천군,가격지수,전세,100.5749
2025-04-14,경기,연천군,가격지수,전세,100.5749
2025-04-21,경기,연천군,가격지수,전세,100.5749
2025-04-28,경기,연천군,가격지수,전세,100.5749
2025-05-05,경기,연천군,가격지수,전세,100.5749
2025-05-12,경기,연천군,가격지수,전세,100.5749
2025-05-19,경기,연천군,가격지수,전세,100.5749
2025-05-26,경기,연천군,가격지수,전세,100.5749
2025-06-02,경기,연천군,가격지수,전세,100.5749
2025-06-09,경기,연천군,가격지수,전세,100.5749
2025-06-16,경기,연천군,가격지수,전세,100.5749
2025-06-23,경기,연천군,가격지수,전세,100.5749
2025-06-30,경기,연천군,가격지수,전세,100.5749
2025-07-07,경기,연천군,가격지수,전세,100.5749
2025-07-14,경기,연천군,가격지수,전세,100.5749
2025-07-21,경기,연천군,가격지수,전세,100.5749
2025-07-28,경기,연천군,가격지수,전세,100.3446
2025-08-04,경기,연천군,가격지수,전세,100.0
2025-08-11,경기,연천군,가격지수,전세,100.0
2025-08-18,경기,연천군,가격지수,전세,100.0
2025-08-25,경기,연천군,가격지수,전세,100.0
2025-09-01,경기,연천군,가격지수,전세,100.0
2025-09-08,경기,연천군,가격지수,전세,100.0
2025-09-15,경기,연천군,가격지수,전세,100.0
2025-09-22,경기,연천군,가격지수,전세,100.0
2025-09-29,경기,연천군,가격지수,전세,100.0
2025-10-13,경기,연천군,가격지수,전세,100.0
2025-10-20,경기,연천군,가격지수,전세,100.0
2025-10-27,경기,연천군,가격지수,전세,100.0
2025-11-03,경기,연천군,가격지수,전세,100.0
2025-11-10,경기,연천군,가격지수,전세,100.0
2025-11-17,경기,연천군,가격지수,전세,100.0
2025-11-24,경기,연천군,가격지수,전세,100.0
2025-12-01,경기,연천군,가격지수,전세,100.0
2025-12-08,경기,연천군,가격지수,전세,100.0
2025-12-15,경기,연천군,가격지수,전세,100.0
2025-12-22,경기,연천군,가격지수,전세,100.0
2025-12-29,경기,연천군,가격지수,전세,100.0
2026-01-05,경기,연천군,가격지수,전세,100.0
2026-01-12,경기,연천군,가격지수,전세,100.0
2026-01-19,경기,연천군,가격지수,전세,100.0
2026-01-26,경기,연천군,가격지수,전세,100.0
2026-02-02,경기,연천군,가격지수,전세,100.1925
2026-02-09,경기,연천군,가격지수,전세,100.1925
2026-02-23,경기,연천군,가격지수,전세,100.1925
2026-03-02,경기,연천군,가격지수,전세,100.1925
2026-03-09,경기,연천군,가격지수,전세,100.1925
2026-03-16,경기,연천군,가격지수,전세,100.1925
2026-03-23,경기,연천군,가격지수,전세,100.1925
2026-03-30,경기,연천군,가격지수,전세,100.1925
2026-04-06,경기,연천군,가격지수,전세,100.1925
2026-04-13,경기,연천군,가격지수,전세,100.1925
2026-04-20,경기,연천군,가격지수,전세,100.1925
2026-04-27,경기,연천군,가격지수,전세,100.1925
2026-05-04,경기,연천군,가격지수,전세,101.0458
2026-05-11,경기,연천군,가격지수,전세,101.2237
2026-05-18,경기,연천군,가격지수,전세,101.2237
2026-05-25,경기,연천군,가격지수,전세,101.2955
2026-06-01,경기,연천군,가격지수,전세,101.6305
2026-06-08,경기,연천군,가격지수,전세,101.6305
2026-06-15,경기,연천군,가격지수,전세,101.6305
2026-06-22,경기,연천군,가격지수,전세,101.6305
2024-06-24,경기,오산시,가격지수,전세,98.4804
2024-07-01,경기,오산시,가격지수,전세,98.3548
2024-07-08,경기,오산시,가격지수,전세,98.3353
2024-07-15,경기,오산시,가격지수,전세,98.3367
2024-07-22,경기,오산시,가격지수,전세,98.4291
2024-07-29,경기,오산시,가격지수,전세,98.4609
2024-08-05,경기,오산시,가격지수,전세,98.4337
2024-08-12,경기,오산시,가격지수,전세,98.4475
2024-08-19,경기,오산시,가격지수,전세,98.4797
2024-08-26,경기,오산시,가격지수,전세,98.4849
2024-09-02,경기,오산시,가격지수,전세,98.5201
2024-09-09,경기,오산시,가격지수,전세,98.5901
2024-09-23,경기,오산시,가격지수,전세,98.6064
2024-09-30,경기,오산시,가격지수,전세,98.5749
2024-10-07,경기,오산시,가격지수,전세,98.649
2024-10-14,경기,오산시,가격지수,전세,98.7357
2024-10-21,경기,오산시,가격지수,전세,98.7357
2024-10-28,경기,오산시,가격지수,전세,98.7012
2024-11-04,경기,오산시,가격지수,전세,98.6642
2024-11-11,경기,오산시,가격지수,전세,98.6571
2024-11-18,경기,오산시,가격지수,전세,98.6953
2024-11-25,경기,오산시,가격지수,전세,98.6962
2024-12-02,경기,오산시,가격지수,전세,98.6998
2024-12-09,경기,오산시,가격지수,전세,98.6998
2024-12-16,경기,오산시,가격지수,전세,98.6715
2024-12-23,경기,오산시,가격지수,전세,98.7091
2024-12-30,경기,오산시,가격지수,전세,98.7353
2025-01-06,경기,오산시,가격지수,전세,98.7828
2025-01-13,경기,오산시,가격지수,전세,98.7868
2025-01-20,경기,오산시,가격지수,전세,98.8521
2025-02-03,경기,오산시,가격지수,전세,98.902
2025-02-10,경기,오산시,가격지수,전세,99.002
2025-02-17,경기,오산시,가격지수,전세,99.0655
2025-02-24,경기,오산시,가격지수,전세,99.1391
2025-03-03,경기,오산시,가격지수,전세,99.1675
2025-03-10,경기,오산시,가격지수,전세,99.1809
2025-03-17,경기,오산시,가격지수,전세,99.2022
2025-03-24,경기,오산시,가격지수,전세,99.1886
2025-03-31,경기,오산시,가격지수,전세,99.3292
2025-04-07,경기,오산시,가격지수,전세,99.3505
2025-04-14,경기,오산시,가격지수,전세,99.4091
2025-04-21,경기,오산시,가격지수,전세,99.4427
2025-04-28,경기,오산시,가격지수,전세,99.4603
2025-05-05,경기,오산시,가격지수,전세,99.525
2025-05-12,경기,오산시,가격지수,전세,99.5828
2025-05-19,경기,오산시,가격지수,전세,99.6044
2025-05-26,경기,오산시,가격지수,전세,99.6129
2025-06-02,경기,오산시,가격지수,전세,99.6467
2025-06-09,경기,오산시,가격지수,전세,99.6455
2025-06-16,경기,오산시,가격지수,전세,99.6938
2025-06-23,경기,오산시,가격지수,전세,99.8087
2025-06-30,경기,오산시,가격지수,전세,99.8169
2025-07-07,경기,오산시,가격지수,전세,99.8142
2025-07-14,경기,오산시,가격지수,전세,99.8142
2025-07-21,경기,오산시,가격지수,전세,99.9065
2025-07-28,경기,오산시,가격지수,전세,99.9065
2025-08-04,경기,오산시,가격지수,전세,99.9099
2025-08-11,경기,오산시,가격지수,전세,99.9071
2025-08-18,경기,오산시,가격지수,전세,99.967
2025-08-25,경기,오산시,가격지수,전세,99.9724
2025-09-01,경기,오산시,가격지수,전세,99.9724
2025-09-08,경기,오산시,가격지수,전세,100.0081
2025-09-15,경기,오산시,가격지수,전세,99.9817
2025-09-22,경기,오산시,가격지수,전세,99.9594
2025-09-29,경기,오산시,가격지수,전세,99.918
2025-10-13,경기,오산시,가격지수,전세,99.9413
2025-10-20,경기,오산시,가격지수,전세,99.9683
2025-10-27,경기,오산시,가격지수,전세,99.9726
2025-11-03,경기,오산시,가격지수,전세,99.9848
2025-11-10,경기,오산시,가격지수,전세,99.9873
2025-11-17,경기,오산시,가격지수,전세,99.9873
2025-11-24,경기,오산시,가격지수,전세,99.9873
2025-12-01,경기,오산시,가격지수,전세,99.9942
2025-12-08,경기,오산시,가격지수,전세,99.9942
2025-12-15,경기,오산시,가격지수,전세,100.0007
2025-12-22,경기,오산시,가격지수,전세,100.0117
2025-12-29,경기,오산시,가격지수,전세,100.0117
2026-01-05,경기,오산시,가격지수,전세,100.0122
2026-01-12,경기,오산시,가격지수,전세,100.0
2026-01-19,경기,오산시,가격지수,전세,100.0003
2026-01-26,경기,오산시,가격지수,전세,100.0221
2026-02-02,경기,오산시,가격지수,전세,100.0314
2026-02-09,경기,오산시,가격지수,전세,100.0532
2026-02-23,경기,오산시,가격지수,전세,100.0907
2026-03-02,경기,오산시,가격지수,전세,100.1162
2026-03-09,경기,오산시,가격지수,전세,100.4604
2026-03-16,경기,오산시,가격지수,전세,100.5852
2026-03-23,경기,오산시,가격지수,전세,100.6496
2026-03-30,경기,오산시,가격지수,전세,100.6741
2026-04-06,경기,오산시,가격지수,전세,100.717
2026-04-13,경기,오산시,가격지수,전세,100.786
2026-04-20,경기,오산시,가격지수,전세,100.7968
2026-04-27,경기,오산시,가격지수,전세,100.9122
2026-05-04,경기,오산시,가격지수,전세,100.9267
2026-05-11,경기,오산시,가격지수,전세,101.0112
2026-05-18,경기,오산시,가격지수,전세,101.2199
2026-05-25,경기,오산시,가격지수,전세,101.3075
2026-06-01,경기,오산시,가격지수,전세,101.3662
2026-06-08,경기,오산시,가격지수,전세,101.3634
2026-06-15,경기,오산시,가격지수,전세,101.4363
2026-06-22,경기,오산시,가격지수,전세,101.538
2024-06-24,경기,용인시,가격지수,전세,93.7043
2024-07-01,경기,용인시,가격지수,전세,93.7423
2024-07-08,경기,용인시,가격지수,전세,93.7605
2024-07-15,경기,용인시,가격지수,전세,93.788
2024-07-22,경기,용인시,가격지수,전세,93.8547
2024-07-29,경기,용인시,가격지수,전세,93.8743
2024-08-05,경기,용인시,가격지수,전세,93.904
2024-08-12,경기,용인시,가격지수,전세,93.9594
2024-08-19,경기,용인시,가격지수,전세,94.0465
2024-08-26,경기,용인시,가격지수,전세,94.1114
2024-09-02,경기,용인시,가격지수,전세,94.169
2024-09-09,경기,용인시,가격지수,전세,94.2459
2024-09-23,경기,용인시,가격지수,전세,94.2832
2024-09-30,경기,용인시,가격지수,전세,94.3136
2024-10-07,경기,용인시,가격지수,전세,94.4257
2024-10-14,경기,용인시,가격지수,전세,94.545
2024-10-21,경기,용인시,가격지수,전세,94.649
2024-10-28,경기,용인시,가격지수,전세,94.7278
2024-11-04,경기,용인시,가격지수,전세,94.8139
2024-11-11,경기,용인시,가격지수,전세,94.8764
2024-11-18,경기,용인시,가격지수,전세,94.9358
2024-11-25,경기,용인시,가격지수,전세,95.0005
2024-12-02,경기,용인시,가격지수,전세,94.9951
2024-12-09,경기,용인시,가격지수,전세,95.0269
2024-12-16,경기,용인시,가격지수,전세,95.0697
2024-12-23,경기,용인시,가격지수,전세,95.1076
2024-12-30,경기,용인시,가격지수,전세,95.1266
2025-01-06,경기,용인시,가격지수,전세,95.1485
2025-01-13,경기,용인시,가격지수,전세,95.1975
2025-01-20,경기,용인시,가격지수,전세,95.2443
2025-02-03,경기,용인시,가격지수,전세,95.341
2025-02-10,경기,용인시,가격지수,전세,95.3522
2025-02-17,경기,용인시,가격지수,전세,95.3823
2025-02-24,경기,용인시,가격지수,전세,95.4135
2025-03-03,경기,용인시,가격지수,전세,95.464
2025-03-10,경기,용인시,가격지수,전세,95.4887
2025-03-17,경기,용인시,가격지수,전세,95.5162
2025-03-24,경기,용인시,가격지수,전세,95.5345
2025-03-31,경기,용인시,가격지수,전세,95.5406
2025-04-07,경기,용인시,가격지수,전세,95.568
2025-04-14,경기,용인시,가격지수,전세,95.6234
2025-04-21,경기,용인시,가격지수,전세,95.6892
2025-04-28,경기,용인시,가격지수,전세,95.731
2025-05-05,경기,용인시,가격지수,전세,95.7652
2025-05-12,경기,용인시,가격지수,전세,95.841
2025-05-19,경기,용인시,가격지수,전세,95.9069
2025-05-26,경기,용인시,가격지수,전세,95.9652
2025-06-02,경기,용인시,가격지수,전세,96.0332
2025-06-09,경기,용인시,가격지수,전세,96.1433
2025-06-16,경기,용인시,가격지수,전세,96.2008
2025-06-23,경기,용인시,가격지수,전세,96.2817
2025-06-30,경기,용인시,가격지수,전세,96.3861
2025-07-07,경기,용인시,가격지수,전세,96.5703
2025-07-14,경기,용인시,가격지수,전세,96.6939
2025-07-21,경기,용인시,가격지수,전세,96.7616
2025-07-28,경기,용인시,가격지수,전세,96.8265
2025-08-04,경기,용인시,가격지수,전세,96.8456
2025-08-11,경기,용인시,가격지수,전세,96.8941
2025-08-18,경기,용인시,가격지수,전세,96.9745
2025-08-25,경기,용인시,가격지수,전세,97.0389
2025-09-01,경기,용인시,가격지수,전세,97.1262
2025-09-08,경기,용인시,가격지수,전세,97.2038
2025-09-15,경기,용인시,가격지수,전세,97.3022
2025-09-22,경기,용인시,가격지수,전세,97.426
2025-09-29,경기,용인시,가격지수,전세,97.5432
2025-10-13,경기,용인시,가격지수,전세,97.6222
2025-10-20,경기,용인시,가격지수,전세,97.6972
2025-10-27,경기,용인시,가격지수,전세,97.8526
2025-11-03,경기,용인시,가격지수,전세,98.0528
2025-11-10,경기,용인시,가격지수,전세,98.2561
2025-11-17,경기,용인시,가격지수,전세,98.4536
2025-11-24,경기,용인시,가격지수,전세,98.561
2025-12-01,경기,용인시,가격지수,전세,98.8226
2025-12-08,경기,용인시,가격지수,전세,98.9398
2025-12-15,경기,용인시,가격지수,전세,99.1684
2025-12-22,경기,용인시,가격지수,전세,99.4534
2025-12-29,경기,용인시,가격지수,전세,99.6805
2026-01-05,경기,용인시,가격지수,전세,99.8936
2026-01-12,경기,용인시,가격지수,전세,100.0
2026-01-19,경기,용인시,가격지수,전세,100.1037
2026-01-26,경기,용인시,가격지수,전세,100.2885
2026-02-02,경기,용인시,가격지수,전세,100.4681
2026-02-09,경기,용인시,가격지수,전세,100.6833
2026-02-23,경기,용인시,가격지수,전세,100.9467
2026-03-02,경기,용인시,가격지수,전세,101.1368
2026-03-09,경기,용인시,가격지수,전세,101.5874
2026-03-16,경기,용인시,가격지수,전세,101.883
2026-03-23,경기,용인시,가격지수,전세,102.1422
2026-03-30,경기,용인시,가격지수,전세,102.4937
2026-04-06,경기,용인시,가격지수,전세,102.7652
2026-04-13,경기,용인시,가격지수,전세,103.0038
2026-04-20,경기,용인시,가격지수,전세,103.3901
2026-04-27,경기,용인시,가격지수,전세,103.6105
2026-05-04,경기,용인시,가격지수,전세,103.8342
2026-05-11,경기,용인시,가격지수,전세,104.093
2026-05-18,경기,용인시,가격지수,전세,104.2947
2026-05-25,경기,용인시,가격지수,전세,104.4741
2026-06-01,경기,용인시,가격지수,전세,104.6377
2026-06-08,경기,용인시,가격지수,전세,104.8748
2026-06-15,경기,용인시,가격지수,전세,105.1846
2026-06-22,경기,용인시,가격지수,전세,105.5086
2024-06-24,경기,용인시 기흥구,가격지수,전세,94.657
2024-07-01,경기,용인시 기흥구,가격지수,전세,94.6837
2024-07-08,경기,용인시 기흥구,가격지수,전세,94.7024
2024-07-15,경기,용인시 기흥구,가격지수,전세,94.7299
2024-07-22,경기,용인시 기흥구,가격지수,전세,94.8077
2024-07-29,경기,용인시 기흥구,가격지수,전세,94.8501
2024-08-05,경기,용인시 기흥구,가격지수,전세,94.8877
2024-08-12,경기,용인시 기흥구,가격지수,전세,94.9631
2024-08-19,경기,용인시 기흥구,가격지수,전세,95.0475
2024-08-26,경기,용인시 기흥구,가격지수,전세,95.1097
2024-09-02,경기,용인시 기흥구,가격지수,전세,95.2178
2024-09-09,경기,용인시 기흥구,가격지수,전세,95.33
2024-09-23,경기,용인시 기흥구,가격지수,전세,95.3732
2024-09-30,경기,용인시 기흥구,가격지수,전세,95.3877
2024-10-07,경기,용인시 기흥구,가격지수,전세,95.5174
2024-10-14,경기,용인시 기흥구,가격지수,전세,95.688
2024-10-21,경기,용인시 기흥구,가격지수,전세,95.8649
2024-10-28,경기,용인시 기흥구,가격지수,전세,95.9925
2024-11-04,경기,용인시 기흥구,가격지수,전세,96.0707
2024-11-11,경기,용인시 기흥구,가격지수,전세,96.1222
2024-11-18,경기,용인시 기흥구,가격지수,전세,96.2168
2024-11-25,경기,용인시 기흥구,가격지수,전세,96.2928
2024-12-02,경기,용인시 기흥구,가격지수,전세,96.3093
2024-12-09,경기,용인시 기흥구,가격지수,전세,96.3674
2024-12-16,경기,용인시 기흥구,가격지수,전세,96.4508
2024-12-23,경기,용인시 기흥구,가격지수,전세,96.4954
2024-12-30,경기,용인시 기흥구,가격지수,전세,96.5358
2025-01-06,경기,용인시 기흥구,가격지수,전세,96.5166
2025-01-13,경기,용인시 기흥구,가격지수,전세,96.5878
2025-01-20,경기,용인시 기흥구,가격지수,전세,96.5979
2025-02-03,경기,용인시 기흥구,가격지수,전세,96.6008
2025-02-10,경기,용인시 기흥구,가격지수,전세,96.6209
2025-02-17,경기,용인시 기흥구,가격지수,전세,96.6405
2025-02-24,경기,용인시 기흥구,가격지수,전세,96.6659
2025-03-03,경기,용인시 기흥구,가격지수,전세,96.6816
2025-03-10,경기,용인시 기흥구,가격지수,전세,96.7099
2025-03-17,경기,용인시 기흥구,가격지수,전세,96.7225
2025-03-24,경기,용인시 기흥구,가격지수,전세,96.7758
2025-03-31,경기,용인시 기흥구,가격지수,전세,96.7854
2025-04-07,경기,용인시 기흥구,가격지수,전세,96.8285
2025-04-14,경기,용인시 기흥구,가격지수,전세,96.8515
2025-04-21,경기,용인시 기흥구,가격지수,전세,96.9291
2025-04-28,경기,용인시 기흥구,가격지수,전세,96.983
2025-05-05,경기,용인시 기흥구,가격지수,전세,97.0066
2025-05-12,경기,용인시 기흥구,가격지수,전세,97.0463
2025-05-19,경기,용인시 기흥구,가격지수,전세,97.0816
2025-05-26,경기,용인시 기흥구,가격지수,전세,97.1513
2025-06-02,경기,용인시 기흥구,가격지수,전세,97.1655
2025-06-09,경기,용인시 기흥구,가격지수,전세,97.2429
2025-06-16,경기,용인시 기흥구,가격지수,전세,97.2787
2025-06-23,경기,용인시 기흥구,가격지수,전세,97.3227
2025-06-30,경기,용인시 기흥구,가격지수,전세,97.4165
2025-07-07,경기,용인시 기흥구,가격지수,전세,97.5567
2025-07-14,경기,용인시 기흥구,가격지수,전세,97.5771
2025-07-21,경기,용인시 기흥구,가격지수,전세,97.6031
2025-07-28,경기,용인시 기흥구,가격지수,전세,97.6801
2025-08-04,경기,용인시 기흥구,가격지수,전세,97.6801
2025-08-11,경기,용인시 기흥구,가격지수,전세,97.7312
2025-08-18,경기,용인시 기흥구,가격지수,전세,97.8226
2025-08-25,경기,용인시 기흥구,가격지수,전세,97.8604
2025-09-01,경기,용인시 기흥구,가격지수,전세,97.9323
2025-09-08,경기,용인시 기흥구,가격지수,전세,97.9642
2025-09-15,경기,용인시 기흥구,가격지수,전세,98.078
2025-09-22,경기,용인시 기흥구,가격지수,전세,98.0986
2025-09-29,경기,용인시 기흥구,가격지수,전세,98.2256
2025-10-13,경기,용인시 기흥구,가격지수,전세,98.2682
2025-10-20,경기,용인시 기흥구,가격지수,전세,98.415
2025-10-27,경기,용인시 기흥구,가격지수,전세,98.5518
2025-11-03,경기,용인시 기흥구,가격지수,전세,98.6851
2025-11-10,경기,용인시 기흥구,가격지수,전세,98.7528
2025-11-17,경기,용인시 기흥구,가격지수,전세,99.0384
2025-11-24,경기,용인시 기흥구,가격지수,전세,99.1359
2025-12-01,경기,용인시 기흥구,가격지수,전세,99.3617
2025-12-08,경기,용인시 기흥구,가격지수,전세,99.4682
2025-12-15,경기,용인시 기흥구,가격지수,전세,99.5562
2025-12-22,경기,용인시 기흥구,가격지수,전세,99.6432
2025-12-29,경기,용인시 기흥구,가격지수,전세,99.7837
2026-01-05,경기,용인시 기흥구,가격지수,전세,99.9159
2026-01-12,경기,용인시 기흥구,가격지수,전세,100.0
2026-01-19,경기,용인시 기흥구,가격지수,전세,100.0325
2026-01-26,경기,용인시 기흥구,가격지수,전세,100.0705
2026-02-02,경기,용인시 기흥구,가격지수,전세,100.1645
2026-02-09,경기,용인시 기흥구,가격지수,전세,100.317
2026-02-23,경기,용인시 기흥구,가격지수,전세,100.5289
2026-03-02,경기,용인시 기흥구,가격지수,전세,100.6223
2026-03-09,경기,용인시 기흥구,가격지수,전세,100.9686
2026-03-16,경기,용인시 기흥구,가격지수,전세,101.2044
2026-03-23,경기,용인시 기흥구,가격지수,전세,101.423
2026-03-30,경기,용인시 기흥구,가격지수,전세,101.6669
2026-04-06,경기,용인시 기흥구,가격지수,전세,101.9181
2026-04-13,경기,용인시 기흥구,가격지수,전세,102.0339
2026-04-20,경기,용인시 기흥구,가격지수,전세,102.4867
2026-04-27,경기,용인시 기흥구,가격지수,전세,102.7164
2026-05-04,경기,용인시 기흥구,가격지수,전세,102.8499
2026-05-11,경기,용인시 기흥구,가격지수,전세,103.1169
2026-05-18,경기,용인시 기흥구,가격지수,전세,103.3098
2026-05-25,경기,용인시 기흥구,가격지수,전세,103.4519
2026-06-01,경기,용인시 기흥구,가격지수,전세,103.5941
2026-06-08,경기,용인시 기흥구,가격지수,전세,103.7973
2026-06-15,경기,용인시 기흥구,가격지수,전세,104.0399
2026-06-22,경기,용인시 기흥구,가격지수,전세,104.4407
2024-06-24,경기,용인시 수지구,가격지수,전세,91.8515
2024-07-01,경기,용인시 수지구,가격지수,전세,91.9272
2024-07-08,경기,용인시 수지구,가격지수,전세,91.9903
2024-07-15,경기,용인시 수지구,가격지수,전세,92.05
2024-07-22,경기,용인시 수지구,가격지수,전세,92.1345
2024-07-29,경기,용인시 수지구,가격지수,전세,92.225
2024-08-05,경기,용인시 수지구,가격지수,전세,92.2675
2024-08-12,경기,용인시 수지구,가격지수,전세,92.3211
2024-08-19,경기,용인시 수지구,가격지수,전세,92.4471
2024-08-26,경기,용인시 수지구,가격지수,전세,92.56
2024-09-02,경기,용인시 수지구,가격지수,전세,92.5907
2024-09-09,경기,용인시 수지구,가격지수,전세,92.6568
2024-09-23,경기,용인시 수지구,가격지수,전세,92.7036
2024-09-30,경기,용인시 수지구,가격지수,전세,92.7592
2024-10-07,경기,용인시 수지구,가격지수,전세,92.916
2024-10-14,경기,용인시 수지구,가격지수,전세,92.986
2024-10-21,경기,용인시 수지구,가격지수,전세,93.0561
2024-10-28,경기,용인시 수지구,가격지수,전세,93.1283
2024-11-04,경기,용인시 수지구,가격지수,전세,93.2698
2024-11-11,경기,용인시 수지구,가격지수,전세,93.3854
2024-11-18,경기,용인시 수지구,가격지수,전세,93.4373
2024-11-25,경기,용인시 수지구,가격지수,전세,93.5451
2024-12-02,경기,용인시 수지구,가격지수,전세,93.6289
2024-12-09,경기,용인시 수지구,가격지수,전세,93.6662
2024-12-16,경기,용인시 수지구,가격지수,전세,93.6849
2024-12-23,경기,용인시 수지구,가격지수,전세,93.7485
2024-12-30,경기,용인시 수지구,가격지수,전세,93.7674
2025-01-06,경기,용인시 수지구,가격지수,전세,93.8427
2025-01-13,경기,용인시 수지구,가격지수,전세,93.8936
2025-01-20,경기,용인시 수지구,가격지수,전세,94.0117
2025-02-03,경기,용인시 수지구,가격지수,전세,94.2414
2025-02-10,경기,용인시 수지구,가격지수,전세,94.2957
2025-02-17,경기,용인시 수지구,가격지수,전세,94.3873
2025-02-24,경기,용인시 수지구,가격지수,전세,94.4257
2025-03-03,경기,용인시 수지구,가격지수,전세,94.4987
2025-03-10,경기,용인시 수지구,가격지수,전세,94.5261
2025-03-17,경기,용인시 수지구,가격지수,전세,94.5734
2025-03-24,경기,용인시 수지구,가격지수,전세,94.5807
2025-03-31,경기,용인시 수지구,가격지수,전세,94.5893
2025-04-07,경기,용인시 수지구,가격지수,전세,94.6111
2025-04-14,경기,용인시 수지구,가격지수,전세,94.7093
2025-04-21,경기,용인시 수지구,가격지수,전세,94.7743
2025-04-28,경기,용인시 수지구,가격지수,전세,94.8186
2025-05-05,경기,용인시 수지구,가격지수,전세,94.8434
2025-05-12,경기,용인시 수지구,가격지수,전세,94.9769
2025-05-19,경기,용인시 수지구,가격지수,전세,95.0954
2025-05-26,경기,용인시 수지구,가격지수,전세,95.136
2025-06-02,경기,용인시 수지구,가격지수,전세,95.2588
2025-06-09,경기,용인시 수지구,가격지수,전세,95.3831
2025-06-16,경기,용인시 수지구,가격지수,전세,95.4807
2025-06-23,경기,용인시 수지구,가격지수,전세,95.6063
2025-06-30,경기,용인시 수지구,가격지수,전세,95.7287
2025-07-07,경기,용인시 수지구,가격지수,전세,95.9956
2025-07-14,경기,용인시 수지구,가격지수,전세,96.1756
2025-07-21,경기,용인시 수지구,가격지수,전세,96.1984
2025-07-28,경기,용인시 수지구,가격지수,전세,96.2584
2025-08-04,경기,용인시 수지구,가격지수,전세,96.2906
2025-08-11,경기,용인시 수지구,가격지수,전세,96.3214
2025-08-18,경기,용인시 수지구,가격지수,전세,96.3606
2025-08-25,경기,용인시 수지구,가격지수,전세,96.4669
2025-09-01,경기,용인시 수지구,가격지수,전세,96.5682
2025-09-08,경기,용인시 수지구,가격지수,전세,96.6045
2025-09-15,경기,용인시 수지구,가격지수,전세,96.6602
2025-09-22,경기,용인시 수지구,가격지수,전세,96.8412
2025-09-29,경기,용인시 수지구,가격지수,전세,96.9752
2025-10-13,경기,용인시 수지구,가격지수,전세,97.0212
2025-10-20,경기,용인시 수지구,가격지수,전세,97.0472
2025-10-27,경기,용인시 수지구,가격지수,전세,97.2442
2025-11-03,경기,용인시 수지구,가격지수,전세,97.4657
2025-11-10,경기,용인시 수지구,가격지수,전세,97.6944
2025-11-17,경기,용인시 수지구,가격지수,전세,97.8421
2025-11-24,경기,용인시 수지구,가격지수,전세,97.9888
2025-12-01,경기,용인시 수지구,가격지수,전세,98.3554
2025-12-08,경기,용인시 수지구,가격지수,전세,98.4779
2025-12-15,경기,용인시 수지구,가격지수,전세,98.8295
2025-12-22,경기,용인시 수지구,가격지수,전세,99.2218
2025-12-29,경기,용인시 수지구,가격지수,전세,99.5665
2026-01-05,경기,용인시 수지구,가격지수,전세,99.9022
2026-01-12,경기,용인시 수지구,가격지수,전세,100.0
2026-01-19,경기,용인시 수지구,가격지수,전세,100.1893
2026-01-26,경기,용인시 수지구,가격지수,전세,100.5763
2026-02-02,경기,용인시 수지구,가격지수,전세,100.8557
2026-02-09,경기,용인시 수지구,가격지수,전세,101.1651
2026-02-23,경기,용인시 수지구,가격지수,전세,101.5423
2026-03-02,경기,용인시 수지구,가격지수,전세,101.8956
2026-03-09,경기,용인시 수지구,가격지수,전세,102.5456
2026-03-16,경기,용인시 수지구,가격지수,전세,103.0241
2026-03-23,경기,용인시 수지구,가격지수,전세,103.3593
2026-03-30,경기,용인시 수지구,가격지수,전세,103.9213
2026-04-06,경기,용인시 수지구,가격지수,전세,104.2891
2026-04-13,경기,용인시 수지구,가격지수,전세,104.7062
2026-04-20,경기,용인시 수지구,가격지수,전세,105.0576
2026-04-27,경기,용인시 수지구,가격지수,전세,105.3042
2026-05-04,경기,용인시 수지구,가격지수,전세,105.5731
2026-05-11,경기,용인시 수지구,가격지수,전세,105.8766
2026-05-18,경기,용인시 수지구,가격지수,전세,106.1185
2026-05-25,경기,용인시 수지구,가격지수,전세,106.3369
2026-06-01,경기,용인시 수지구,가격지수,전세,106.5689
2026-06-08,경기,용인시 수지구,가격지수,전세,106.9575
2026-06-15,경기,용인시 수지구,가격지수,전세,107.4358
2026-06-22,경기,용인시 수지구,가격지수,전세,107.8121
2024-06-24,경기,용인시 처인구,가격지수,전세,96.7215
2024-07-01,경기,용인시 처인구,가격지수,전세,96.673
2024-07-08,경기,용인시 처인구,가격지수,전세,96.5435
2024-07-15,경기,용인시 처인구,가격지수,전세,96.4659
2024-07-22,경기,용인시 처인구,가격지수,전세,96.4393
2024-07-29,경기,용인시 처인구,가격지수,전세,96.1555
2024-08-05,경기,용인시 처인구,가격지수,전세,96.1186
2024-08-12,경기,용인시 처인구,가격지수,전세,96.1162
2024-08-19,경기,용인시 처인구,가격지수,전세,96.0859
2024-08-26,경기,용인시 처인구,가격지수,전세,96.0043
2024-09-02,경기,용인시 처인구,가격지수,전세,95.989
2024-09-09,경기,용인시 처인구,가격지수,전세,95.9894
2024-09-23,경기,용인시 처인구,가격지수,전세,95.9775
2024-09-30,경기,용인시 처인구,가격지수,전세,95.9775
2024-10-07,경기,용인시 처인구,가격지수,전세,95.8895
2024-10-14,경기,용인시 처인구,가격지수,전세,96.0053
2024-10-21,경기,용인시 처인구,가격지수,전세,95.9883
2024-10-28,경기,용인시 처인구,가격지수,전세,95.9352
2024-11-04,경기,용인시 처인구,가격지수,전세,95.8681
2024-11-11,경기,용인시 처인구,가격지수,전세,95.7945
2024-11-18,경기,용인시 처인구,가격지수,전세,95.768
2024-11-25,경기,용인시 처인구,가격지수,전세,95.6594
2024-12-02,경기,용인시 처인구,가격지수,전세,95.3007
2024-12-09,경기,용인시 처인구,가격지수,전세,95.2333
2024-12-16,경기,용인시 처인구,가격지수,전세,95.227
2024-12-23,경기,용인시 처인구,가격지수,전세,95.1622
2024-12-30,경기,용인시 처인구,가격지수,전세,95.1154
2025-01-06,경기,용인시 처인구,가격지수,전세,95.0949
2025-01-13,경기,용인시 처인구,가격지수,전세,95.0692
2025-01-20,경기,용인시 처인구,가격지수,전세,95.0037
2025-02-03,경기,용인시 처인구,가격지수,전세,94.9703
2025-02-10,경기,용인시 처인구,가격지수,전세,94.819
2025-02-17,경기,용인시 처인구,가격지수,전세,94.6879
2025-02-24,경기,용인시 처인구,가격지수,전세,94.7142
2025-03-03,경기,용인시 처인구,가격지수,전세,94.8015
2025-03-10,경기,용인시 처인구,가격지수,전세,94.8065
2025-03-17,경기,용인시 처인구,가격지수,전세,94.8174
2025-03-24,경기,용인시 처인구,가격지수,전세,94.7621
2025-03-31,경기,용인시 처인구,가격지수,전세,94.7502
2025-04-07,경기,용인시 처인구,가격지수,전세,94.7486
2025-04-14,경기,용인시 처인구,가격지수,전세,94.7711
2025-04-21,경기,용인시 처인구,가격지수,전세,94.8052
2025-04-28,경기,용인시 처인구,가격지수,전세,94.8052
2025-05-05,경기,용인시 처인구,가격지수,전세,94.8976
2025-05-12,경기,용인시 처인구,가격지수,전세,94.9076
2025-05-19,경기,용인시 처인구,가격지수,전세,94.9076
2025-05-26,경기,용인시 처인구,가격지수,전세,94.9843
2025-06-02,경기,용인시 처인구,가격지수,전세,95.0466
2025-06-09,경기,용인시 처인구,가격지수,전세,95.2089
2025-06-16,경기,용인시 처인구,가격지수,전세,95.2116
2025-06-23,경기,용인시 처인구,가격지수,전세,95.268
2025-06-30,경기,용인시 처인구,가격지수,전세,95.3504
2025-07-07,경기,용인시 처인구,가격지수,전세,95.4206
2025-07-14,경기,용인시 처인구,가격지수,전세,95.6752
2025-07-21,경기,용인시 처인구,가격지수,전세,95.9915
2025-07-28,경기,용인시 처인구,가격지수,전세,96.0359
2025-08-04,경기,용인시 처인구,가격지수,전세,96.0716
2025-08-11,경기,용인시 처인구,가격지수,전세,96.1637
2025-08-18,경기,용인시 처인구,가격지수,전세,96.3323
2025-08-25,경기,용인시 처인구,가격지수,전세,96.3517
2025-09-01,경기,용인시 처인구,가격지수,전세,96.4424
2025-09-08,경기,용인시 처인구,가격지수,전세,96.7715
2025-09-15,경기,용인시 처인구,가격지수,전세,96.9502
2025-09-22,경기,용인시 처인구,가격지수,전세,97.2054
2025-09-29,경기,용인시 처인구,가격지수,전세,97.2507
2025-10-13,경기,용인시 처인구,가격지수,전세,97.5182
2025-10-20,경기,용인시 처인구,가격지수,전세,97.5317
2025-10-27,경기,용인시 처인구,가격지수,전세,97.624
2025-11-03,경기,용인시 처인구,가격지수,전세,97.9421
2025-11-10,경기,용인시 처인구,가격지수,전세,98.4315
2025-11-17,경기,용인시 처인구,가격지수,전세,98.5291
2025-11-24,경기,용인시 처인구,가격지수,전세,98.5594
2025-12-01,경기,용인시 처인구,가격지수,전세,98.6401
2025-12-08,경기,용인시 처인구,가격지수,전세,98.7712
2025-12-15,경기,용인시 처인구,가격지수,전세,99.0431
2025-12-22,경기,용인시 처인구,가격지수,전세,99.5578
2025-12-29,경기,용인시 처인구,가격지수,전세,99.707
2026-01-05,경기,용인시 처인구,가격지수,전세,99.815
2026-01-12,경기,용인시 처인구,가격지수,전세,100.0
2026-01-19,경기,용인시 처인구,가격지수,전세,100.0688
2026-01-26,경기,용인시 처인구,가격지수,전세,100.1167
2026-02-02,경기,용인시 처인구,가격지수,전세,100.2679
2026-02-09,경기,용인시 처인구,가격지수,전세,100.412
2026-02-23,경기,용인시 처인구,가격지수,전세,100.5303
2026-03-02,경기,용인시 처인구,가격지수,전세,100.5689
2026-03-09,경기,용인시 처인구,가격지수,전세,100.8023
2026-03-16,경기,용인시 처인구,가격지수,전세,100.8116
2026-03-23,경기,용인시 처인구,가격지수,전세,100.9927
2026-03-30,경기,용인시 처인구,가격지수,전세,101.1195
2026-04-06,경기,용인시 처인구,가격지수,전세,101.2194
2026-04-13,경기,용인시 처인구,가격지수,전세,101.3455
2026-04-20,경기,용인시 처인구,가격지수,전세,101.6495
2026-04-27,경기,용인시 처인구,가격지수,전세,101.7873
2026-05-04,경기,용인시 처인구,가격지수,전세,102.126
2026-05-11,경기,용인시 처인구,가격지수,전세,102.2698
2026-05-18,경기,용인시 처인구,가격지수,전세,102.4055
2026-05-25,경기,용인시 처인구,가격지수,전세,102.5864
2026-06-01,경기,용인시 처인구,가격지수,전세,102.6536
2026-06-08,경기,용인시 처인구,가격지수,전세,102.6487
2026-06-15,경기,용인시 처인구,가격지수,전세,102.7563
2026-06-22,경기,용인시 처인구,가격지수,전세,102.7994
2024-06-24,경기,의왕시,가격지수,전세,96.8638
2024-07-01,경기,의왕시,가격지수,전세,96.8747
2024-07-08,경기,의왕시,가격지수,전세,96.9101
2024-07-15,경기,의왕시,가격지수,전세,96.9317
2024-07-22,경기,의왕시,가격지수,전세,97.1141
2024-07-29,경기,의왕시,가격지수,전세,97.1349
2024-08-05,경기,의왕시,가격지수,전세,97.1879
2024-08-12,경기,의왕시,가격지수,전세,97.1897
2024-08-19,경기,의왕시,가격지수,전세,97.3365
2024-08-26,경기,의왕시,가격지수,전세,97.3408
2024-09-02,경기,의왕시,가격지수,전세,97.4132
2024-09-09,경기,의왕시,가격지수,전세,97.4404
2024-09-23,경기,의왕시,가격지수,전세,97.4504
2024-09-30,경기,의왕시,가격지수,전세,97.3887
2024-10-07,경기,의왕시,가격지수,전세,97.4029
2024-10-14,경기,의왕시,가격지수,전세,97.3851
2024-10-21,경기,의왕시,가격지수,전세,97.3943
2024-10-28,경기,의왕시,가격지수,전세,97.6086
2024-11-04,경기,의왕시,가격지수,전세,97.671
2024-11-11,경기,의왕시,가격지수,전세,97.7135
2024-11-18,경기,의왕시,가격지수,전세,97.6946
2024-11-25,경기,의왕시,가격지수,전세,97.7609
2024-12-02,경기,의왕시,가격지수,전세,97.7575
2024-12-09,경기,의왕시,가격지수,전세,97.8002
2024-12-16,경기,의왕시,가격지수,전세,97.749
2024-12-23,경기,의왕시,가격지수,전세,97.6969
2024-12-30,경기,의왕시,가격지수,전세,97.6822
2025-01-06,경기,의왕시,가격지수,전세,97.6367
2025-01-13,경기,의왕시,가격지수,전세,97.6112
2025-01-20,경기,의왕시,가격지수,전세,97.6025
2025-02-03,경기,의왕시,가격지수,전세,97.6129
2025-02-10,경기,의왕시,가격지수,전세,97.605
2025-02-17,경기,의왕시,가격지수,전세,97.6091
2025-02-24,경기,의왕시,가격지수,전세,97.7204
2025-03-03,경기,의왕시,가격지수,전세,97.7642
2025-03-10,경기,의왕시,가격지수,전세,97.9489
2025-03-17,경기,의왕시,가격지수,전세,98.0798
2025-03-24,경기,의왕시,가격지수,전세,98.0926
2025-03-31,경기,의왕시,가격지수,전세,98.1038
2025-04-07,경기,의왕시,가격지수,전세,98.2428
2025-04-14,경기,의왕시,가격지수,전세,98.2769
2025-04-21,경기,의왕시,가격지수,전세,98.245
2025-04-28,경기,의왕시,가격지수,전세,98.2422
2025-05-05,경기,의왕시,가격지수,전세,98.2486
2025-05-12,경기,의왕시,가격지수,전세,98.3225
2025-05-19,경기,의왕시,가격지수,전세,98.4066
2025-05-26,경기,의왕시,가격지수,전세,98.4271
2025-06-02,경기,의왕시,가격지수,전세,98.4086
2025-06-09,경기,의왕시,가격지수,전세,98.5016
2025-06-16,경기,의왕시,가격지수,전세,98.5487
2025-06-23,경기,의왕시,가격지수,전세,98.5999
2025-06-30,경기,의왕시,가격지수,전세,98.6814
2025-07-07,경기,의왕시,가격지수,전세,98.7308
2025-07-14,경기,의왕시,가격지수,전세,98.7256
2025-07-21,경기,의왕시,가격지수,전세,98.7789
2025-07-28,경기,의왕시,가격지수,전세,98.7869
2025-08-04,경기,의왕시,가격지수,전세,98.7846
2025-08-11,경기,의왕시,가격지수,전세,98.7825
2025-08-18,경기,의왕시,가격지수,전세,98.7842
2025-08-25,경기,의왕시,가격지수,전세,98.836
2025-09-01,경기,의왕시,가격지수,전세,98.8637
2025-09-08,경기,의왕시,가격지수,전세,98.9115
2025-09-15,경기,의왕시,가격지수,전세,98.9115
2025-09-22,경기,의왕시,가격지수,전세,98.9621
2025-09-29,경기,의왕시,가격지수,전세,98.9751
2025-10-13,경기,의왕시,가격지수,전세,98.9712
2025-10-20,경기,의왕시,가격지수,전세,98.9735
2025-10-27,경기,의왕시,가격지수,전세,98.9635
2025-11-03,경기,의왕시,가격지수,전세,99.0948
2025-11-10,경기,의왕시,가격지수,전세,99.2845
2025-11-17,경기,의왕시,가격지수,전세,99.4342
2025-11-24,경기,의왕시,가격지수,전세,99.5169
2025-12-01,경기,의왕시,가격지수,전세,99.5677
2025-12-08,경기,의왕시,가격지수,전세,99.5688
2025-12-15,경기,의왕시,가격지수,전세,99.5688
2025-12-22,경기,의왕시,가격지수,전세,99.7451
2025-12-29,경기,의왕시,가격지수,전세,99.9036
2026-01-05,경기,의왕시,가격지수,전세,99.94
2026-01-12,경기,의왕시,가격지수,전세,100.0
2026-01-19,경기,의왕시,가격지수,전세,100.168
2026-01-26,경기,의왕시,가격지수,전세,100.1878
2026-02-02,경기,의왕시,가격지수,전세,100.2757
2026-02-09,경기,의왕시,가격지수,전세,100.3585
2026-02-23,경기,의왕시,가격지수,전세,100.5878
2026-03-02,경기,의왕시,가격지수,전세,100.784
2026-03-09,경기,의왕시,가격지수,전세,100.9747
2026-03-16,경기,의왕시,가격지수,전세,101.2349
2026-03-23,경기,의왕시,가격지수,전세,101.6517
2026-03-30,경기,의왕시,가격지수,전세,101.9069
2026-04-06,경기,의왕시,가격지수,전세,102.058
2026-04-13,경기,의왕시,가격지수,전세,102.4209
2026-04-20,경기,의왕시,가격지수,전세,102.6385
2026-04-27,경기,의왕시,가격지수,전세,102.883
2026-05-04,경기,의왕시,가격지수,전세,103.0171
2026-05-11,경기,의왕시,가격지수,전세,103.2359
2026-05-18,경기,의왕시,가격지수,전세,103.3097
2026-05-25,경기,의왕시,가격지수,전세,103.4417
2026-06-01,경기,의왕시,가격지수,전세,103.6383
2026-06-08,경기,의왕시,가격지수,전세,103.7249
2026-06-15,경기,의왕시,가격지수,전세,103.7912
2026-06-22,경기,의왕시,가격지수,전세,103.818
2024-06-24,경기,의정부시,가격지수,전세,96.8639
2024-07-01,경기,의정부시,가격지수,전세,96.89
2024-07-08,경기,의정부시,가격지수,전세,96.9067
2024-07-15,경기,의정부시,가격지수,전세,96.9249
2024-07-22,경기,의정부시,가격지수,전세,97.0386
2024-07-29,경기,의정부시,가격지수,전세,97.0932
2024-08-05,경기,의정부시,가격지수,전세,97.1185
2024-08-12,경기,의정부시,가격지수,전세,97.2286
2024-08-19,경기,의정부시,가격지수,전세,97.3631
2024-08-26,경기,의정부시,가격지수,전세,97.4116
2024-09-02,경기,의정부시,가격지수,전세,97.4209
2024-09-09,경기,의정부시,가격지수,전세,97.4295
2024-09-23,경기,의정부시,가격지수,전세,97.4611
2024-09-30,경기,의정부시,가격지수,전세,97.4483
2024-10-07,경기,의정부시,가격지수,전세,97.4653
2024-10-14,경기,의정부시,가격지수,전세,97.4635
2024-10-21,경기,의정부시,가격지수,전세,97.5562
2024-10-28,경기,의정부시,가격지수,전세,97.5944
2024-11-04,경기,의정부시,가격지수,전세,97.6414
2024-11-11,경기,의정부시,가격지수,전세,97.6591
2024-11-18,경기,의정부시,가격지수,전세,97.6663
2024-11-25,경기,의정부시,가격지수,전세,97.6838
2024-12-02,경기,의정부시,가격지수,전세,97.7328
2024-12-09,경기,의정부시,가격지수,전세,97.6718
2024-12-16,경기,의정부시,가격지수,전세,97.6755
2024-12-23,경기,의정부시,가격지수,전세,97.6088
2024-12-30,경기,의정부시,가격지수,전세,97.581
2025-01-06,경기,의정부시,가격지수,전세,97.5858
2025-01-13,경기,의정부시,가격지수,전세,97.5986
2025-01-20,경기,의정부시,가격지수,전세,97.5456
2025-02-03,경기,의정부시,가격지수,전세,97.5193
2025-02-10,경기,의정부시,가격지수,전세,97.5326
2025-02-17,경기,의정부시,가격지수,전세,97.5244
2025-02-24,경기,의정부시,가격지수,전세,97.4702
2025-03-03,경기,의정부시,가격지수,전세,97.4311
2025-03-10,경기,의정부시,가격지수,전세,97.4462
2025-03-17,경기,의정부시,가격지수,전세,97.4423
2025-03-24,경기,의정부시,가격지수,전세,97.4446
2025-03-31,경기,의정부시,가격지수,전세,97.4804
2025-04-07,경기,의정부시,가격지수,전세,97.4801
2025-04-14,경기,의정부시,가격지수,전세,97.5403
2025-04-21,경기,의정부시,가격지수,전세,97.5929
2025-04-28,경기,의정부시,가격지수,전세,97.6787
2025-05-05,경기,의정부시,가격지수,전세,97.7117
2025-05-12,경기,의정부시,가격지수,전세,97.8091
2025-05-19,경기,의정부시,가격지수,전세,97.8859
2025-05-26,경기,의정부시,가격지수,전세,97.9129
2025-06-02,경기,의정부시,가격지수,전세,97.9621
2025-06-09,경기,의정부시,가격지수,전세,98.0008
2025-06-16,경기,의정부시,가격지수,전세,98.0427
2025-06-23,경기,의정부시,가격지수,전세,98.0811
2025-06-30,경기,의정부시,가격지수,전세,98.0894
2025-07-07,경기,의정부시,가격지수,전세,98.0955
2025-07-14,경기,의정부시,가격지수,전세,98.1136
2025-07-21,경기,의정부시,가격지수,전세,98.1372
2025-07-28,경기,의정부시,가격지수,전세,98.229
2025-08-04,경기,의정부시,가격지수,전세,98.2628
2025-08-11,경기,의정부시,가격지수,전세,98.3075
2025-08-18,경기,의정부시,가격지수,전세,98.3879
2025-08-25,경기,의정부시,가격지수,전세,98.5179
2025-09-01,경기,의정부시,가격지수,전세,98.5587
2025-09-08,경기,의정부시,가격지수,전세,98.599
2025-09-15,경기,의정부시,가격지수,전세,98.6487
2025-09-22,경기,의정부시,가격지수,전세,98.688
2025-09-29,경기,의정부시,가격지수,전세,98.7222
2025-10-13,경기,의정부시,가격지수,전세,98.7981
2025-10-20,경기,의정부시,가격지수,전세,98.9296
2025-10-27,경기,의정부시,가격지수,전세,99.1475
2025-11-03,경기,의정부시,가격지수,전세,99.1661
2025-11-10,경기,의정부시,가격지수,전세,99.3089
2025-11-17,경기,의정부시,가격지수,전세,99.3965
2025-11-24,경기,의정부시,가격지수,전세,99.5878
2025-12-01,경기,의정부시,가격지수,전세,99.6267
2025-12-08,경기,의정부시,가격지수,전세,99.7001
2025-12-15,경기,의정부시,가격지수,전세,99.7516
2025-12-22,경기,의정부시,가격지수,전세,99.8509
2025-12-29,경기,의정부시,가격지수,전세,99.8772
2026-01-05,경기,의정부시,가격지수,전세,99.9017
2026-01-12,경기,의정부시,가격지수,전세,100.0
2026-01-19,경기,의정부시,가격지수,전세,100.0775
2026-01-26,경기,의정부시,가격지수,전세,100.0894
2026-02-02,경기,의정부시,가격지수,전세,100.144
2026-02-09,경기,의정부시,가격지수,전세,100.2521
2026-02-23,경기,의정부시,가격지수,전세,100.387
2026-03-02,경기,의정부시,가격지수,전세,100.4644
2026-03-09,경기,의정부시,가격지수,전세,100.645
2026-03-16,경기,의정부시,가격지수,전세,100.7618
2026-03-23,경기,의정부시,가격지수,전세,100.831
2026-03-30,경기,의정부시,가격지수,전세,100.9998
2026-04-06,경기,의정부시,가격지수,전세,101.1249
2026-04-13,경기,의정부시,가격지수,전세,101.1659
2026-04-20,경기,의정부시,가격지수,전세,101.1995
2026-04-27,경기,의정부시,가격지수,전세,101.2435
2026-05-04,경기,의정부시,가격지수,전세,101.3084
2026-05-11,경기,의정부시,가격지수,전세,101.4911
2026-05-18,경기,의정부시,가격지수,전세,101.5656
2026-05-25,경기,의정부시,가격지수,전세,101.6064
2026-06-01,경기,의정부시,가격지수,전세,101.7707
2026-06-08,경기,의정부시,가격지수,전세,101.7997
2026-06-15,경기,의정부시,가격지수,전세,101.869
2026-06-22,경기,의정부시,가격지수,전세,102.0439
2024-06-24,경기,이천시,가격지수,전세,105.318
2024-07-01,경기,이천시,가격지수,전세,105.2293
2024-07-08,경기,이천시,가격지수,전세,105.1673
2024-07-15,경기,이천시,가격지수,전세,105.104
2024-07-22,경기,이천시,가격지수,전세,105.084
2024-07-29,경기,이천시,가격지수,전세,104.9959
2024-08-05,경기,이천시,가격지수,전세,104.9199
2024-08-12,경기,이천시,가격지수,전세,104.9199
2024-08-19,경기,이천시,가격지수,전세,104.7877
2024-08-26,경기,이천시,가격지수,전세,104.7543
2024-09-02,경기,이천시,가격지수,전세,104.6882
2024-09-09,경기,이천시,가격지수,전세,104.6905
2024-09-23,경기,이천시,가격지수,전세,104.666
2024-09-30,경기,이천시,가격지수,전세,104.6504
2024-10-07,경기,이천시,가격지수,전세,104.6255
2024-10-14,경기,이천시,가격지수,전세,104.6192
2024-10-21,경기,이천시,가격지수,전세,104.6039
2024-10-28,경기,이천시,가격지수,전세,104.5526
2024-11-04,경기,이천시,가격지수,전세,104.408
2024-11-11,경기,이천시,가격지수,전세,104.3166
2024-11-18,경기,이천시,가격지수,전세,104.2801
2024-11-25,경기,이천시,가격지수,전세,104.1414
2024-12-02,경기,이천시,가격지수,전세,103.9956
2024-12-09,경기,이천시,가격지수,전세,103.8694
2024-12-16,경기,이천시,가격지수,전세,103.7996
2024-12-23,경기,이천시,가격지수,전세,103.7879
2024-12-30,경기,이천시,가격지수,전세,103.7094
2025-01-06,경기,이천시,가격지수,전세,103.7094
2025-01-13,경기,이천시,가격지수,전세,103.6429
2025-01-20,경기,이천시,가격지수,전세,103.5169
2025-02-03,경기,이천시,가격지수,전세,103.3285
2025-02-10,경기,이천시,가격지수,전세,103.2648
2025-02-17,경기,이천시,가격지수,전세,103.166
2025-02-24,경기,이천시,가격지수,전세,102.7845
2025-03-03,경기,이천시,가격지수,전세,102.2776
2025-03-10,경기,이천시,가격지수,전세,102.1958
2025-03-17,경기,이천시,가격지수,전세,102.1949
2025-03-24,경기,이천시,가격지수,전세,102.1957
2025-03-31,경기,이천시,가격지수,전세,102.0941
2025-04-07,경기,이천시,가격지수,전세,102.0852
2025-04-14,경기,이천시,가격지수,전세,102.0852
2025-04-21,경기,이천시,가격지수,전세,101.9397
2025-04-28,경기,이천시,가격지수,전세,101.8499
2025-05-05,경기,이천시,가격지수,전세,101.8128
2025-05-12,경기,이천시,가격지수,전세,101.7819
2025-05-19,경기,이천시,가격지수,전세,101.7819
2025-05-26,경기,이천시,가격지수,전세,101.7561
2025-06-02,경기,이천시,가격지수,전세,101.4998
2025-06-09,경기,이천시,가격지수,전세,101.4158
2025-06-16,경기,이천시,가격지수,전세,101.3733
2025-06-23,경기,이천시,가격지수,전세,101.3733
2025-06-30,경기,이천시,가격지수,전세,101.3352
2025-07-07,경기,이천시,가격지수,전세,101.2668
2025-07-14,경기,이천시,가격지수,전세,101.2303
2025-07-21,경기,이천시,가격지수,전세,100.9024
2025-07-28,경기,이천시,가격지수,전세,100.8732
2025-08-04,경기,이천시,가격지수,전세,100.8236
2025-08-11,경기,이천시,가격지수,전세,100.781
2025-08-18,경기,이천시,가격지수,전세,100.7063
2025-08-25,경기,이천시,가격지수,전세,100.7404
2025-09-01,경기,이천시,가격지수,전세,100.7273
2025-09-08,경기,이천시,가격지수,전세,100.7422
2025-09-15,경기,이천시,가격지수,전세,100.7047
2025-09-22,경기,이천시,가격지수,전세,100.6918
2025-09-29,경기,이천시,가격지수,전세,100.6705
2025-10-13,경기,이천시,가격지수,전세,100.6227
2025-10-20,경기,이천시,가격지수,전세,100.5829
2025-10-27,경기,이천시,가격지수,전세,100.5593
2025-11-03,경기,이천시,가격지수,전세,100.5574
2025-11-10,경기,이천시,가격지수,전세,100.5318
2025-11-17,경기,이천시,가격지수,전세,100.5266
2025-11-24,경기,이천시,가격지수,전세,100.515
2025-12-01,경기,이천시,가격지수,전세,100.4864
2025-12-08,경기,이천시,가격지수,전세,100.473
2025-12-15,경기,이천시,가격지수,전세,100.2299
2025-12-22,경기,이천시,가격지수,전세,100.1134
2025-12-29,경기,이천시,가격지수,전세,100.0537
2026-01-05,경기,이천시,가격지수,전세,100.009
2026-01-12,경기,이천시,가격지수,전세,100.0
2026-01-19,경기,이천시,가격지수,전세,99.9377
2026-01-26,경기,이천시,가격지수,전세,99.9264
2026-02-02,경기,이천시,가격지수,전세,99.9181
2026-02-09,경기,이천시,가격지수,전세,99.826
2026-02-23,경기,이천시,가격지수,전세,99.4678
2026-03-02,경기,이천시,가격지수,전세,99.3684
2026-03-09,경기,이천시,가격지수,전세,99.0325
2026-03-16,경기,이천시,가격지수,전세,98.9867
2026-03-23,경기,이천시,가격지수,전세,98.9424
2026-03-30,경기,이천시,가격지수,전세,98.8189
2026-04-06,경기,이천시,가격지수,전세,98.7067
2026-04-13,경기,이천시,가격지수,전세,98.6333
2026-04-20,경기,이천시,가격지수,전세,98.5965
2026-04-27,경기,이천시,가격지수,전세,98.5533
2026-05-04,경기,이천시,가격지수,전세,98.4688
2026-05-11,경기,이천시,가격지수,전세,98.0911
2026-05-18,경기,이천시,가격지수,전세,98.0006
2026-05-25,경기,이천시,가격지수,전세,97.9128
2026-06-01,경기,이천시,가격지수,전세,97.9216
2026-06-08,경기,이천시,가격지수,전세,97.7724
2026-06-15,경기,이천시,가격지수,전세,97.6077
2026-06-22,경기,이천시,가격지수,전세,97.5285
2024-06-24,경기,파주시,가격지수,전세,100.03
2024-07-01,경기,파주시,가격지수,전세,99.957
2024-07-08,경기,파주시,가격지수,전세,99.9213
2024-07-15,경기,파주시,가격지수,전세,99.8364
2024-07-22,경기,파주시,가격지수,전세,99.833
2024-07-29,경기,파주시,가격지수,전세,99.8797
2024-08-05,경기,파주시,가격지수,전세,99.9331
2024-08-12,경기,파주시,가격지수,전세,99.9767
2024-08-19,경기,파주시,가격지수,전세,99.9813
2024-08-26,경기,파주시,가격지수,전세,100.0659
2024-09-02,경기,파주시,가격지수,전세,100.1333
2024-09-09,경기,파주시,가격지수,전세,100.1447
2024-09-23,경기,파주시,가격지수,전세,100.1747
2024-09-30,경기,파주시,가격지수,전세,100.1963
2024-10-07,경기,파주시,가격지수,전세,100.2444
2024-10-14,경기,파주시,가격지수,전세,100.2613
2024-10-21,경기,파주시,가격지수,전세,100.3117
2024-10-28,경기,파주시,가격지수,전세,100.3919
2024-11-04,경기,파주시,가격지수,전세,100.4079
2024-11-11,경기,파주시,가격지수,전세,100.433
2024-11-18,경기,파주시,가격지수,전세,100.4136
2024-11-25,경기,파주시,가격지수,전세,100.4095
2024-12-02,경기,파주시,가격지수,전세,100.3944
2024-12-09,경기,파주시,가격지수,전세,100.4225
2024-12-16,경기,파주시,가격지수,전세,100.4265
2024-12-23,경기,파주시,가격지수,전세,100.3954
2024-12-30,경기,파주시,가격지수,전세,100.3859
2025-01-06,경기,파주시,가격지수,전세,100.3111
2025-01-13,경기,파주시,가격지수,전세,100.2591
2025-01-20,경기,파주시,가격지수,전세,100.1676
2025-02-03,경기,파주시,가격지수,전세,100.1641
2025-02-10,경기,파주시,가격지수,전세,100.1212
2025-02-17,경기,파주시,가격지수,전세,100.1173
2025-02-24,경기,파주시,가격지수,전세,100.0762
2025-03-03,경기,파주시,가격지수,전세,100.0025
2025-03-10,경기,파주시,가격지수,전세,99.9706
2025-03-17,경기,파주시,가격지수,전세,99.9476
2025-03-24,경기,파주시,가격지수,전세,99.908
2025-03-31,경기,파주시,가격지수,전세,99.861
2025-04-07,경기,파주시,가격지수,전세,99.813
2025-04-14,경기,파주시,가격지수,전세,99.7799
2025-04-21,경기,파주시,가격지수,전세,99.7509
2025-04-28,경기,파주시,가격지수,전세,99.7247
2025-05-05,경기,파주시,가격지수,전세,99.7163
2025-05-12,경기,파주시,가격지수,전세,99.6884
2025-05-19,경기,파주시,가격지수,전세,99.7064
2025-05-26,경기,파주시,가격지수,전세,99.6727
2025-06-02,경기,파주시,가격지수,전세,99.6889
2025-06-09,경기,파주시,가격지수,전세,99.6632
2025-06-16,경기,파주시,가격지수,전세,99.6482
2025-06-23,경기,파주시,가격지수,전세,99.6176
2025-06-30,경기,파주시,가격지수,전세,99.6262
2025-07-07,경기,파주시,가격지수,전세,99.6141
2025-07-14,경기,파주시,가격지수,전세,99.639
2025-07-21,경기,파주시,가격지수,전세,99.6607
2025-07-28,경기,파주시,가격지수,전세,99.6577
2025-08-04,경기,파주시,가격지수,전세,99.6384
2025-08-11,경기,파주시,가격지수,전세,99.6709
2025-08-18,경기,파주시,가격지수,전세,99.6683
2025-08-25,경기,파주시,가격지수,전세,99.66
2025-09-01,경기,파주시,가격지수,전세,99.6534
2025-09-08,경기,파주시,가격지수,전세,99.6704
2025-09-15,경기,파주시,가격지수,전세,99.6984
2025-09-22,경기,파주시,가격지수,전세,99.7697
2025-09-29,경기,파주시,가격지수,전세,99.7228
2025-10-13,경기,파주시,가격지수,전세,99.7719
2025-10-20,경기,파주시,가격지수,전세,99.7984
2025-10-27,경기,파주시,가격지수,전세,99.8052
2025-11-03,경기,파주시,가격지수,전세,99.8394
2025-11-10,경기,파주시,가격지수,전세,99.8633
2025-11-17,경기,파주시,가격지수,전세,99.8639
2025-11-24,경기,파주시,가격지수,전세,99.9098
2025-12-01,경기,파주시,가격지수,전세,99.9223
2025-12-08,경기,파주시,가격지수,전세,99.9141
2025-12-15,경기,파주시,가격지수,전세,99.9445
2025-12-22,경기,파주시,가격지수,전세,99.9558
2025-12-29,경기,파주시,가격지수,전세,99.9584
2026-01-05,경기,파주시,가격지수,전세,99.9984
2026-01-12,경기,파주시,가격지수,전세,100.0
2026-01-19,경기,파주시,가격지수,전세,100.336
2026-01-26,경기,파주시,가격지수,전세,100.366
2026-02-02,경기,파주시,가격지수,전세,100.3896
2026-02-09,경기,파주시,가격지수,전세,100.3877
2026-02-23,경기,파주시,가격지수,전세,100.4157
2026-03-02,경기,파주시,가격지수,전세,100.4109
2026-03-09,경기,파주시,가격지수,전세,100.4186
2026-03-16,경기,파주시,가격지수,전세,100.4777
2026-03-23,경기,파주시,가격지수,전세,100.4826
2026-03-30,경기,파주시,가격지수,전세,100.4986
2026-04-06,경기,파주시,가격지수,전세,100.5477
2026-04-13,경기,파주시,가격지수,전세,100.5621
2026-04-20,경기,파주시,가격지수,전세,100.6291
2026-04-27,경기,파주시,가격지수,전세,100.6851
2026-05-04,경기,파주시,가격지수,전세,100.7056
2026-05-11,경기,파주시,가격지수,전세,100.849
2026-05-18,경기,파주시,가격지수,전세,100.8574
2026-05-25,경기,파주시,가격지수,전세,100.9057
2026-06-01,경기,파주시,가격지수,전세,100.9615
2026-06-08,경기,파주시,가격지수,전세,101.0099
2026-06-15,경기,파주시,가격지수,전세,101.0913
2026-06-22,경기,파주시,가격지수,전세,101.2313
2024-06-24,경기,평택시,가격지수,전세,104.3888
2024-07-01,경기,평택시,가격지수,전세,104.3255
2024-07-08,경기,평택시,가격지수,전세,104.1748
2024-07-15,경기,평택시,가격지수,전세,104.1495
2024-07-22,경기,평택시,가격지수,전세,104.146
2024-07-29,경기,평택시,가격지수,전세,104.1347
2024-08-05,경기,평택시,가격지수,전세,104.032
2024-08-12,경기,평택시,가격지수,전세,103.9814
2024-08-19,경기,평택시,가격지수,전세,103.9326
2024-08-26,경기,평택시,가격지수,전세,103.7597
2024-09-02,경기,평택시,가격지수,전세,103.7584
2024-09-09,경기,평택시,가격지수,전세,103.756
2024-09-23,경기,평택시,가격지수,전세,103.6185
2024-09-30,경기,평택시,가격지수,전세,103.6292
2024-10-07,경기,평택시,가격지수,전세,103.6327
2024-10-14,경기,평택시,가격지수,전세,103.5675
2024-10-21,경기,평택시,가격지수,전세,103.5462
2024-10-28,경기,평택시,가격지수,전세,103.5364
2024-11-04,경기,평택시,가격지수,전세,103.5004
2024-11-11,경기,평택시,가격지수,전세,103.4109
2024-11-18,경기,평택시,가격지수,전세,103.3254
2024-11-25,경기,평택시,가격지수,전세,103.2461
2024-12-02,경기,평택시,가격지수,전세,103.2221
2024-12-09,경기,평택시,가격지수,전세,103.1806
2024-12-16,경기,평택시,가격지수,전세,103.1416
2024-12-23,경기,평택시,가격지수,전세,103.0518
2024-12-30,경기,평택시,가격지수,전세,102.9796
2025-01-06,경기,평택시,가격지수,전세,102.8223
2025-01-13,경기,평택시,가격지수,전세,102.7525
2025-01-20,경기,평택시,가격지수,전세,102.6774
2025-02-03,경기,평택시,가격지수,전세,102.6571
2025-02-10,경기,평택시,가격지수,전세,102.5762
2025-02-17,경기,평택시,가격지수,전세,102.5412
2025-02-24,경기,평택시,가격지수,전세,102.4969
2025-03-03,경기,평택시,가격지수,전세,102.4793
2025-03-10,경기,평택시,가격지수,전세,102.4291
2025-03-17,경기,평택시,가격지수,전세,102.3378
2025-03-24,경기,평택시,가격지수,전세,102.2055
2025-03-31,경기,평택시,가격지수,전세,102.1758
2025-04-07,경기,평택시,가격지수,전세,102.0999
2025-04-14,경기,평택시,가격지수,전세,102.0784
2025-04-21,경기,평택시,가격지수,전세,102.0377
2025-04-28,경기,평택시,가격지수,전세,101.8981
2025-05-05,경기,평택시,가격지수,전세,101.86
2025-05-12,경기,평택시,가격지수,전세,101.8355
2025-05-19,경기,평택시,가격지수,전세,101.6958
2025-05-26,경기,평택시,가격지수,전세,101.6131
2025-06-02,경기,평택시,가격지수,전세,101.6002
2025-06-09,경기,평택시,가격지수,전세,101.5108
2025-06-16,경기,평택시,가격지수,전세,101.481
2025-06-23,경기,평택시,가격지수,전세,101.4853
2025-06-30,경기,평택시,가격지수,전세,101.4324
2025-07-07,경기,평택시,가격지수,전세,101.4349
2025-07-14,경기,평택시,가격지수,전세,101.4251
2025-07-21,경기,평택시,가격지수,전세,101.3335
2025-07-28,경기,평택시,가격지수,전세,101.1463
2025-08-04,경기,평택시,가격지수,전세,101.0896
2025-08-11,경기,평택시,가격지수,전세,100.9968
2025-08-18,경기,평택시,가격지수,전세,100.8846
2025-08-25,경기,평택시,가격지수,전세,100.8223
2025-09-01,경기,평택시,가격지수,전세,100.7985
2025-09-08,경기,평택시,가격지수,전세,100.7331
2025-09-15,경기,평택시,가격지수,전세,100.6529
2025-09-22,경기,평택시,가격지수,전세,100.6071
2025-09-29,경기,평택시,가격지수,전세,100.4147
2025-10-13,경기,평택시,가격지수,전세,100.3272
2025-10-20,경기,평택시,가격지수,전세,100.2695
2025-10-27,경기,평택시,가격지수,전세,100.164
2025-11-03,경기,평택시,가격지수,전세,100.1192
2025-11-10,경기,평택시,가격지수,전세,100.0709
2025-11-17,경기,평택시,가격지수,전세,100.0655
2025-11-24,경기,평택시,가격지수,전세,100.0649
2025-12-01,경기,평택시,가격지수,전세,100.0568
2025-12-08,경기,평택시,가격지수,전세,100.0183
2025-12-15,경기,평택시,가격지수,전세,100.0034
2025-12-22,경기,평택시,가격지수,전세,99.98
2025-12-29,경기,평택시,가격지수,전세,99.9841
2026-01-05,경기,평택시,가격지수,전세,99.9486
2026-01-12,경기,평택시,가격지수,전세,100.0
2026-01-19,경기,평택시,가격지수,전세,99.9888
2026-01-26,경기,평택시,가격지수,전세,99.908
2026-02-02,경기,평택시,가격지수,전세,99.8912
2026-02-09,경기,평택시,가격지수,전세,99.7558
2026-02-23,경기,평택시,가격지수,전세,99.7974
2026-03-02,경기,평택시,가격지수,전세,99.9303
2026-03-09,경기,평택시,가격지수,전세,100.259
2026-03-16,경기,평택시,가격지수,전세,100.3182
2026-03-23,경기,평택시,가격지수,전세,100.429
2026-03-30,경기,평택시,가격지수,전세,100.5338
2026-04-06,경기,평택시,가격지수,전세,100.6572
2026-04-13,경기,평택시,가격지수,전세,100.6898
2026-04-20,경기,평택시,가격지수,전세,100.7418
2026-04-27,경기,평택시,가격지수,전세,100.8089
2026-05-04,경기,평택시,가격지수,전세,100.8462
2026-05-11,경기,평택시,가격지수,전세,101.0073
2026-05-18,경기,평택시,가격지수,전세,101.1846
2026-05-25,경기,평택시,가격지수,전세,101.3511
2026-06-01,경기,평택시,가격지수,전세,101.4698
2026-06-08,경기,평택시,가격지수,전세,101.5885
2026-06-15,경기,평택시,가격지수,전세,101.6749
2026-06-22,경기,평택시,가격지수,전세,101.7597
2024-06-24,경기,포천시,가격지수,전세,103.5515
2024-07-01,경기,포천시,가격지수,전세,103.5515
2024-07-08,경기,포천시,가격지수,전세,103.5021
2024-07-15,경기,포천시,가격지수,전세,103.5021
2024-07-22,경기,포천시,가격지수,전세,103.5021
2024-07-29,경기,포천시,가격지수,전세,103.3681
2024-08-05,경기,포천시,가격지수,전세,103.3417
2024-08-12,경기,포천시,가격지수,전세,103.3417
2024-08-19,경기,포천시,가격지수,전세,103.2855
2024-08-26,경기,포천시,가격지수,전세,103.1848
2024-09-02,경기,포천시,가격지수,전세,103.1848
2024-09-09,경기,포천시,가격지수,전세,103.3129
2024-09-23,경기,포천시,가격지수,전세,103.3129
2024-09-30,경기,포천시,가격지수,전세,103.3129
2024-10-07,경기,포천시,가격지수,전세,103.3487
2024-10-14,경기,포천시,가격지수,전세,103.4151
2024-10-21,경기,포천시,가격지수,전세,103.3264
2024-10-28,경기,포천시,가격지수,전세,103.3264
2024-11-04,경기,포천시,가격지수,전세,103.3684
2024-11-11,경기,포천시,가격지수,전세,103.3684
2024-11-18,경기,포천시,가격지수,전세,103.3684
2024-11-25,경기,포천시,가격지수,전세,102.929
2024-12-02,경기,포천시,가격지수,전세,103.0362
2024-12-09,경기,포천시,가격지수,전세,102.9256
2024-12-16,경기,포천시,가격지수,전세,102.9161
2024-12-23,경기,포천시,가격지수,전세,102.8919
2024-12-30,경기,포천시,가격지수,전세,102.8254
2025-01-06,경기,포천시,가격지수,전세,102.2314
2025-01-13,경기,포천시,가격지수,전세,101.7253
2025-01-20,경기,포천시,가격지수,전세,101.8846
2025-02-03,경기,포천시,가격지수,전세,101.9345
2025-02-10,경기,포천시,가격지수,전세,101.6419
2025-02-17,경기,포천시,가격지수,전세,101.6482
2025-02-24,경기,포천시,가격지수,전세,101.6134
2025-03-03,경기,포천시,가격지수,전세,101.3504
2025-03-10,경기,포천시,가격지수,전세,100.9941
2025-03-17,경기,포천시,가격지수,전세,101.205
2025-03-24,경기,포천시,가격지수,전세,100.9541
2025-03-31,경기,포천시,가격지수,전세,100.8492
2025-04-07,경기,포천시,가격지수,전세,100.6037
2025-04-14,경기,포천시,가격지수,전세,100.4283
2025-04-21,경기,포천시,가격지수,전세,100.4283
2025-04-28,경기,포천시,가격지수,전세,100.193
2025-05-05,경기,포천시,가격지수,전세,100.193
2025-05-12,경기,포천시,가격지수,전세,100.193
2025-05-19,경기,포천시,가격지수,전세,99.9733
2025-05-26,경기,포천시,가격지수,전세,99.9129
2025-06-02,경기,포천시,가격지수,전세,99.9129
2025-06-09,경기,포천시,가격지수,전세,99.9129
2025-06-16,경기,포천시,가격지수,전세,99.9129
2025-06-23,경기,포천시,가격지수,전세,99.8216
2025-06-30,경기,포천시,가격지수,전세,99.8216
2025-07-07,경기,포천시,가격지수,전세,99.6423
2025-07-14,경기,포천시,가격지수,전세,99.6082
2025-07-21,경기,포천시,가격지수,전세,99.6082
2025-07-28,경기,포천시,가격지수,전세,99.6082
2025-08-04,경기,포천시,가격지수,전세,99.6888
2025-08-11,경기,포천시,가격지수,전세,99.8013
2025-08-18,경기,포천시,가격지수,전세,99.8094
2025-08-25,경기,포천시,가격지수,전세,99.8094
2025-09-01,경기,포천시,가격지수,전세,99.7549
2025-09-08,경기,포천시,가격지수,전세,99.7549
2025-09-15,경기,포천시,가격지수,전세,99.8365
2025-09-22,경기,포천시,가격지수,전세,99.8365
2025-09-29,경기,포천시,가격지수,전세,99.8597
2025-10-13,경기,포천시,가격지수,전세,99.879
2025-10-20,경기,포천시,가격지수,전세,99.879
2025-10-27,경기,포천시,가격지수,전세,99.879
2025-11-03,경기,포천시,가격지수,전세,99.879
2025-11-10,경기,포천시,가격지수,전세,99.8218
2025-11-17,경기,포천시,가격지수,전세,99.8218
2025-11-24,경기,포천시,가격지수,전세,99.9055
2025-12-01,경기,포천시,가격지수,전세,99.9055
2025-12-08,경기,포천시,가격지수,전세,99.9055
2025-12-15,경기,포천시,가격지수,전세,99.9055
2025-12-22,경기,포천시,가격지수,전세,99.9055
2025-12-29,경기,포천시,가격지수,전세,99.9055
2026-01-05,경기,포천시,가격지수,전세,99.9055
2026-01-12,경기,포천시,가격지수,전세,100.0
2026-01-19,경기,포천시,가격지수,전세,100.3968
2026-01-26,경기,포천시,가격지수,전세,100.5357
2026-02-02,경기,포천시,가격지수,전세,100.5625
2026-02-09,경기,포천시,가격지수,전세,100.8003
2026-02-23,경기,포천시,가격지수,전세,101.1284
2026-03-02,경기,포천시,가격지수,전세,101.1284
2026-03-09,경기,포천시,가격지수,전세,101.1606
2026-03-16,경기,포천시,가격지수,전세,101.3111
2026-03-23,경기,포천시,가격지수,전세,101.3111
2026-03-30,경기,포천시,가격지수,전세,101.3111
2026-04-06,경기,포천시,가격지수,전세,101.4081
2026-04-13,경기,포천시,가격지수,전세,101.456
2026-04-20,경기,포천시,가격지수,전세,101.6835
2026-04-27,경기,포천시,가격지수,전세,101.6835
2026-05-04,경기,포천시,가격지수,전세,101.6835
2026-05-11,경기,포천시,가격지수,전세,101.7
2026-05-18,경기,포천시,가격지수,전세,101.7606
2026-05-25,경기,포천시,가격지수,전세,101.8868
2026-06-01,경기,포천시,가격지수,전세,101.8868
2026-06-08,경기,포천시,가격지수,전세,101.8868
2026-06-15,경기,포천시,가격지수,전세,101.8868
2026-06-22,경기,포천시,가격지수,전세,101.9657
2024-06-24,경기,하남시,가격지수,전세,85.6273
2024-07-01,경기,하남시,가격지수,전세,85.7134
2024-07-08,경기,하남시,가격지수,전세,85.877
2024-07-15,경기,하남시,가격지수,전세,86.0097
2024-07-22,경기,하남시,가격지수,전세,86.2773
2024-07-29,경기,하남시,가격지수,전세,86.5625
2024-08-05,경기,하남시,가격지수,전세,86.616
2024-08-12,경기,하남시,가격지수,전세,86.7284
2024-08-19,경기,하남시,가격지수,전세,86.8846
2024-08-26,경기,하남시,가격지수,전세,86.9925
2024-09-02,경기,하남시,가격지수,전세,87.2124
2024-09-09,경기,하남시,가격지수,전세,87.3822
2024-09-23,경기,하남시,가격지수,전세,87.4758
2024-09-30,경기,하남시,가격지수,전세,87.6179
2024-10-07,경기,하남시,가격지수,전세,87.9261
2024-10-14,경기,하남시,가격지수,전세,88.1717
2024-10-21,경기,하남시,가격지수,전세,88.1935
2024-10-28,경기,하남시,가격지수,전세,88.4116
2024-11-04,경기,하남시,가격지수,전세,88.6934
2024-11-11,경기,하남시,가격지수,전세,88.8135
2024-11-18,경기,하남시,가격지수,전세,88.8584
2024-11-25,경기,하남시,가격지수,전세,88.9213
2024-12-02,경기,하남시,가격지수,전세,88.9434
2024-12-09,경기,하남시,가격지수,전세,88.9663
2024-12-16,경기,하남시,가격지수,전세,88.9929
2024-12-23,경기,하남시,가격지수,전세,88.991
2024-12-30,경기,하남시,가격지수,전세,88.9966
2025-01-06,경기,하남시,가격지수,전세,88.9946
2025-01-13,경기,하남시,가격지수,전세,88.9703
2025-01-20,경기,하남시,가격지수,전세,88.9683
2025-02-03,경기,하남시,가격지수,전세,89.0293
2025-02-10,경기,하남시,가격지수,전세,89.2195
2025-02-17,경기,하남시,가격지수,전세,89.2799
2025-02-24,경기,하남시,가격지수,전세,89.3233
2025-03-03,경기,하남시,가격지수,전세,89.5009
2025-03-10,경기,하남시,가격지수,전세,89.6204
2025-03-17,경기,하남시,가격지수,전세,89.744
2025-03-24,경기,하남시,가격지수,전세,89.7831
2025-03-31,경기,하남시,가격지수,전세,89.9082
2025-04-07,경기,하남시,가격지수,전세,90.0142
2025-04-14,경기,하남시,가격지수,전세,90.087
2025-04-21,경기,하남시,가격지수,전세,90.15
2025-04-28,경기,하남시,가격지수,전세,90.2264
2025-05-05,경기,하남시,가격지수,전세,90.3097
2025-05-12,경기,하남시,가격지수,전세,90.4298
2025-05-19,경기,하남시,가격지수,전세,90.5292
2025-05-26,경기,하남시,가격지수,전세,90.648
2025-06-02,경기,하남시,가격지수,전세,90.7577
2025-06-09,경기,하남시,가격지수,전세,90.9228
2025-06-16,경기,하남시,가격지수,전세,91.0326
2025-06-23,경기,하남시,가격지수,전세,91.1545
2025-06-30,경기,하남시,가격지수,전세,91.2535
2025-07-07,경기,하남시,가격지수,전세,91.4251
2025-07-14,경기,하남시,가격지수,전세,91.5821
2025-07-21,경기,하남시,가격지수,전세,91.7647
2025-07-28,경기,하남시,가격지수,전세,92.0827
2025-08-04,경기,하남시,가격지수,전세,92.183
2025-08-11,경기,하남시,가격지수,전세,92.4834
2025-08-18,경기,하남시,가격지수,전세,92.7692
2025-08-25,경기,하남시,가격지수,전세,92.8682
2025-09-01,경기,하남시,가격지수,전세,93.1964
2025-09-08,경기,하남시,가격지수,전세,93.4365
2025-09-15,경기,하남시,가격지수,전세,93.6841
2025-09-22,경기,하남시,가격지수,전세,94.1982
2025-09-29,경기,하남시,가격지수,전세,94.4345
2025-10-13,경기,하남시,가격지수,전세,94.8856
2025-10-20,경기,하남시,가격지수,전세,95.5169
2025-10-27,경기,하남시,가격지수,전세,95.869
2025-11-03,경기,하남시,가격지수,전세,96.1997
2025-11-10,경기,하남시,가격지수,전세,96.6475
2025-11-17,경기,하남시,가격지수,전세,97.2459
2025-11-24,경기,하남시,가격지수,전세,97.6819
2025-12-01,경기,하남시,가격지수,전세,98.0236
2025-12-08,경기,하남시,가격지수,전세,98.3361
2025-12-15,경기,하남시,가격지수,전세,98.9159
2025-12-22,경기,하남시,가격지수,전세,99.1149
2025-12-29,경기,하남시,가격지수,전세,99.4158
2026-01-05,경기,하남시,가격지수,전세,99.6668
2026-01-12,경기,하남시,가격지수,전세,100.0
2026-01-19,경기,하남시,가격지수,전세,100.4218
2026-01-26,경기,하남시,가격지수,전세,100.496
2026-02-02,경기,하남시,가격지수,전세,100.7267
2026-02-09,경기,하남시,가격지수,전세,100.8417
2026-02-23,경기,하남시,가격지수,전세,101.3137
2026-03-02,경기,하남시,가격지수,전세,101.55
2026-03-09,경기,하남시,가격지수,전세,101.8447
2026-03-16,경기,하남시,가격지수,전세,102.4894
2026-03-23,경기,하남시,가격지수,전세,102.7652
2026-03-30,경기,하남시,가격지수,전세,103.0533
2026-04-06,경기,하남시,가격지수,전세,103.4051
2026-04-13,경기,하남시,가격지수,전세,103.5484
2026-04-20,경기,하남시,가격지수,전세,103.7913
2026-04-27,경기,하남시,가격지수,전세,104.0298
2026-05-04,경기,하남시,가격지수,전세,104.1813
2026-05-11,경기,하남시,가격지수,전세,104.5057
2026-05-18,경기,하남시,가격지수,전세,104.8135
2026-05-25,경기,하남시,가격지수,전세,105.0702
2026-06-01,경기,하남시,가격지수,전세,105.3732
2026-06-08,경기,하남시,가격지수,전세,105.5297
2026-06-15,경기,하남시,가격지수,전세,106.1114
2026-06-22,경기,하남시,가격지수,전세,106.2451
2024-06-24,경기,화성시,가격지수,전세,94.8549
2024-07-01,경기,화성시,가격지수,전세,94.9042
2024-07-08,경기,화성시,가격지수,전세,94.9876
2024-07-15,경기,화성시,가격지수,전세,95.0655
2024-07-22,경기,화성시,가격지수,전세,95.1147
2024-07-29,경기,화성시,가격지수,전세,95.178
2024-08-05,경기,화성시,가격지수,전세,95.2402
2024-08-12,경기,화성시,가격지수,전세,95.3784
2024-08-19,경기,화성시,가격지수,전세,95.4449
2024-08-26,경기,화성시,가격지수,전세,95.6122
2024-09-02,경기,화성시,가격지수,전세,95.7454
2024-09-09,경기,화성시,가격지수,전세,95.871
2024-09-23,경기,화성시,가격지수,전세,96.0365
2024-09-30,경기,화성시,가격지수,전세,96.2035
2024-10-07,경기,화성시,가격지수,전세,96.3717
2024-10-14,경기,화성시,가격지수,전세,96.5499
2024-10-21,경기,화성시,가격지수,전세,96.702
2024-10-28,경기,화성시,가격지수,전세,96.841
2024-11-04,경기,화성시,가격지수,전세,96.9827
2024-11-11,경기,화성시,가격지수,전세,97.103
2024-11-18,경기,화성시,가격지수,전세,97.2117
2024-11-25,경기,화성시,가격지수,전세,97.2639
2024-12-02,경기,화성시,가격지수,전세,97.3792
2024-12-09,경기,화성시,가격지수,전세,97.5306
2024-12-16,경기,화성시,가격지수,전세,97.6201
2024-12-23,경기,화성시,가격지수,전세,97.7312
2024-12-30,경기,화성시,가격지수,전세,97.7976
2025-01-06,경기,화성시,가격지수,전세,97.8056
2025-01-13,경기,화성시,가격지수,전세,97.81
2025-01-20,경기,화성시,가격지수,전세,97.8019
2025-02-03,경기,화성시,가격지수,전세,97.8227
2025-02-10,경기,화성시,가격지수,전세,97.869
2025-02-17,경기,화성시,가격지수,전세,97.8846
2025-02-24,경기,화성시,가격지수,전세,97.8853
2025-03-03,경기,화성시,가격지수,전세,97.8852
2025-03-10,경기,화성시,가격지수,전세,97.8785
2025-03-17,경기,화성시,가격지수,전세,97.8571
2025-03-24,경기,화성시,가격지수,전세,97.8612
2025-03-31,경기,화성시,가격지수,전세,97.8891
2025-04-07,경기,화성시,가격지수,전세,97.8743
2025-04-14,경기,화성시,가격지수,전세,97.8763
2025-04-21,경기,화성시,가격지수,전세,97.8906
2025-04-28,경기,화성시,가격지수,전세,97.9042
2025-05-05,경기,화성시,가격지수,전세,97.9099
2025-05-12,경기,화성시,가격지수,전세,97.9169
2025-05-19,경기,화성시,가격지수,전세,97.9328
2025-05-26,경기,화성시,가격지수,전세,97.9408
2025-06-02,경기,화성시,가격지수,전세,97.9849
2025-06-09,경기,화성시,가격지수,전세,98.0064
2025-06-16,경기,화성시,가격지수,전세,98.0452
2025-06-23,경기,화성시,가격지수,전세,98.0909
2025-06-30,경기,화성시,가격지수,전세,98.1214
2025-07-07,경기,화성시,가격지수,전세,98.179
2025-07-14,경기,화성시,가격지수,전세,98.2008
2025-07-21,경기,화성시,가격지수,전세,98.2087
2025-07-28,경기,화성시,가격지수,전세,98.224
2025-08-04,경기,화성시,가격지수,전세,98.2489
2025-08-11,경기,화성시,가격지수,전세,98.2668
2025-08-18,경기,화성시,가격지수,전세,98.2997
2025-08-25,경기,화성시,가격지수,전세,98.298
2025-09-01,경기,화성시,가격지수,전세,98.3048
2025-09-08,경기,화성시,가격지수,전세,98.3376
2025-09-15,경기,화성시,가격지수,전세,98.3548
2025-09-22,경기,화성시,가격지수,전세,98.3861
2025-09-29,경기,화성시,가격지수,전세,98.4164
2025-10-13,경기,화성시,가격지수,전세,98.4768
2025-10-20,경기,화성시,가격지수,전세,98.5665
2025-10-27,경기,화성시,가격지수,전세,98.63
2025-11-03,경기,화성시,가격지수,전세,98.7224
2025-11-10,경기,화성시,가격지수,전세,98.8604
2025-11-17,경기,화성시,가격지수,전세,98.9992
2025-11-24,경기,화성시,가격지수,전세,99.1357
2025-12-01,경기,화성시,가격지수,전세,99.2462
2025-12-08,경기,화성시,가격지수,전세,99.338
2025-12-15,경기,화성시,가격지수,전세,99.443
2025-12-22,경기,화성시,가격지수,전세,99.6127
2025-12-29,경기,화성시,가격지수,전세,99.8191
2026-01-05,경기,화성시,가격지수,전세,99.8784
2026-01-12,경기,화성시,가격지수,전세,100.0
2026-01-19,경기,화성시,가격지수,전세,100.0901
2026-01-26,경기,화성시,가격지수,전세,100.2453
2026-02-02,경기,화성시,가격지수,전세,100.3279
2026-02-09,경기,화성시,가격지수,전세,100.3945
2026-02-23,경기,화성시,가격지수,전세,100.6081
2026-03-02,경기,화성시,가격지수,전세,100.7188
2026-03-09,경기,화성시,가격지수,전세,100.8508
2026-03-16,경기,화성시,가격지수,전세,100.9728
2026-03-23,경기,화성시,가격지수,전세,101.1092
2026-03-30,경기,화성시,가격지수,전세,101.3198
2026-04-06,경기,화성시,가격지수,전세,101.5413
2026-04-13,경기,화성시,가격지수,전세,101.7051
2026-04-20,경기,화성시,가격지수,전세,101.9576
2026-04-27,경기,화성시,가격지수,전세,102.2287
2026-05-04,경기,화성시,가격지수,전세,102.4315
2026-05-11,경기,화성시,가격지수,전세,102.7296
2026-05-18,경기,화성시,가격지수,전세,103.0063
2026-05-25,경기,화성시,가격지수,전세,103.3666
2026-06-01,경기,화성시,가격지수,전세,103.605
2026-06-08,경기,화성시,가격지수,전세,103.8861
2026-06-15,경기,화성시,가격지수,전세,104.1539
2026-06-22,경기,화성시,가격지수,전세,104.4956
2026-02-02,경기,화성시 동탄구,가격지수,전세,100.4301
2026-02-09,경기,화성시 동탄구,가격지수,전세,100.4546
2026-02-23,경기,화성시 동탄구,가격지수,전세,100.7891
2026-03-02,경기,화성시 동탄구,가격지수,전세,100.937
2026-03-09,경기,화성시 동탄구,가격지수,전세,101.1237
2026-03-16,경기,화성시 동탄구,가격지수,전세,101.2635
2026-03-23,경기,화성시 동탄구,가격지수,전세,101.5164
2026-03-30,경기,화성시 동탄구,가격지수,전세,101.7578
2026-04-06,경기,화성시 동탄구,가격지수,전세,102.0711
2026-04-13,경기,화성시 동탄구,가격지수,전세,102.2861
2026-04-20,경기,화성시 동탄구,가격지수,전세,102.7549
2026-04-27,경기,화성시 동탄구,가격지수,전세,103.1303
2026-05-04,경기,화성시 동탄구,가격지수,전세,103.5586
2026-05-11,경기,화성시 동탄구,가격지수,전세,104.1648
2026-05-18,경기,화성시 동탄구,가격지수,전세,104.6481
2026-05-25,경기,화성시 동탄구,가격지수,전세,105.3684
2026-06-01,경기,화성시 동탄구,가격지수,전세,105.812
2026-06-08,경기,화성시 동탄구,가격지수,전세,106.2443
2026-06-15,경기,화성시 동탄구,가격지수,전세,106.7936
2026-06-22,경기,화성시 동탄구,가격지수,전세,107.4265
2026-02-02,경기,화성시 만세구,가격지수,전세,100.3124
2026-02-09,경기,화성시 만세구,가격지수,전세,100.3124
2026-02-23,경기,화성시 만세구,가격지수,전세,100.3344
2026-03-02,경기,화성시 만세구,가격지수,전세,100.3768
2026-03-09,경기,화성시 만세구,가격지수,전세,100.446
2026-03-16,경기,화성시 만세구,가격지수,전세,100.4918
2026-03-23,경기,화성시 만세구,가격지수,전세,100.5028
2026-03-30,경기,화성시 만세구,가격지수,전세,100.5281
2026-04-06,경기,화성시 만세구,가격지수,전세,100.6208
2026-04-13,경기,화성시 만세구,가격지수,전세,100.6208
2026-04-20,경기,화성시 만세구,가격지수,전세,100.6814
2026-04-27,경기,화성시 만세구,가격지수,전세,100.8159
2026-05-04,경기,화성시 만세구,가격지수,전세,100.8318
2026-05-11,경기,화성시 만세구,가격지수,전세,100.8679
2026-05-18,경기,화성시 만세구,가격지수,전세,100.9903
2026-05-25,경기,화성시 만세구,가격지수,전세,101.0235
2026-06-01,경기,화성시 만세구,가격지수,전세,101.035
2026-06-08,경기,화성시 만세구,가격지수,전세,101.035
2026-06-15,경기,화성시 만세구,가격지수,전세,101.0589
2026-06-22,경기,화성시 만세구,가격지수,전세,101.0891
2026-02-02,경기,화성시 병점구,가격지수,전세,100.4992
2026-02-09,경기,화성시 병점구,가격지수,전세,100.561
2026-02-23,경기,화성시 병점구,가격지수,전세,100.8256
2026-03-02,경기,화성시 병점구,가격지수,전세,100.8696
2026-03-09,경기,화성시 병점구,가격지수,전세,101.0053
2026-03-16,경기,화성시 병점구,가격지수,전세,101.1237
2026-03-23,경기,화성시 병점구,가격지수,전세,101.2098
2026-03-30,경기,화성시 병점구,가격지수,전세,101.6287
2026-04-06,경기,화성시 병점구,가격지수,전세,101.9383
2026-04-13,경기,화성시 병점구,가격지수,전세,102.0402
2026-04-20,경기,화성시 병점구,가격지수,전세,102.119
2026-04-27,경기,화성시 병점구,가격지수,전세,102.4858
2026-05-04,경기,화성시 병점구,가격지수,전세,102.5387
2026-05-11,경기,화성시 병점구,가격지수,전세,102.6505
2026-05-18,경기,화성시 병점구,가격지수,전세,102.8391
2026-05-25,경기,화성시 병점구,가격지수,전세,103.0224
2026-06-01,경기,화성시 병점구,가격지수,전세,103.2219
2026-06-08,경기,화성시 병점구,가격지수,전세,103.6491
2026-06-15,경기,화성시 병점구,가격지수,전세,103.7212
2026-06-22,경기,화성시 병점구,가격지수,전세,103.9726
2026-02-02,경기,화성시 효행구,가격지수,전세,100.31
2026-02-09,경기,화성시 효행구,가격지수,전세,100.5619
2026-02-23,경기,화성시 효행구,가격지수,전세,100.5746
2026-03-02,경기,화성시 효행구,가격지수,전세,100.7406
2026-03-09,경기,화성시 효행구,가격지수,전세,100.7841
2026-03-16,경기,화성시 효행구,가격지수,전세,100.939
2026-03-23,경기,화성시 효행구,가격지수,전세,100.9561
2026-03-30,경기,화성시 효행구,가격지수,전세,101.0056
2026-04-06,경기,화성시 효행구,가격지수,전세,101.0056
2026-04-13,경기,화성시 효행구,가격지수,전세,101.2727
2026-04-20,경기,화성시 효행구,가격지수,전세,101.3717
2026-04-27,경기,화성시 효행구,가격지수,전세,101.39
2026-05-04,경기,화성시 효행구,가격지수,전세,101.39
2026-05-11,경기,화성시 효행구,가격지수,전세,101.3987
2026-05-18,경기,화성시 효행구,가격지수,전세,101.4185
2026-05-25,경기,화성시 효행구,가격지수,전세,101.4185
2026-06-01,경기,화성시 효행구,가격지수,전세,101.4185
2026-06-08,경기,화성시 효행구,가격지수,전세,101.4271
2026-06-15,경기,화성시 효행구,가격지수,전세,101.4837
2026-06-22,경기,화성시 효행구,가격지수,전세,101.5312
2022-11-01,경기,가평군,전세가율,전세가율,75.267
2022-12-01,경기,가평군,전세가율,전세가율,75.0845
2023-01-01,경기,가평군,전세가율,전세가율,74.9137
2023-02-01,경기,가평군,전세가율,전세가율,74.932
2023-03-01,경기,가평군,전세가율,전세가율,74.932
2023-04-01,경기,가평군,전세가율,전세가율,74.7682
2023-05-01,경기,가평군,전세가율,전세가율,74.8614
2023-06-01,경기,가평군,전세가율,전세가율,74.8614
2023-07-01,경기,가평군,전세가율,전세가율,74.8921
2023-08-01,경기,가평군,전세가율,전세가율,72.7608
2023-09-01,경기,가평군,전세가율,전세가율,74.3825
2023-10-01,경기,가평군,전세가율,전세가율,74.5253
2023-11-01,경기,가평군,전세가율,전세가율,74.4707
2023-12-01,경기,가평군,전세가율,전세가율,74.5138
2024-01-01,경기,가평군,전세가율,전세가율,74.3604
2024-02-01,경기,가평군,전세가율,전세가율,74.2813
2024-03-01,경기,가평군,전세가율,전세가율,74.1364
2024-04-01,경기,가평군,전세가율,전세가율,74.1849
2024-05-01,경기,가평군,전세가율,전세가율,74.4135
2024-06-01,경기,가평군,전세가율,전세가율,74.9985
2024-07-01,경기,가평군,전세가율,전세가율,74.9985
2024-08-01,경기,가평군,전세가율,전세가율,75.0299
2024-09-01,경기,가평군,전세가율,전세가율,74.4685
2024-10-01,경기,가평군,전세가율,전세가율,74.4685
2024-11-01,경기,가평군,전세가율,전세가율,73.6116
2024-12-01,경기,가평군,전세가율,전세가율,73.6308
2025-01-01,경기,가평군,전세가율,전세가율,73.5171
2025-02-01,경기,가평군,전세가율,전세가율,73.4746
2025-03-01,경기,가평군,전세가율,전세가율,73.7307
2025-04-01,경기,가평군,전세가율,전세가율,73.9085
2025-05-01,경기,가평군,전세가율,전세가율,73.9085
2025-06-01,경기,가평군,전세가율,전세가율,74.2016
2025-07-01,경기,가평군,전세가율,전세가율,74.2193
2025-08-01,경기,가평군,전세가율,전세가율,75.3583
2025-09-01,경기,가평군,전세가율,전세가율,75.5522
2025-10-01,경기,가평군,전세가율,전세가율,75.2632
2025-11-01,경기,가평군,전세가율,전세가율,75.1828
2025-12-01,경기,가평군,전세가율,전세가율,75.3406
2026-01-01,경기,가평군,전세가율,전세가율,75.3347
2026-02-01,경기,가평군,전세가율,전세가율,75.3347
2026-03-01,경기,가평군,전세가율,전세가율,75.3011
2026-04-01,경기,가평군,전세가율,전세가율,75.4888
2026-05-01,경기,가평군,전세가율,전세가율,75.6984
2026-06-01,경기,가평군,전세가율,전세가율,75.7596
2013-04-01,경기,고양시,전세가율,전세가율,56.7651
2013-05-01,경기,고양시,전세가율,전세가율,57.3938
2013-06-01,경기,고양시,전세가율,전세가율,57.8198
2013-07-01,경기,고양시,전세가율,전세가율,58.3924
2013-08-01,경기,고양시,전세가율,전세가율,59.4524
2013-09-01,경기,고양시,전세가율,전세가율,61.0935
2013-10-01,경기,고양시,전세가율,전세가율,62.5337
2013-11-01,경기,고양시,전세가율,전세가율,63.7031
2013-12-01,경기,고양시,전세가율,전세가율,64.4778
2014-01-01,경기,고양시,전세가율,전세가율,65.0588
2014-02-01,경기,고양시,전세가율,전세가율,65.7464
2014-03-01,경기,고양시,전세가율,전세가율,66.2736
2014-04-01,경기,고양시,전세가율,전세가율,66.6769
2014-05-01,경기,고양시,전세가율,전세가율,66.8464
2014-06-01,경기,고양시,전세가율,전세가율,67.146
2014-07-01,경기,고양시,전세가율,전세가율,67.4706
2014-08-01,경기,고양시,전세가율,전세가율,67.5906
2014-09-01,경기,고양시,전세가율,전세가율,67.9438
2014-10-01,경기,고양시,전세가율,전세가율,68.225
2014-11-01,경기,고양시,전세가율,전세가율,68.7985
2014-12-01,경기,고양시,전세가율,전세가율,69.6149
2015-01-01,경기,고양시,전세가율,전세가율,70.3198
2015-02-01,경기,고양시,전세가율,전세가율,70.8396
2015-03-01,경기,고양시,전세가율,전세가율,71.696
2015-04-01,경기,고양시,전세가율,전세가율,72.254
2015-05-01,경기,고양시,전세가율,전세가율,72.6468
2015-06-01,경기,고양시,전세가율,전세가율,73.8448
2015-07-01,경기,고양시,전세가율,전세가율,75.5571
2015-08-01,경기,고양시,전세가율,전세가율,76.009
2015-09-01,경기,고양시,전세가율,전세가율,77.1939
2015-10-01,경기,고양시,전세가율,전세가율,77.8339
2015-11-01,경기,고양시,전세가율,전세가율,79.4229
2015-12-01,경기,고양시,전세가율,전세가율,79.9603
2016-01-01,경기,고양시,전세가율,전세가율,79.6732
2016-02-01,경기,고양시,전세가율,전세가율,80.3501
2016-03-01,경기,고양시,전세가율,전세가율,80.6184
2016-04-01,경기,고양시,전세가율,전세가율,80.8337
2016-05-01,경기,고양시,전세가율,전세가율,81.33
2016-06-01,경기,고양시,전세가율,전세가율,81.5165
2016-07-01,경기,고양시,전세가율,전세가율,81.5059
2016-08-01,경기,고양시,전세가율,전세가율,81.2919
2016-09-01,경기,고양시,전세가율,전세가율,81.0323
2016-10-01,경기,고양시,전세가율,전세가율,80.8935
2016-11-01,경기,고양시,전세가율,전세가율,80.7321
2016-12-01,경기,고양시,전세가율,전세가율,80.8346
2017-01-01,경기,고양시,전세가율,전세가율,81.3186
2017-02-01,경기,고양시,전세가율,전세가율,81.4835
2017-03-01,경기,고양시,전세가율,전세가율,81.5043
2017-04-01,경기,고양시,전세가율,전세가율,81.3438
2017-05-01,경기,고양시,전세가율,전세가율,81.4299
2017-06-01,경기,고양시,전세가율,전세가율,81.4165
2017-07-01,경기,고양시,전세가율,전세가율,81.0466
2017-08-01,경기,고양시,전세가율,전세가율,80.7422
2017-09-01,경기,고양시,전세가율,전세가율,80.5935
2017-10-01,경기,고양시,전세가율,전세가율,80.5535
2017-11-01,경기,고양시,전세가율,전세가율,80.5739
2017-12-01,경기,고양시,전세가율,전세가율,80.5908
2018-01-01,경기,고양시,전세가율,전세가율,80.8488
2018-02-01,경기,고양시,전세가율,전세가율,80.8939
2018-03-01,경기,고양시,전세가율,전세가율,80.7963
2018-04-01,경기,고양시,전세가율,전세가율,80.6459
2018-05-01,경기,고양시,전세가율,전세가율,80.4466
2018-06-01,경기,고양시,전세가율,전세가율,80.4225
2018-07-01,경기,고양시,전세가율,전세가율,80.2255
2018-08-01,경기,고양시,전세가율,전세가율,80.1492
2018-09-01,경기,고양시,전세가율,전세가율,79.8297
2018-10-01,경기,고양시,전세가율,전세가율,79.0276
2018-11-01,경기,고양시,전세가율,전세가율,78.5212
2018-12-01,경기,고양시,전세가율,전세가율,78.0883
2019-01-01,경기,고양시,전세가율,전세가율,77.8632
2019-02-01,경기,고양시,전세가율,전세가율,77.4105
2019-03-01,경기,고양시,전세가율,전세가율,77.1312
2019-04-01,경기,고양시,전세가율,전세가율,77.0065
2019-05-01,경기,고양시,전세가율,전세가율,76.8263
2019-06-01,경기,고양시,전세가율,전세가율,76.685
2019-07-01,경기,고양시,전세가율,전세가율,76.8779
2019-08-01,경기,고양시,전세가율,전세가율,76.7415
2019-09-01,경기,고양시,전세가율,전세가율,76.7199
2019-10-01,경기,고양시,전세가율,전세가율,76.7942
2019-11-01,경기,고양시,전세가율,전세가율,76.7427
2019-12-01,경기,고양시,전세가율,전세가율,76.5124
2020-01-01,경기,고양시,전세가율,전세가율,76.3032
2020-02-01,경기,고양시,전세가율,전세가율,76.1767
2020-03-01,경기,고양시,전세가율,전세가율,75.7261
2020-04-01,경기,고양시,전세가율,전세가율,75.51
2020-05-01,경기,고양시,전세가율,전세가율,75.6717
2020-06-01,경기,고양시,전세가율,전세가율,75.4204
2020-07-01,경기,고양시,전세가율,전세가율,74.7151
2020-08-01,경기,고양시,전세가율,전세가율,74.5691
2020-09-01,경기,고양시,전세가율,전세가율,76.2572
2020-10-01,경기,고양시,전세가율,전세가율,76.7845
2020-11-01,경기,고양시,전세가율,전세가율,77.9175
2020-12-01,경기,고양시,전세가율,전세가율,77.5508
2021-01-01,경기,고양시,전세가율,전세가율,74.4597
2021-02-01,경기,고양시,전세가율,전세가율,71.5359
2021-03-01,경기,고양시,전세가율,전세가율,68.8747
2021-04-01,경기,고양시,전세가율,전세가율,68.3729
2021-05-01,경기,고양시,전세가율,전세가율,68.3702
2021-06-01,경기,고양시,전세가율,전세가율,68.3807
2021-07-01,경기,고양시,전세가율,전세가율,68.3736
2021-08-01,경기,고양시,전세가율,전세가율,68.8809
2021-09-01,경기,고양시,전세가율,전세가율,69.2986
2021-10-01,경기,고양시,전세가율,전세가율,68.8977
2021-11-01,경기,고양시,전세가율,전세가율,68.4859
2021-12-01,경기,고양시,전세가율,전세가율,68.7101
2022-01-01,경기,고양시,전세가율,전세가율,68.9507
2022-02-01,경기,고양시,전세가율,전세가율,68.9666
2022-03-01,경기,고양시,전세가율,전세가율,69.3048
2022-04-01,경기,고양시,전세가율,전세가율,69.8794
2022-05-01,경기,고양시,전세가율,전세가율,69.8983
2022-06-01,경기,고양시,전세가율,전세가율,70.1905
2022-07-01,경기,고양시,전세가율,전세가율,70.1962
2022-08-01,경기,고양시,전세가율,전세가율,70.2456
2022-09-01,경기,고양시,전세가율,전세가율,70.0782
2022-10-01,경기,고양시,전세가율,전세가율,69.4098
2022-11-01,경기,고양시,전세가율,전세가율,68.1124
2022-12-01,경기,고양시,전세가율,전세가율,66.7004
2023-01-01,경기,고양시,전세가율,전세가율,65.3795
2023-02-01,경기,고양시,전세가율,전세가율,63.4487
2023-03-01,경기,고양시,전세가율,전세가율,63.2223
2023-04-01,경기,고양시,전세가율,전세가율,63.2297
2023-05-01,경기,고양시,전세가율,전세가율,63.3524
2023-06-01,경기,고양시,전세가율,전세가율,63.5515
2023-07-01,경기,고양시,전세가율,전세가율,63.6319
2023-08-01,경기,고양시,전세가율,전세가율,64.0141
2023-09-01,경기,고양시,전세가율,전세가율,64.271
2023-10-01,경기,고양시,전세가율,전세가율,64.7895
2023-11-01,경기,고양시,전세가율,전세가율,65.3439
2023-12-01,경기,고양시,전세가율,전세가율,65.9317
2024-01-01,경기,고양시,전세가율,전세가율,66.4826
2024-02-01,경기,고양시,전세가율,전세가율,66.7342
2024-03-01,경기,고양시,전세가율,전세가율,67.0818
2024-04-01,경기,고양시,전세가율,전세가율,67.3713
2024-05-01,경기,고양시,전세가율,전세가율,67.5916
2024-06-01,경기,고양시,전세가율,전세가율,67.7281
2024-07-01,경기,고양시,전세가율,전세가율,68.1683
2024-08-01,경기,고양시,전세가율,전세가율,68.5161
2024-09-01,경기,고양시,전세가율,전세가율,69.0173
2024-10-01,경기,고양시,전세가율,전세가율,69.3169
2024-11-01,경기,고양시,전세가율,전세가율,69.646
2024-12-01,경기,고양시,전세가율,전세가율,69.9483
2025-01-01,경기,고양시,전세가율,전세가율,70.2689
2025-02-01,경기,고양시,전세가율,전세가율,70.481
2025-03-01,경기,고양시,전세가율,전세가율,70.7324
2025-04-01,경기,고양시,전세가율,전세가율,70.997
2025-05-01,경기,고양시,전세가율,전세가율,71.1922
2025-06-01,경기,고양시,전세가율,전세가율,71.4515
2025-07-01,경기,고양시,전세가율,전세가율,71.5516
2025-08-01,경기,고양시,전세가율,전세가율,71.5156
2025-09-01,경기,고양시,전세가율,전세가율,71.4653
2025-10-01,경기,고양시,전세가율,전세가율,71.4533
2025-11-01,경기,고양시,전세가율,전세가율,71.5335
2025-12-01,경기,고양시,전세가율,전세가율,71.5837
2026-01-01,경기,고양시,전세가율,전세가율,71.6052
2026-02-01,경기,고양시,전세가율,전세가율,71.5578
2026-03-01,경기,고양시,전세가율,전세가율,71.6782
2026-04-01,경기,고양시,전세가율,전세가율,71.8145
2026-05-01,경기,고양시,전세가율,전세가율,71.9783
2026-06-01,경기,고양시,전세가율,전세가율,72.2462
2013-04-01,경기,고양시 덕양구,전세가율,전세가율,61.0597
2013-05-01,경기,고양시 덕양구,전세가율,전세가율,61.5734
2013-06-01,경기,고양시 덕양구,전세가율,전세가율,61.8553
2013-07-01,경기,고양시 덕양구,전세가율,전세가율,62.2243
2013-08-01,경기,고양시 덕양구,전세가율,전세가율,63.3775
2013-09-01,경기,고양시 덕양구,전세가율,전세가율,64.5201
2013-10-01,경기,고양시 덕양구,전세가율,전세가율,65.6791
2013-11-01,경기,고양시 덕양구,전세가율,전세가율,66.493
2013-12-01,경기,고양시 덕양구,전세가율,전세가율,66.8957
2014-01-01,경기,고양시 덕양구,전세가율,전세가율,66.9782
2014-02-01,경기,고양시 덕양구,전세가율,전세가율,67.5305
2014-03-01,경기,고양시 덕양구,전세가율,전세가율,67.7866
2014-04-01,경기,고양시 덕양구,전세가율,전세가율,68.1248
2014-05-01,경기,고양시 덕양구,전세가율,전세가율,68.3898
2014-06-01,경기,고양시 덕양구,전세가율,전세가율,68.8577
2014-07-01,경기,고양시 덕양구,전세가율,전세가율,69.7559
2014-08-01,경기,고양시 덕양구,전세가율,전세가율,69.6574
2014-09-01,경기,고양시 덕양구,전세가율,전세가율,69.7659
2014-10-01,경기,고양시 덕양구,전세가율,전세가율,70.029
2014-11-01,경기,고양시 덕양구,전세가율,전세가율,70.8052
2014-12-01,경기,고양시 덕양구,전세가율,전세가율,71.7895
2015-01-01,경기,고양시 덕양구,전세가율,전세가율,73.1047
2015-02-01,경기,고양시 덕양구,전세가율,전세가율,73.9612
2015-03-01,경기,고양시 덕양구,전세가율,전세가율,74.8673
2015-04-01,경기,고양시 덕양구,전세가율,전세가율,75.4699
2015-05-01,경기,고양시 덕양구,전세가율,전세가율,75.9188
2015-06-01,경기,고양시 덕양구,전세가율,전세가율,76.5731
2015-07-01,경기,고양시 덕양구,전세가율,전세가율,77.68
2015-08-01,경기,고양시 덕양구,전세가율,전세가율,78.2127
2015-09-01,경기,고양시 덕양구,전세가율,전세가율,78.6761
2015-10-01,경기,고양시 덕양구,전세가율,전세가율,79.16
2015-11-01,경기,고양시 덕양구,전세가율,전세가율,80.147
2015-12-01,경기,고양시 덕양구,전세가율,전세가율,80.6869
2016-01-01,경기,고양시 덕양구,전세가율,전세가율,80.896
2016-02-01,경기,고양시 덕양구,전세가율,전세가율,81.5717
2016-03-01,경기,고양시 덕양구,전세가율,전세가율,81.5717
2016-04-01,경기,고양시 덕양구,전세가율,전세가율,82.1871
2016-05-01,경기,고양시 덕양구,전세가율,전세가율,82.8531
2016-06-01,경기,고양시 덕양구,전세가율,전세가율,82.9285
2016-07-01,경기,고양시 덕양구,전세가율,전세가율,83.0462
2016-08-01,경기,고양시 덕양구,전세가율,전세가율,82.9298
2016-09-01,경기,고양시 덕양구,전세가율,전세가율,83.0018
2016-10-01,경기,고양시 덕양구,전세가율,전세가율,82.6269
2016-11-01,경기,고양시 덕양구,전세가율,전세가율,82.6493
2016-12-01,경기,고양시 덕양구,전세가율,전세가율,82.7521
2017-01-01,경기,고양시 덕양구,전세가율,전세가율,83.5845
2017-02-01,경기,고양시 덕양구,전세가율,전세가율,83.9973
2017-03-01,경기,고양시 덕양구,전세가율,전세가율,83.9125
2017-04-01,경기,고양시 덕양구,전세가율,전세가율,83.4909
2017-05-01,경기,고양시 덕양구,전세가율,전세가율,83.6903
2017-06-01,경기,고양시 덕양구,전세가율,전세가율,83.5058
2017-07-01,경기,고양시 덕양구,전세가율,전세가율,83.2184
2017-08-01,경기,고양시 덕양구,전세가율,전세가율,83.0489
2017-09-01,경기,고양시 덕양구,전세가율,전세가율,82.7503
2017-10-01,경기,고양시 덕양구,전세가율,전세가율,82.7221
2017-11-01,경기,고양시 덕양구,전세가율,전세가율,82.6459
2017-12-01,경기,고양시 덕양구,전세가율,전세가율,82.5416
2018-01-01,경기,고양시 덕양구,전세가율,전세가율,82.6673
2018-02-01,경기,고양시 덕양구,전세가율,전세가율,82.7112
2018-03-01,경기,고양시 덕양구,전세가율,전세가율,82.6437
2018-04-01,경기,고양시 덕양구,전세가율,전세가율,82.3905
2018-05-01,경기,고양시 덕양구,전세가율,전세가율,82.0672
2018-06-01,경기,고양시 덕양구,전세가율,전세가율,82.0385
2018-07-01,경기,고양시 덕양구,전세가율,전세가율,81.9095
2018-08-01,경기,고양시 덕양구,전세가율,전세가율,81.9122
2018-09-01,경기,고양시 덕양구,전세가율,전세가율,81.4802
2018-10-01,경기,고양시 덕양구,전세가율,전세가율,80.0481
2018-11-01,경기,고양시 덕양구,전세가율,전세가율,79.0534
2018-12-01,경기,고양시 덕양구,전세가율,전세가율,78.7701
2019-01-01,경기,고양시 덕양구,전세가율,전세가율,78.6127
2019-02-01,경기,고양시 덕양구,전세가율,전세가율,78.6127
2019-03-01,경기,고양시 덕양구,전세가율,전세가율,77.5868
2019-04-01,경기,고양시 덕양구,전세가율,전세가율,77.5175
2019-05-01,경기,고양시 덕양구,전세가율,전세가율,77.4616
2019-06-01,경기,고양시 덕양구,전세가율,전세가율,77.4052
2019-07-01,경기,고양시 덕양구,전세가율,전세가율,77.5192
2019-08-01,경기,고양시 덕양구,전세가율,전세가율,77.4414
2019-09-01,경기,고양시 덕양구,전세가율,전세가율,77.2736
2019-10-01,경기,고양시 덕양구,전세가율,전세가율,77.2878
2019-11-01,경기,고양시 덕양구,전세가율,전세가율,77.3819
2019-12-01,경기,고양시 덕양구,전세가율,전세가율,77.0626
2020-01-01,경기,고양시 덕양구,전세가율,전세가율,76.8793
2020-02-01,경기,고양시 덕양구,전세가율,전세가율,76.6917
2020-03-01,경기,고양시 덕양구,전세가율,전세가율,76.6917
2020-04-01,경기,고양시 덕양구,전세가율,전세가율,75.1844
2020-05-01,경기,고양시 덕양구,전세가율,전세가율,74.938
2020-06-01,경기,고양시 덕양구,전세가율,전세가율,74.4551
2020-07-01,경기,고양시 덕양구,전세가율,전세가율,73.6048
2020-08-01,경기,고양시 덕양구,전세가율,전세가율,72.8084
2020-09-01,경기,고양시 덕양구,전세가율,전세가율,72.8084
2020-10-01,경기,고양시 덕양구,전세가율,전세가율,73.8856
2020-11-01,경기,고양시 덕양구,전세가율,전세가율,73.9569
2020-12-01,경기,고양시 덕양구,전세가율,전세가율,73.2451
2021-01-01,경기,고양시 덕양구,전세가율,전세가율,71.9626
2021-02-01,경기,고양시 덕양구,전세가율,전세가율,69.2075
2021-03-01,경기,고양시 덕양구,전세가율,전세가율,65.6016
2021-04-01,경기,고양시 덕양구,전세가율,전세가율,64.8201
2021-05-01,경기,고양시 덕양구,전세가율,전세가율,64.5873
2021-06-01,경기,고양시 덕양구,전세가율,전세가율,64.5162
2021-07-01,경기,고양시 덕양구,전세가율,전세가율,64.7312
2021-08-01,경기,고양시 덕양구,전세가율,전세가율,65.9141
2021-09-01,경기,고양시 덕양구,전세가율,전세가율,65.9002
2021-10-01,경기,고양시 덕양구,전세가율,전세가율,65.2417
2021-11-01,경기,고양시 덕양구,전세가율,전세가율,64.9745
2021-12-01,경기,고양시 덕양구,전세가율,전세가율,65.5519
2022-01-01,경기,고양시 덕양구,전세가율,전세가율,65.646
2022-02-01,경기,고양시 덕양구,전세가율,전세가율,65.6893
2022-03-01,경기,고양시 덕양구,전세가율,전세가율,65.9126
2022-04-01,경기,고양시 덕양구,전세가율,전세가율,67.3364
2022-05-01,경기,고양시 덕양구,전세가율,전세가율,67.4777
2022-06-01,경기,고양시 덕양구,전세가율,전세가율,68.4863
2022-07-01,경기,고양시 덕양구,전세가율,전세가율,68.5957
2022-08-01,경기,고양시 덕양구,전세가율,전세가율,68.7396
2022-09-01,경기,고양시 덕양구,전세가율,전세가율,68.6804
2022-10-01,경기,고양시 덕양구,전세가율,전세가율,67.9675
2022-11-01,경기,고양시 덕양구,전세가율,전세가율,64.9831
2022-12-01,경기,고양시 덕양구,전세가율,전세가율,63.4802
2023-01-01,경기,고양시 덕양구,전세가율,전세가율,62.1868
2023-02-01,경기,고양시 덕양구,전세가율,전세가율,61.4801
2023-03-01,경기,고양시 덕양구,전세가율,전세가율,61.5109
2023-04-01,경기,고양시 덕양구,전세가율,전세가율,61.7839
2023-05-01,경기,고양시 덕양구,전세가율,전세가율,61.8584
2023-06-01,경기,고양시 덕양구,전세가율,전세가율,62.1827
2023-07-01,경기,고양시 덕양구,전세가율,전세가율,62.272
2023-08-01,경기,고양시 덕양구,전세가율,전세가율,62.9978
2023-09-01,경기,고양시 덕양구,전세가율,전세가율,63.5693
2023-10-01,경기,고양시 덕양구,전세가율,전세가율,64.5141
2023-11-01,경기,고양시 덕양구,전세가율,전세가율,65.5269
2023-12-01,경기,고양시 덕양구,전세가율,전세가율,66.495
2024-01-01,경기,고양시 덕양구,전세가율,전세가율,67.1871
2024-02-01,경기,고양시 덕양구,전세가율,전세가율,67.2894
2024-03-01,경기,고양시 덕양구,전세가율,전세가율,67.4882
2024-04-01,경기,고양시 덕양구,전세가율,전세가율,67.709
2024-05-01,경기,고양시 덕양구,전세가율,전세가율,67.8554
2024-06-01,경기,고양시 덕양구,전세가율,전세가율,67.7458
2024-07-01,경기,고양시 덕양구,전세가율,전세가율,67.8767
2024-08-01,경기,고양시 덕양구,전세가율,전세가율,68.0452
2024-09-01,경기,고양시 덕양구,전세가율,전세가율,68.4819
2024-10-01,경기,고양시 덕양구,전세가율,전세가율,68.6801
2024-11-01,경기,고양시 덕양구,전세가율,전세가율,68.8257
2024-12-01,경기,고양시 덕양구,전세가율,전세가율,69.0455
2025-01-01,경기,고양시 덕양구,전세가율,전세가율,69.3783
2025-02-01,경기,고양시 덕양구,전세가율,전세가율,69.5589
2025-03-01,경기,고양시 덕양구,전세가율,전세가율,69.9167
2025-04-01,경기,고양시 덕양구,전세가율,전세가율,70.1696
2025-05-01,경기,고양시 덕양구,전세가율,전세가율,70.3843
2025-06-01,경기,고양시 덕양구,전세가율,전세가율,70.7006
2025-07-01,경기,고양시 덕양구,전세가율,전세가율,70.7832
2025-08-01,경기,고양시 덕양구,전세가율,전세가율,70.6623
2025-09-01,경기,고양시 덕양구,전세가율,전세가율,70.5369
2025-10-01,경기,고양시 덕양구,전세가율,전세가율,70.5075
2025-11-01,경기,고양시 덕양구,전세가율,전세가율,70.5214
2025-12-01,경기,고양시 덕양구,전세가율,전세가율,70.533
2026-01-01,경기,고양시 덕양구,전세가율,전세가율,70.5136
2026-02-01,경기,고양시 덕양구,전세가율,전세가율,70.4019
2026-03-01,경기,고양시 덕양구,전세가율,전세가율,70.3916
2026-04-01,경기,고양시 덕양구,전세가율,전세가율,70.4424
2026-05-01,경기,고양시 덕양구,전세가율,전세가율,70.5375
2026-06-01,경기,고양시 덕양구,전세가율,전세가율,70.7706
2013-04-01,경기,고양시 일산동구,전세가율,전세가율,54.8792
2013-05-01,경기,고양시 일산동구,전세가율,전세가율,55.7228
2013-06-01,경기,고양시 일산동구,전세가율,전세가율,56.3046
2013-07-01,경기,고양시 일산동구,전세가율,전세가율,56.7091
2013-08-01,경기,고양시 일산동구,전세가율,전세가율,57.4761
2013-09-01,경기,고양시 일산동구,전세가율,전세가율,58.5828
2013-10-01,경기,고양시 일산동구,전세가율,전세가율,59.6126
2013-11-01,경기,고양시 일산동구,전세가율,전세가율,60.9713
2013-12-01,경기,고양시 일산동구,전세가율,전세가율,62.6216
2014-01-01,경기,고양시 일산동구,전세가율,전세가율,63.7603
2014-02-01,경기,고양시 일산동구,전세가율,전세가율,65.0156
2014-03-01,경기,고양시 일산동구,전세가율,전세가율,65.7764
2014-04-01,경기,고양시 일산동구,전세가율,전세가율,65.8259
2014-05-01,경기,고양시 일산동구,전세가율,전세가율,66.0935
2014-06-01,경기,고양시 일산동구,전세가율,전세가율,66.4808
2014-07-01,경기,고양시 일산동구,전세가율,전세가율,66.4907
2014-08-01,경기,고양시 일산동구,전세가율,전세가율,66.8417
2014-09-01,경기,고양시 일산동구,전세가율,전세가율,67.0108
2014-10-01,경기,고양시 일산동구,전세가율,전세가율,67.7402
2014-11-01,경기,고양시 일산동구,전세가율,전세가율,68.3254
2014-12-01,경기,고양시 일산동구,전세가율,전세가율,68.8577
2015-01-01,경기,고양시 일산동구,전세가율,전세가율,69.0805
2015-02-01,경기,고양시 일산동구,전세가율,전세가율,69.2412
2015-03-01,경기,고양시 일산동구,전세가율,전세가율,70.3174
2015-04-01,경기,고양시 일산동구,전세가율,전세가율,70.676
2015-05-01,경기,고양시 일산동구,전세가율,전세가율,71.0616
2015-06-01,경기,고양시 일산동구,전세가율,전세가율,72.3104
2015-07-01,경기,고양시 일산동구,전세가율,전세가율,74.0383
2015-08-01,경기,고양시 일산동구,전세가율,전세가율,74.1667
2015-09-01,경기,고양시 일산동구,전세가율,전세가율,75.5263
2015-10-01,경기,고양시 일산동구,전세가율,전세가율,76.5648
2015-11-01,경기,고양시 일산동구,전세가율,전세가율,78.5223
2015-12-01,경기,고양시 일산동구,전세가율,전세가율,79.144
2016-01-01,경기,고양시 일산동구,전세가율,전세가율,78.1841
2016-02-01,경기,고양시 일산동구,전세가율,전세가율,78.8221
2016-03-01,경기,고양시 일산동구,전세가율,전세가율,78.8221
2016-04-01,경기,고양시 일산동구,전세가율,전세가율,79.2828
2016-05-01,경기,고양시 일산동구,전세가율,전세가율,79.617
2016-06-01,경기,고양시 일산동구,전세가율,전세가율,79.8678
2016-07-01,경기,고양시 일산동구,전세가율,전세가율,79.8285
2016-08-01,경기,고양시 일산동구,전세가율,전세가율,79.6386
2016-09-01,경기,고양시 일산동구,전세가율,전세가율,79.3184
2016-10-01,경기,고양시 일산동구,전세가율,전세가율,79.4445
2016-11-01,경기,고양시 일산동구,전세가율,전세가율,78.9649
2016-12-01,경기,고양시 일산동구,전세가율,전세가율,78.9794
2017-01-01,경기,고양시 일산동구,전세가율,전세가율,79.3346
2017-02-01,경기,고양시 일산동구,전세가율,전세가율,79.173
2017-03-01,경기,고양시 일산동구,전세가율,전세가율,79.2681
2017-04-01,경기,고양시 일산동구,전세가율,전세가율,79.3401
2017-05-01,경기,고양시 일산동구,전세가율,전세가율,79.2419
2017-06-01,경기,고양시 일산동구,전세가율,전세가율,79.2052
2017-07-01,경기,고양시 일산동구,전세가율,전세가율,78.9217
2017-08-01,경기,고양시 일산동구,전세가율,전세가율,78.6768
2017-09-01,경기,고양시 일산동구,전세가율,전세가율,78.6279
2017-10-01,경기,고양시 일산동구,전세가율,전세가율,78.722
2017-11-01,경기,고양시 일산동구,전세가율,전세가율,79.0886
2017-12-01,경기,고양시 일산동구,전세가율,전세가율,79.0818
2018-01-01,경기,고양시 일산동구,전세가율,전세가율,79.9722
2018-02-01,경기,고양시 일산동구,전세가율,전세가율,80.0803
2018-03-01,경기,고양시 일산동구,전세가율,전세가율,80.1149
2018-04-01,경기,고양시 일산동구,전세가율,전세가율,80.0201
2018-05-01,경기,고양시 일산동구,전세가율,전세가율,80.0027
2018-06-01,경기,고양시 일산동구,전세가율,전세가율,79.9294
2018-07-01,경기,고양시 일산동구,전세가율,전세가율,79.5138
2018-08-01,경기,고양시 일산동구,전세가율,전세가율,79.2517
2018-09-01,경기,고양시 일산동구,전세가율,전세가율,78.8301
2018-10-01,경기,고양시 일산동구,전세가율,전세가율,78.5374
2018-11-01,경기,고양시 일산동구,전세가율,전세가율,78.4881
2018-12-01,경기,고양시 일산동구,전세가율,전세가율,78.322
2019-01-01,경기,고양시 일산동구,전세가율,전세가율,78.2604
2019-02-01,경기,고양시 일산동구,전세가율,전세가율,78.2604
2019-03-01,경기,고양시 일산동구,전세가율,전세가율,77.8057
2019-04-01,경기,고양시 일산동구,전세가율,전세가율,77.8287
2019-05-01,경기,고양시 일산동구,전세가율,전세가율,77.3531
2019-06-01,경기,고양시 일산동구,전세가율,전세가율,77.2222
2019-07-01,경기,고양시 일산동구,전세가율,전세가율,77.5373
2019-08-01,경기,고양시 일산동구,전세가율,전세가율,77.3289
2019-09-01,경기,고양시 일산동구,전세가율,전세가율,77.3019
2019-10-01,경기,고양시 일산동구,전세가율,전세가율,77.4777
2019-11-01,경기,고양시 일산동구,전세가율,전세가율,76.9809
2019-12-01,경기,고양시 일산동구,전세가율,전세가율,76.95
2020-01-01,경기,고양시 일산동구,전세가율,전세가율,76.8069
2020-02-01,경기,고양시 일산동구,전세가율,전세가율,76.5034
2020-03-01,경기,고양시 일산동구,전세가율,전세가율,76.5034
2020-04-01,경기,고양시 일산동구,전세가율,전세가율,76.5263
2020-05-01,경기,고양시 일산동구,전세가율,전세가율,76.5069
2020-06-01,경기,고양시 일산동구,전세가율,전세가율,75.9963
2020-07-01,경기,고양시 일산동구,전세가율,전세가율,75.4963
2020-08-01,경기,고양시 일산동구,전세가율,전세가율,76.5543
2020-09-01,경기,고양시 일산동구,전세가율,전세가율,76.5543
2020-10-01,경기,고양시 일산동구,전세가율,전세가율,80.0808
2020-11-01,경기,고양시 일산동구,전세가율,전세가율,81.2458
2020-12-01,경기,고양시 일산동구,전세가율,전세가율,80.2387
2021-01-01,경기,고양시 일산동구,전세가율,전세가율,76.209
2021-02-01,경기,고양시 일산동구,전세가율,전세가율,72.6017
2021-03-01,경기,고양시 일산동구,전세가율,전세가율,70.0011
2021-04-01,경기,고양시 일산동구,전세가율,전세가율,69.8702
2021-05-01,경기,고양시 일산동구,전세가율,전세가율,70.3834
2021-06-01,경기,고양시 일산동구,전세가율,전세가율,70.6175
2021-07-01,경기,고양시 일산동구,전세가율,전세가율,70.7967
2021-08-01,경기,고양시 일산동구,전세가율,전세가율,71.1915
2021-09-01,경기,고양시 일산동구,전세가율,전세가율,72.112
2021-10-01,경기,고양시 일산동구,전세가율,전세가율,72.3981
2021-11-01,경기,고양시 일산동구,전세가율,전세가율,72.1455
2021-12-01,경기,고양시 일산동구,전세가율,전세가율,72.6734
2022-01-01,경기,고양시 일산동구,전세가율,전세가율,73.4292
2022-02-01,경기,고양시 일산동구,전세가율,전세가율,73.342
2022-03-01,경기,고양시 일산동구,전세가율,전세가율,73.5205
2022-04-01,경기,고양시 일산동구,전세가율,전세가율,73.4541
2022-05-01,경기,고양시 일산동구,전세가율,전세가율,73.3066
2022-06-01,경기,고양시 일산동구,전세가율,전세가율,73.111
2022-07-01,경기,고양시 일산동구,전세가율,전세가율,73.0761
2022-08-01,경기,고양시 일산동구,전세가율,전세가율,72.9789
2022-09-01,경기,고양시 일산동구,전세가율,전세가율,72.6852
2022-10-01,경기,고양시 일산동구,전세가율,전세가율,71.9453
2022-11-01,경기,고양시 일산동구,전세가율,전세가율,70.9743
2022-12-01,경기,고양시 일산동구,전세가율,전세가율,69.8959
2023-01-01,경기,고양시 일산동구,전세가율,전세가율,68.4159
2023-02-01,경기,고양시 일산동구,전세가율,전세가율,64.697
2023-03-01,경기,고양시 일산동구,전세가율,전세가율,64.5765
2023-04-01,경기,고양시 일산동구,전세가율,전세가율,64.7563
2023-05-01,경기,고양시 일산동구,전세가율,전세가율,64.6959
2023-06-01,경기,고양시 일산동구,전세가율,전세가율,64.7409
2023-07-01,경기,고양시 일산동구,전세가율,전세가율,65.0734
2023-08-01,경기,고양시 일산동구,전세가율,전세가율,65.2275
2023-09-01,경기,고양시 일산동구,전세가율,전세가율,65.2153
2023-10-01,경기,고양시 일산동구,전세가율,전세가율,65.3537
2023-11-01,경기,고양시 일산동구,전세가율,전세가율,65.6672
2023-12-01,경기,고양시 일산동구,전세가율,전세가율,66.0922
2024-01-01,경기,고양시 일산동구,전세가율,전세가율,66.4901
2024-02-01,경기,고양시 일산동구,전세가율,전세가율,67.0006
2024-03-01,경기,고양시 일산동구,전세가율,전세가율,67.4194
2024-04-01,경기,고양시 일산동구,전세가율,전세가율,67.7726
2024-05-01,경기,고양시 일산동구,전세가율,전세가율,67.9794
2024-06-01,경기,고양시 일산동구,전세가율,전세가율,68.4603
2024-07-01,경기,고양시 일산동구,전세가율,전세가율,69.0587
2024-08-01,경기,고양시 일산동구,전세가율,전세가율,69.325
2024-09-01,경기,고양시 일산동구,전세가율,전세가율,69.6257
2024-10-01,경기,고양시 일산동구,전세가율,전세가율,69.696
2024-11-01,경기,고양시 일산동구,전세가율,전세가율,70.209
2024-12-01,경기,고양시 일산동구,전세가율,전세가율,70.4372
2025-01-01,경기,고양시 일산동구,전세가율,전세가율,70.7333
2025-02-01,경기,고양시 일산동구,전세가율,전세가율,70.7565
2025-03-01,경기,고양시 일산동구,전세가율,전세가율,70.8525
2025-04-01,경기,고양시 일산동구,전세가율,전세가율,71.0284
2025-05-01,경기,고양시 일산동구,전세가율,전세가율,71.102
2025-06-01,경기,고양시 일산동구,전세가율,전세가율,71.3364
2025-07-01,경기,고양시 일산동구,전세가율,전세가율,71.4007
2025-08-01,경기,고양시 일산동구,전세가율,전세가율,71.4208
2025-09-01,경기,고양시 일산동구,전세가율,전세가율,71.5081
2025-10-01,경기,고양시 일산동구,전세가율,전세가율,71.5341
2025-11-01,경기,고양시 일산동구,전세가율,전세가율,71.6692
2025-12-01,경기,고양시 일산동구,전세가율,전세가율,71.7054
2026-01-01,경기,고양시 일산동구,전세가율,전세가율,71.7413
2026-02-01,경기,고양시 일산동구,전세가율,전세가율,71.7715
2026-03-01,경기,고양시 일산동구,전세가율,전세가율,71.9685
2026-04-01,경기,고양시 일산동구,전세가율,전세가율,72.1809
2026-05-01,경기,고양시 일산동구,전세가율,전세가율,72.4647
2026-06-01,경기,고양시 일산동구,전세가율,전세가율,72.813
2013-04-01,경기,고양시 일산서구,전세가율,전세가율,53.7354
2013-05-01,경기,고양시 일산서구,전세가율,전세가율,54.3381
2013-06-01,경기,고양시 일산서구,전세가율,전세가율,54.8057
2013-07-01,경기,고양시 일산서구,전세가율,전세가율,55.6896
2013-08-01,경기,고양시 일산서구,전세가율,전세가율,56.8479
2013-09-01,경기,고양시 일산서구,전세가율,전세가율,59.3313
2013-10-01,경기,고양시 일산서구,전세가율,전세가율,61.3176
2013-11-01,경기,고양시 일산서구,전세가율,전세가율,62.7162
2013-12-01,경기,고양시 일산서구,전세가율,전세가율,63.2895
2014-01-01,경기,고양시 일산서구,전세가율,전세가율,64.0015
2014-02-01,경기,고양시 일산서구,전세가율,전세가율,64.4536
2014-03-01,경기,고양시 일산서구,전세가율,전세가율,65.0973
2014-04-01,경기,고양시 일산서구,전세가율,전세가율,65.7955
2014-05-01,경기,고양시 일산서구,전세가율,전세가율,65.8065
2014-06-01,경기,고양시 일산서구,전세가율,전세가율,65.8822
2014-07-01,경기,고양시 일산서구,전세가율,전세가율,65.843
2014-08-01,경기,고양시 일산서구,전세가율,전세가율,66.0291
2014-09-01,경기,고양시 일산서구,전세가율,전세가율,66.7448
2014-10-01,경기,고양시 일산서구,전세가율,전세가율,66.752
2014-11-01,경기,고양시 일산서구,전세가율,전세가율,67.1172
2014-12-01,경기,고양시 일산서구,전세가율,전세가율,67.9521
2015-01-01,경기,고양시 일산서구,전세가율,전세가율,68.3658
2015-02-01,경기,고양시 일산서구,전세가율,전세가율,68.7857
2015-03-01,경기,고양시 일산서구,전세가율,전세가율,69.4497
2015-04-01,경기,고양시 일산서구,전세가율,전세가율,70.0933
2015-05-01,경기,고양시 일산서구,전세가율,전세가율,70.4351
2015-06-01,경기,고양시 일산서구,전세가율,전세가율,72.1392
2015-07-01,경기,고양시 일산서구,전세가율,전세가율,74.4416
2015-08-01,경기,고양시 일산서구,전세가율,전세가율,75.024
2015-09-01,경기,고양시 일산서구,전세가율,전세가율,76.8104
2015-10-01,경기,고양시 일산서구,전세가율,전세가율,77.3455
2015-11-01,경기,고양시 일산서구,전세가율,전세가율,79.2916
2015-12-01,경기,고양시 일산서구,전세가율,전세가율,79.7716
2016-01-01,경기,고양시 일산서구,전세가율,전세가율,79.257
2016-02-01,경기,고양시 일산서구,전세가율,전세가율,79.9611
2016-03-01,경기,고양시 일산서구,전세가율,전세가율,79.9611
2016-04-01,경기,고양시 일산서구,전세가율,전세가율,80.3086
2016-05-01,경기,고양시 일산서구,전세가율,전세가율,80.7174
2016-06-01,경기,고양시 일산서구,전세가율,전세가율,80.989
2016-07-01,경기,고양시 일산서구,전세가율,전세가율,80.8498
2016-08-01,경기,고양시 일산서구,전세가율,전세가율,80.5077
2016-09-01,경기,고양시 일산서구,전세가율,전세가율,79.9073
2016-10-01,경기,고양시 일산서구,전세가율,전세가율,79.8638
2016-11-01,경기,고양시 일산서구,전세가율,전세가율,79.7026
2016-12-01,경기,고양시 일산서구,전세가율,전세가율,79.863
2017-01-01,경기,고양시 일산서구,전세가율,전세가율,80.0322
2017-02-01,경기,고양시 일산서구,전세가율,전세가율,80.1292
2017-03-01,경기,고양시 일산서구,전세가율,전세가율,80.222
2017-04-01,경기,고양시 일산서구,전세가율,전세가율,80.2071
2017-05-01,경기,고양시 일산서구,전세가율,전세가율,80.2855
2017-06-01,경기,고양시 일산서구,전세가율,전세가율,80.4841
2017-07-01,경기,고양시 일산서구,전세가율,전세가율,79.9622
2017-08-01,경기,고양시 일산서구,전세가율,전세가율,79.4631
2017-09-01,경기,고양시 일산서구,전세가율,전세가율,79.4205
2017-10-01,경기,고양시 일산서구,전세가율,전세가율,79.2778
2017-11-01,경기,고양시 일산서구,전세가율,전세가율,79.1793
2017-12-01,경기,고양시 일산서구,전세가율,전세가율,79.3511
2018-01-01,경기,고양시 일산서구,전세가율,전세가율,79.3411
2018-02-01,경기,고양시 일산서구,전세가율,전세가율,79.3458
2018-03-01,경기,고양시 일산서구,전세가율,전세가율,79.1256
2018-04-01,경기,고양시 일산서구,전세가율,전세가율,79.0567
2018-05-01,경기,고양시 일산서구,전세가율,전세가율,78.8789
2018-06-01,경기,고양시 일산서구,전세가율,전세가율,78.8927
2018-07-01,경기,고양시 일산서구,전세가율,전세가율,78.7629
2018-08-01,경기,고양시 일산서구,전세가율,전세가율,78.7192
2018-09-01,경기,고양시 일산서구,전세가율,전세가율,78.5967
2018-10-01,경기,고양시 일산서구,전세가율,전세가율,78.1803
2018-11-01,경기,고양시 일산서구,전세가율,전세가율,77.9317
2018-12-01,경기,고양시 일산서구,전세가율,전세가율,77.1495
2019-01-01,경기,고양시 일산서구,전세가율,전세가율,76.704
2019-02-01,경기,고양시 일산서구,전세가율,전세가율,76.704
2019-03-01,경기,고양시 일산서구,전세가율,전세가율,76.1112
2019-04-01,경기,고양시 일산서구,전세가율,전세가율,75.8147
2019-05-01,경기,고양시 일산서구,전세가율,전세가율,75.7053
2019-06-01,경기,고양시 일산서구,전세가율,전세가율,75.458
2019-07-01,경기,고양시 일산서구,전세가율,전세가율,75.6533
2019-08-01,경기,고양시 일산서구,전세가율,전세가율,75.5014
2019-09-01,경기,고양시 일산서구,전세가율,전세가율,75.6534
2019-10-01,경기,고양시 일산서구,전세가율,전세가율,75.7235
2019-11-01,경기,고양시 일산서구,전세가율,전세가율,75.8275
2019-12-01,경기,고양시 일산서구,전세가율,전세가율,75.555
2020-01-01,경기,고양시 일산서구,전세가율,전세가율,75.2677
2020-02-01,경기,고양시 일산서구,전세가율,전세가율,75.3411
2020-03-01,경기,고양시 일산서구,전세가율,전세가율,75.3411
2020-04-01,경기,고양시 일산서구,전세가율,전세가율,75.1478
2020-05-01,경기,고양시 일산서구,전세가율,전세가율,75.9152
2020-06-01,경기,고양시 일산서구,전세가율,전세가율,76.1214
2020-07-01,경기,고양시 일산서구,전세가율,전세가율,75.4349
2020-08-01,경기,고양시 일산서구,전세가율,전세가율,75.1671
2020-09-01,경기,고양시 일산서구,전세가율,전세가율,75.1671
2020-10-01,경기,고양시 일산서구,전세가율,전세가율,77.749
2020-11-01,경기,고양시 일산서구,전세가율,전세가율,80.0912
2020-12-01,경기,고양시 일산서구,전세가율,전세가율,80.5914
2021-01-01,경기,고양시 일산서구,전세가율,전세가율,76.0844
2021-02-01,경기,고양시 일산서구,전세가율,전세가율,73.4626
2021-03-01,경기,고양시 일산서구,전세가율,전세가율,71.8536
2021-04-01,경기,고양시 일산서구,전세가율,전세가율,71.4066
2021-05-01,경기,고양시 일산서구,전세가율,전세가율,71.2951
2021-06-01,경기,고양시 일산서구,전세가율,전세가율,71.2375
2021-07-01,경기,고양시 일산서구,전세가율,전세가율,70.8371
2021-08-01,경기,고양시 일산서구,전세가율,전세가율,70.642
2021-09-01,경기,고양시 일산서구,전세가율,전세가율,71.1946
2021-10-01,경기,고양시 일산서구,전세가율,전세가율,70.5924
2021-11-01,경기,고양시 일산서구,전세가율,전세가율,69.8967
2021-12-01,경기,고양시 일산서구,전세가율,전세가율,69.4899
2022-01-01,경기,고양시 일산서구,전세가율,전세가율,69.5254
2022-02-01,경기,고양시 일산서구,전세가율,전세가율,69.5845
2022-03-01,경기,고양시 일산서구,전세가율,전세가율,70.1722
2022-04-01,경기,고양시 일산서구,전세가율,전세가율,70.2279
2022-05-01,경기,고양시 일산서구,전세가율,전세가율,70.2261
2022-06-01,경기,고양시 일산서구,전세가율,전세가율,70.0418
2022-07-01,경기,고양시 일산서구,전세가율,전세가율,69.9567
2022-08-01,경기,고양시 일산서구,전세가율,전세가율,70.0033
2022-09-01,경기,고양시 일산서구,전세가율,전세가율,69.8022
2022-10-01,경기,고양시 일산서구,전세가율,전세가율,69.2375
2022-11-01,경기,고양시 일산서구,전세가율,전세가율,69.6681
2022-12-01,경기,고양시 일산서구,전세가율,전세가율,68.1324
2023-01-01,경기,고양시 일산서구,전세가율,전세가율,66.8881
2023-02-01,경기,고양시 일산서구,전세가율,전세가율,64.7995
2023-03-01,경기,고양시 일산서구,전세가율,전세가율,64.1802
2023-04-01,경기,고양시 일산서구,전세가율,전세가율,63.7811
2023-05-01,경기,고양시 일산서구,전세가율,전세가율,64.1289
2023-06-01,경기,고양시 일산서구,전세가율,전세가율,64.3422
2023-07-01,경기,고양시 일산서구,전세가율,전세가율,64.2533
2023-08-01,경기,고양시 일산서구,전세가율,전세가율,64.3855
2023-09-01,경기,고양시 일산서구,전세가율,전세가율,64.4557
2023-10-01,경기,고양시 일산서구,전세가율,전세가율,64.7326
2023-11-01,경기,고양시 일산서구,전세가율,전세가율,64.9119
2023-12-01,경기,고양시 일산서구,전세가율,전세가율,65.1611
2024-01-01,경기,고양시 일산서구,전세가율,전세가율,65.6493
2024-02-01,경기,고양시 일산서구,전세가율,전세가율,65.8988
2024-03-01,경기,고양시 일산서구,전세가율,전세가율,66.3745
2024-04-01,경기,고양시 일산서구,전세가율,전세가율,66.7023
2024-05-01,경기,고양시 일산서구,전세가율,전세가율,67.0192
2024-06-01,경기,고양시 일산서구,전세가율,전세가율,67.2051
2024-07-01,경기,고양시 일산서구,전세가율,전세가율,67.8989
2024-08-01,경기,고양시 일산서구,전세가율,전세가율,68.5173
2024-09-01,경기,고양시 일산서구,전세가율,전세가율,69.2343
2024-10-01,경기,고양시 일산서구,전세가율,전세가율,69.814
2024-11-01,경기,고양시 일산서구,전세가율,전세가율,70.2328
2024-12-01,경기,고양시 일산서구,전세가율,전세가율,70.6845
2025-01-01,경기,고양시 일산서구,전세가율,전세가율,71.0103
2025-02-01,경기,고양시 일산서구,전세가율,전세가율,71.3917
2025-03-01,경기,고양시 일산서구,전세가율,전세가율,71.6208
2025-04-01,경기,고양시 일산서구,전세가율,전세가율,71.9789
2025-05-01,경기,고양시 일산서구,전세가율,전세가율,72.235
2025-06-01,경기,고양시 일산서구,전세가율,전세가율,72.4424
2025-07-01,경기,고양시 일산서구,전세가율,전세가율,72.5893
2025-08-01,경기,고양시 일산서구,전세가율,전세가율,72.6175
2025-09-01,경기,고양시 일산서구,전세가율,전세가율,72.5695
2025-10-01,경기,고양시 일산서구,전세가율,전세가율,72.5488
2025-11-01,경기,고양시 일산서구,전세가율,전세가율,72.6724
2025-12-01,경기,고양시 일산서구,전세가율,전세가율,72.78
2026-01-01,경기,고양시 일산서구,전세가율,전세가율,72.8413
2026-02-01,경기,고양시 일산서구,전세가율,전세가율,72.8236
2026-03-01,경기,고양시 일산서구,전세가율,전세가율,73.0509
2026-04-01,경기,고양시 일산서구,전세가율,전세가율,73.2392
2026-05-01,경기,고양시 일산서구,전세가율,전세가율,73.4013
2026-06-01,경기,고양시 일산서구,전세가율,전세가율,73.6563
2013-04-01,경기,과천시,전세가율,전세가율,42.5886
2013-05-01,경기,과천시,전세가율,전세가율,42.4998
2013-06-01,경기,과천시,전세가율,전세가율,43.0287
2013-07-01,경기,과천시,전세가율,전세가율,43.8461
2013-08-01,경기,과천시,전세가율,전세가율,45.1259
2013-09-01,경기,과천시,전세가율,전세가율,45.5972
2013-10-01,경기,과천시,전세가율,전세가율,45.75
2013-11-01,경기,과천시,전세가율,전세가율,46.8287
2013-12-01,경기,과천시,전세가율,전세가율,47.307
2014-01-01,경기,과천시,전세가율,전세가율,48.1126
2014-02-01,경기,과천시,전세가율,전세가율,49.025
2014-03-01,경기,과천시,전세가율,전세가율,49.2793
2014-04-01,경기,과천시,전세가율,전세가율,49.1703
2014-05-01,경기,과천시,전세가율,전세가율,49.1275
2014-06-01,경기,과천시,전세가율,전세가율,49.0027
2014-07-01,경기,과천시,전세가율,전세가율,49.1054
2014-08-01,경기,과천시,전세가율,전세가율,49.0466
2014-09-01,경기,과천시,전세가율,전세가율,48.6087
2014-10-01,경기,과천시,전세가율,전세가율,49.2538
2014-11-01,경기,과천시,전세가율,전세가율,49.2619
2014-12-01,경기,과천시,전세가율,전세가율,49.7985
2015-01-01,경기,과천시,전세가율,전세가율,50.2371
2015-02-01,경기,과천시,전세가율,전세가율,50.7545
2015-03-01,경기,과천시,전세가율,전세가율,51.6666
2015-04-01,경기,과천시,전세가율,전세가율,51.6016
2015-05-01,경기,과천시,전세가율,전세가율,51.8375
2015-06-01,경기,과천시,전세가율,전세가율,52.126
2015-07-01,경기,과천시,전세가율,전세가율,52.6053
2015-08-01,경기,과천시,전세가율,전세가율,53.4844
2015-09-01,경기,과천시,전세가율,전세가율,56.2246
2015-10-01,경기,과천시,전세가율,전세가율,56.7104
2015-11-01,경기,과천시,전세가율,전세가율,56.9756
2015-12-01,경기,과천시,전세가율,전세가율,57.0215
2016-01-01,경기,과천시,전세가율,전세가율,52.6992
2016-02-01,경기,과천시,전세가율,전세가율,53.0283
2016-03-01,경기,과천시,전세가율,전세가율,53.0283
2016-04-01,경기,과천시,전세가율,전세가율,53.8698
2016-05-01,경기,과천시,전세가율,전세가율,53.0308
2016-06-01,경기,과천시,전세가율,전세가율,51.9043
2016-07-01,경기,과천시,전세가율,전세가율,56.7217
2016-08-01,경기,과천시,전세가율,전세가율,55.3573
2016-09-01,경기,과천시,전세가율,전세가율,55.3431
2016-10-01,경기,과천시,전세가율,전세가율,62.235
2016-11-01,경기,과천시,전세가율,전세가율,62.062
2016-12-01,경기,과천시,전세가율,전세가율,61.9064
2017-01-01,경기,과천시,전세가율,전세가율,61.3839
2017-02-01,경기,과천시,전세가율,전세가율,61.4508
2017-03-01,경기,과천시,전세가율,전세가율,61.229
2017-04-01,경기,과천시,전세가율,전세가율,60.2445
2017-05-01,경기,과천시,전세가율,전세가율,57.616
2017-06-01,경기,과천시,전세가율,전세가율,55.6088
2017-07-01,경기,과천시,전세가율,전세가율,54.0252
2017-08-01,경기,과천시,전세가율,전세가율,53.2063
2017-09-01,경기,과천시,전세가율,전세가율,52.378
2017-10-01,경기,과천시,전세가율,전세가율,52.1798
2017-11-01,경기,과천시,전세가율,전세가율,51.6941
2017-12-01,경기,과천시,전세가율,전세가율,51.4781
2018-01-01,경기,과천시,전세가율,전세가율,49.1401
2018-02-01,경기,과천시,전세가율,전세가율,47.8796
2018-03-01,경기,과천시,전세가율,전세가율,47.2218
2018-04-01,경기,과천시,전세가율,전세가율,46.5163
2018-05-01,경기,과천시,전세가율,전세가율,46.2531
2018-06-01,경기,과천시,전세가율,전세가율,45.5847
2018-07-01,경기,과천시,전세가율,전세가율,45.3295
2018-08-01,경기,과천시,전세가율,전세가율,44.3
2018-09-01,경기,과천시,전세가율,전세가율,42.3923
2018-10-01,경기,과천시,전세가율,전세가율,43.1226
2018-11-01,경기,과천시,전세가율,전세가율,44.6898
2018-12-01,경기,과천시,전세가율,전세가율,45.5273
2019-01-01,경기,과천시,전세가율,전세가율,55.3917
2019-02-01,경기,과천시,전세가율,전세가율,55.3917
2019-03-01,경기,과천시,전세가율,전세가율,55.3483
2019-04-01,경기,과천시,전세가율,전세가율,55.7167
2019-05-01,경기,과천시,전세가율,전세가율,55.24
2019-06-01,경기,과천시,전세가율,전세가율,54.7975
2019-07-01,경기,과천시,전세가율,전세가율,54.7459
2019-08-01,경기,과천시,전세가율,전세가율,54.673
2019-09-01,경기,과천시,전세가율,전세가율,54.3956
2019-10-01,경기,과천시,전세가율,전세가율,54.6768
2019-11-01,경기,과천시,전세가율,전세가율,54.6636
2019-12-01,경기,과천시,전세가율,전세가율,54.321
2020-01-01,경기,과천시,전세가율,전세가율,51.8645
2020-02-01,경기,과천시,전세가율,전세가율,51.0197
2020-03-01,경기,과천시,전세가율,전세가율,51.0197
2020-04-01,경기,과천시,전세가율,전세가율,49.4736
2020-05-01,경기,과천시,전세가율,전세가율,47.9414
2020-06-01,경기,과천시,전세가율,전세가율,48.1508
2020-07-01,경기,과천시,전세가율,전세가율,48.4492
2020-08-01,경기,과천시,전세가율,전세가율,49.3216
2020-09-01,경기,과천시,전세가율,전세가율,49.3216
2020-10-01,경기,과천시,전세가율,전세가율,49.6472
2020-11-01,경기,과천시,전세가율,전세가율,48.6499
2020-12-01,경기,과천시,전세가율,전세가율,47.4292
2021-01-01,경기,과천시,전세가율,전세가율,46.9742
2021-02-01,경기,과천시,전세가율,전세가율,44.918
2021-03-01,경기,과천시,전세가율,전세가율,44.4527
2021-04-01,경기,과천시,전세가율,전세가율,43.9077
2021-05-01,경기,과천시,전세가율,전세가율,43.6478
2021-06-01,경기,과천시,전세가율,전세가율,43.4818
2021-07-01,경기,과천시,전세가율,전세가율,43.7855
2021-08-01,경기,과천시,전세가율,전세가율,43.9804
2021-09-01,경기,과천시,전세가율,전세가율,43.9759
2021-10-01,경기,과천시,전세가율,전세가율,43.8605
2021-11-01,경기,과천시,전세가율,전세가율,42.7915
2021-12-01,경기,과천시,전세가율,전세가율,42.3588
2022-01-01,경기,과천시,전세가율,전세가율,42.2179
2022-02-01,경기,과천시,전세가율,전세가율,42.13
2022-03-01,경기,과천시,전세가율,전세가율,42.0456
2022-04-01,경기,과천시,전세가율,전세가율,42.1283
2022-05-01,경기,과천시,전세가율,전세가율,42.1092
2022-06-01,경기,과천시,전세가율,전세가율,42.2189
2022-07-01,경기,과천시,전세가율,전세가율,42.4381
2022-08-01,경기,과천시,전세가율,전세가율,42.7481
2022-09-01,경기,과천시,전세가율,전세가율,43.4104
2022-10-01,경기,과천시,전세가율,전세가율,47.5904
2022-11-01,경기,과천시,전세가율,전세가율,47.6296
2022-12-01,경기,과천시,전세가율,전세가율,44.4674
2023-01-01,경기,과천시,전세가율,전세가율,45.0447
2023-02-01,경기,과천시,전세가율,전세가율,42.4357
2023-03-01,경기,과천시,전세가율,전세가율,43.6893
2023-04-01,경기,과천시,전세가율,전세가율,43.1822
2023-05-01,경기,과천시,전세가율,전세가율,43.1439
2023-06-01,경기,과천시,전세가율,전세가율,43.3922
2023-07-01,경기,과천시,전세가율,전세가율,43.4896
2023-08-01,경기,과천시,전세가율,전세가율,43.4591
2023-09-01,경기,과천시,전세가율,전세가율,43.9016
2023-10-01,경기,과천시,전세가율,전세가율,44.58
2023-11-01,경기,과천시,전세가율,전세가율,46.4016
2023-12-01,경기,과천시,전세가율,전세가율,46.7721
2024-01-01,경기,과천시,전세가율,전세가율,47.0169
2024-02-01,경기,과천시,전세가율,전세가율,47.1618
2024-03-01,경기,과천시,전세가율,전세가율,47.0598
2024-04-01,경기,과천시,전세가율,전세가율,46.6448
2024-05-01,경기,과천시,전세가율,전세가율,46.7593
2024-06-01,경기,과천시,전세가율,전세가율,46.5474
2024-07-01,경기,과천시,전세가율,전세가율,45.3122
2024-08-01,경기,과천시,전세가율,전세가율,44.7692
2024-09-01,경기,과천시,전세가율,전세가율,44.3977
2024-10-01,경기,과천시,전세가율,전세가율,43.7896
2024-11-01,경기,과천시,전세가율,전세가율,49.2831
2024-12-01,경기,과천시,전세가율,전세가율,49.1518
2025-01-01,경기,과천시,전세가율,전세가율,49.5243
2025-02-01,경기,과천시,전세가율,전세가율,50.1068
2025-03-01,경기,과천시,전세가율,전세가율,50.1618
2025-04-01,경기,과천시,전세가율,전세가율,49.7447
2025-05-01,경기,과천시,전세가율,전세가율,49.4481
2025-06-01,경기,과천시,전세가율,전세가율,51.1687
2025-07-01,경기,과천시,전세가율,전세가율,50.0563
2025-08-01,경기,과천시,전세가율,전세가율,49.9994
2025-09-01,경기,과천시,전세가율,전세가율,49.6804
2025-10-01,경기,과천시,전세가율,전세가율,48.457
2025-11-01,경기,과천시,전세가율,전세가율,47.8756
2025-12-01,경기,과천시,전세가율,전세가율,47.3551
2026-01-01,경기,과천시,전세가율,전세가율,45.9317
2026-02-01,경기,과천시,전세가율,전세가율,45.5619
2026-03-01,경기,과천시,전세가율,전세가율,45.1967
2026-04-01,경기,과천시,전세가율,전세가율,45.269
2026-05-01,경기,과천시,전세가율,전세가율,45.2444
2026-06-01,경기,과천시,전세가율,전세가율,46.0666
2013-04-01,경기,광명시,전세가율,전세가율,59.56
2013-05-01,경기,광명시,전세가율,전세가율,59.9106
2013-06-01,경기,광명시,전세가율,전세가율,60.1758
2013-07-01,경기,광명시,전세가율,전세가율,60.4182
2013-08-01,경기,광명시,전세가율,전세가율,61.8826
2013-09-01,경기,광명시,전세가율,전세가율,63.2951
2013-10-01,경기,광명시,전세가율,전세가율,63.8747
2013-11-01,경기,광명시,전세가율,전세가율,65.2646
2013-12-01,경기,광명시,전세가율,전세가율,66.093
2014-01-01,경기,광명시,전세가율,전세가율,66.8359
2014-02-01,경기,광명시,전세가율,전세가율,67.3787
2014-03-01,경기,광명시,전세가율,전세가율,68.1967
2014-04-01,경기,광명시,전세가율,전세가율,68.2554
2014-05-01,경기,광명시,전세가율,전세가율,68.2311
2014-06-01,경기,광명시,전세가율,전세가율,68.4405
2014-07-01,경기,광명시,전세가율,전세가율,68.4971
2014-08-01,경기,광명시,전세가율,전세가율,68.3283
2014-09-01,경기,광명시,전세가율,전세가율,68.3587
2014-10-01,경기,광명시,전세가율,전세가율,68.0584
2014-11-01,경기,광명시,전세가율,전세가율,68.3611
2014-12-01,경기,광명시,전세가율,전세가율,68.197
2015-01-01,경기,광명시,전세가율,전세가율,68.7802
2015-02-01,경기,광명시,전세가율,전세가율,68.724
2015-03-01,경기,광명시,전세가율,전세가율,69.2332
2015-04-01,경기,광명시,전세가율,전세가율,68.9995
2015-05-01,경기,광명시,전세가율,전세가율,69.6691
2015-06-01,경기,광명시,전세가율,전세가율,70.9515
2015-07-01,경기,광명시,전세가율,전세가율,72.1559
2015-08-01,경기,광명시,전세가율,전세가율,72.8908
2015-09-01,경기,광명시,전세가율,전세가율,73.2845
2015-10-01,경기,광명시,전세가율,전세가율,73.852
2015-11-01,경기,광명시,전세가율,전세가율,74.2477
2015-12-01,경기,광명시,전세가율,전세가율,74.4843
2016-01-01,경기,광명시,전세가율,전세가율,75.5632
2016-02-01,경기,광명시,전세가율,전세가율,75.6667
2016-03-01,경기,광명시,전세가율,전세가율,75.6667
2016-04-01,경기,광명시,전세가율,전세가율,76.2679
2016-05-01,경기,광명시,전세가율,전세가율,76.294
2016-06-01,경기,광명시,전세가율,전세가율,75.9176
2016-07-01,경기,광명시,전세가율,전세가율,75.5583
2016-08-01,경기,광명시,전세가율,전세가율,74.773
2016-09-01,경기,광명시,전세가율,전세가율,74.4139
2016-10-01,경기,광명시,전세가율,전세가율,74.0738
2016-11-01,경기,광명시,전세가율,전세가율,73.7846
2016-12-01,경기,광명시,전세가율,전세가율,73.4708
2017-01-01,경기,광명시,전세가율,전세가율,73.5383
2017-02-01,경기,광명시,전세가율,전세가율,73.4724
2017-03-01,경기,광명시,전세가율,전세가율,73.2972
2017-04-01,경기,광명시,전세가율,전세가율,73.2355
2017-05-01,경기,광명시,전세가율,전세가율,73.0868
2017-06-01,경기,광명시,전세가율,전세가율,72.6651
2017-07-01,경기,광명시,전세가율,전세가율,72.3566
2017-08-01,경기,광명시,전세가율,전세가율,72.2097
2017-09-01,경기,광명시,전세가율,전세가율,71.7766
2017-10-01,경기,광명시,전세가율,전세가율,71.0887
2017-11-01,경기,광명시,전세가율,전세가율,70.5021
2017-12-01,경기,광명시,전세가율,전세가율,70.1733
2018-01-01,경기,광명시,전세가율,전세가율,69.4648
2018-02-01,경기,광명시,전세가율,전세가율,69.0163
2018-03-01,경기,광명시,전세가율,전세가율,68.3173
2018-04-01,경기,광명시,전세가율,전세가율,67.3454
2018-05-01,경기,광명시,전세가율,전세가율,66.7292
2018-06-01,경기,광명시,전세가율,전세가율,66.5434
2018-07-01,경기,광명시,전세가율,전세가율,65.8489
2018-08-01,경기,광명시,전세가율,전세가율,63.3037
2018-09-01,경기,광명시,전세가율,전세가율,57.9719
2018-10-01,경기,광명시,전세가율,전세가율,57.0687
2018-11-01,경기,광명시,전세가율,전세가율,56.9374
2018-12-01,경기,광명시,전세가율,전세가율,57.0446
2019-01-01,경기,광명시,전세가율,전세가율,57.8084
2019-02-01,경기,광명시,전세가율,전세가율,57.8084
2019-03-01,경기,광명시,전세가율,전세가율,57.2777
2019-04-01,경기,광명시,전세가율,전세가율,57.537
2019-05-01,경기,광명시,전세가율,전세가율,57.4977
2019-06-01,경기,광명시,전세가율,전세가율,57.4518
2019-07-01,경기,광명시,전세가율,전세가율,57.4328
2019-08-01,경기,광명시,전세가율,전세가율,57.4743
2019-09-01,경기,광명시,전세가율,전세가율,57.3689
2019-10-01,경기,광명시,전세가율,전세가율,57.2696
2019-11-01,경기,광명시,전세가율,전세가율,57.2421
2019-12-01,경기,광명시,전세가율,전세가율,56.7187
2020-01-01,경기,광명시,전세가율,전세가율,56.0081
2020-02-01,경기,광명시,전세가율,전세가율,55.4644
2020-03-01,경기,광명시,전세가율,전세가율,55.4644
2020-04-01,경기,광명시,전세가율,전세가율,54.6118
2020-05-01,경기,광명시,전세가율,전세가율,54.5075
2020-06-01,경기,광명시,전세가율,전세가율,54.4325
2020-07-01,경기,광명시,전세가율,전세가율,53.9587
2020-08-01,경기,광명시,전세가율,전세가율,54.1015
2020-09-01,경기,광명시,전세가율,전세가율,54.1015
2020-10-01,경기,광명시,전세가율,전세가율,60.2508
2020-11-01,경기,광명시,전세가율,전세가율,62.2418
2020-12-01,경기,광명시,전세가율,전세가율,62.2293
2021-01-01,경기,광명시,전세가율,전세가율,62.6487
2021-02-01,경기,광명시,전세가율,전세가율,60.8971
2021-03-01,경기,광명시,전세가율,전세가율,59.84
2021-04-01,경기,광명시,전세가율,전세가율,58.9202
2021-05-01,경기,광명시,전세가율,전세가율,58.2017
2021-06-01,경기,광명시,전세가율,전세가율,57.6566
2021-07-01,경기,광명시,전세가율,전세가율,57.2884
2021-08-01,경기,광명시,전세가율,전세가율,57.8081
2021-09-01,경기,광명시,전세가율,전세가율,57.7458
2021-10-01,경기,광명시,전세가율,전세가율,58.1338
2021-11-01,경기,광명시,전세가율,전세가율,58.3451
2021-12-01,경기,광명시,전세가율,전세가율,58.6171
2022-01-01,경기,광명시,전세가율,전세가율,58.6325
2022-02-01,경기,광명시,전세가율,전세가율,58.5392
2022-03-01,경기,광명시,전세가율,전세가율,58.3093
2022-04-01,경기,광명시,전세가율,전세가율,59.6866
2022-05-01,경기,광명시,전세가율,전세가율,59.2334
2022-06-01,경기,광명시,전세가율,전세가율,59.2446
2022-07-01,경기,광명시,전세가율,전세가율,59.2038
2022-08-01,경기,광명시,전세가율,전세가율,59.3061
2022-09-01,경기,광명시,전세가율,전세가율,59.281
2022-10-01,경기,광명시,전세가율,전세가율,59.331
2022-11-01,경기,광명시,전세가율,전세가율,56.4562
2022-12-01,경기,광명시,전세가율,전세가율,56.0253
2023-01-01,경기,광명시,전세가율,전세가율,55.7069
2023-02-01,경기,광명시,전세가율,전세가율,55.2378
2023-03-01,경기,광명시,전세가율,전세가율,55.317
2023-04-01,경기,광명시,전세가율,전세가율,55.6839
2023-05-01,경기,광명시,전세가율,전세가율,55.5412
2023-06-01,경기,광명시,전세가율,전세가율,55.3772
2023-07-01,경기,광명시,전세가율,전세가율,55.2691
2023-08-01,경기,광명시,전세가율,전세가율,55.079
2023-09-01,경기,광명시,전세가율,전세가율,54.9273
2023-10-01,경기,광명시,전세가율,전세가율,54.8842
2023-11-01,경기,광명시,전세가율,전세가율,54.9606
2023-12-01,경기,광명시,전세가율,전세가율,55.2057
2024-01-01,경기,광명시,전세가율,전세가율,55.4349
2024-02-01,경기,광명시,전세가율,전세가율,55.5652
2024-03-01,경기,광명시,전세가율,전세가율,56.0093
2024-04-01,경기,광명시,전세가율,전세가율,56.7785
2024-05-01,경기,광명시,전세가율,전세가율,57.4175
2024-06-01,경기,광명시,전세가율,전세가율,57.9137
2024-07-01,경기,광명시,전세가율,전세가율,58.0475
2024-08-01,경기,광명시,전세가율,전세가율,58.1755
2024-09-01,경기,광명시,전세가율,전세가율,58.2454
2024-10-01,경기,광명시,전세가율,전세가율,58.2954
2024-11-01,경기,광명시,전세가율,전세가율,58.2522
2024-12-01,경기,광명시,전세가율,전세가율,58.2135
2025-01-01,경기,광명시,전세가율,전세가율,57.8827
2025-02-01,경기,광명시,전세가율,전세가율,57.6423
2025-03-01,경기,광명시,전세가율,전세가율,57.3853
2025-04-01,경기,광명시,전세가율,전세가율,56.9663
2025-05-01,경기,광명시,전세가율,전세가율,56.6852
2025-06-01,경기,광명시,전세가율,전세가율,55.9878
2025-07-01,경기,광명시,전세가율,전세가율,55.5864
2025-08-01,경기,광명시,전세가율,전세가율,55.3313
2025-09-01,경기,광명시,전세가율,전세가율,54.7831
2025-10-01,경기,광명시,전세가율,전세가율,54.1813
2025-11-01,경기,광명시,전세가율,전세가율,53.2523
2025-12-01,경기,광명시,전세가율,전세가율,53.0505
2026-01-01,경기,광명시,전세가율,전세가율,52.3559
2026-02-01,경기,광명시,전세가율,전세가율,51.3374
2026-03-01,경기,광명시,전세가율,전세가율,50.3819
2026-04-01,경기,광명시,전세가율,전세가율,50.7148
2026-05-01,경기,광명시,전세가율,전세가율,50.9687
2026-06-01,경기,광명시,전세가율,전세가율,51.2463
2013-04-01,경기,광주시,전세가율,전세가율,52.8852
2013-05-01,경기,광주시,전세가율,전세가율,53.0651
2013-06-01,경기,광주시,전세가율,전세가율,53.1937
2013-07-01,경기,광주시,전세가율,전세가율,53.1966
2013-08-01,경기,광주시,전세가율,전세가율,53.3342
2013-09-01,경기,광주시,전세가율,전세가율,54.2443
2013-10-01,경기,광주시,전세가율,전세가율,55.737
2013-11-01,경기,광주시,전세가율,전세가율,56.2573
2013-12-01,경기,광주시,전세가율,전세가율,56.8138
2014-01-01,경기,광주시,전세가율,전세가율,56.9997
2014-02-01,경기,광주시,전세가율,전세가율,57.5268
2014-03-01,경기,광주시,전세가율,전세가율,57.8769
2014-04-01,경기,광주시,전세가율,전세가율,58.5995
2014-05-01,경기,광주시,전세가율,전세가율,58.7314
2014-06-01,경기,광주시,전세가율,전세가율,58.9773
2014-07-01,경기,광주시,전세가율,전세가율,59.1331
2014-08-01,경기,광주시,전세가율,전세가율,59.9078
2014-09-01,경기,광주시,전세가율,전세가율,60.3496
2014-10-01,경기,광주시,전세가율,전세가율,60.7452
2014-11-01,경기,광주시,전세가율,전세가율,60.9923
2014-12-01,경기,광주시,전세가율,전세가율,61.6768
2015-01-01,경기,광주시,전세가율,전세가율,62.0648
2015-02-01,경기,광주시,전세가율,전세가율,63.1108
2015-03-01,경기,광주시,전세가율,전세가율,63.746
2015-04-01,경기,광주시,전세가율,전세가율,65.5637
2015-05-01,경기,광주시,전세가율,전세가율,66.0141
2015-06-01,경기,광주시,전세가율,전세가율,65.7985
2015-07-01,경기,광주시,전세가율,전세가율,66.3613
2015-08-01,경기,광주시,전세가율,전세가율,66.9704
2015-09-01,경기,광주시,전세가율,전세가율,66.9181
2015-10-01,경기,광주시,전세가율,전세가율,67.5854
2015-11-01,경기,광주시,전세가율,전세가율,68.7829
2015-12-01,경기,광주시,전세가율,전세가율,71.2459
2016-01-01,경기,광주시,전세가율,전세가율,73.1321
2016-02-01,경기,광주시,전세가율,전세가율,74.2544
2016-03-01,경기,광주시,전세가율,전세가율,74.2544
2016-04-01,경기,광주시,전세가율,전세가율,75.3885
2016-05-01,경기,광주시,전세가율,전세가율,75.5209
2016-06-01,경기,광주시,전세가율,전세가율,75.6268
2016-07-01,경기,광주시,전세가율,전세가율,75.9525
2016-08-01,경기,광주시,전세가율,전세가율,76.1113
2016-09-01,경기,광주시,전세가율,전세가율,76.4173
2016-10-01,경기,광주시,전세가율,전세가율,76.4789
2016-11-01,경기,광주시,전세가율,전세가율,76.5073
2016-12-01,경기,광주시,전세가율,전세가율,76.7587
2017-01-01,경기,광주시,전세가율,전세가율,76.2812
2017-02-01,경기,광주시,전세가율,전세가율,76.2679
2017-03-01,경기,광주시,전세가율,전세가율,76.3427
2017-04-01,경기,광주시,전세가율,전세가율,76.2386
2017-05-01,경기,광주시,전세가율,전세가율,76.0101
2017-06-01,경기,광주시,전세가율,전세가율,75.9921
2017-07-01,경기,광주시,전세가율,전세가율,75.9658
2017-08-01,경기,광주시,전세가율,전세가율,76.5393
2017-09-01,경기,광주시,전세가율,전세가율,76.4863
2017-10-01,경기,광주시,전세가율,전세가율,76.0032
2017-11-01,경기,광주시,전세가율,전세가율,75.8307
2017-12-01,경기,광주시,전세가율,전세가율,74.8272
2018-01-01,경기,광주시,전세가율,전세가율,74.8807
2018-02-01,경기,광주시,전세가율,전세가율,74.9159
2018-03-01,경기,광주시,전세가율,전세가율,75.0482
2018-04-01,경기,광주시,전세가율,전세가율,75.141
2018-05-01,경기,광주시,전세가율,전세가율,75.1651
2018-06-01,경기,광주시,전세가율,전세가율,75.28
2018-07-01,경기,광주시,전세가율,전세가율,75.3728
2018-08-01,경기,광주시,전세가율,전세가율,75.4433
2018-09-01,경기,광주시,전세가율,전세가율,75.8605
2018-10-01,경기,광주시,전세가율,전세가율,76.1505
2018-11-01,경기,광주시,전세가율,전세가율,76.1604
2018-12-01,경기,광주시,전세가율,전세가율,76.151
2019-01-01,경기,광주시,전세가율,전세가율,76.2812
2019-02-01,경기,광주시,전세가율,전세가율,76.2812
2019-03-01,경기,광주시,전세가율,전세가율,76.3843
2019-04-01,경기,광주시,전세가율,전세가율,76.4328
2019-05-01,경기,광주시,전세가율,전세가율,76.1881
2019-06-01,경기,광주시,전세가율,전세가율,76.1157
2019-07-01,경기,광주시,전세가율,전세가율,76.4742
2019-08-01,경기,광주시,전세가율,전세가율,76.5505
2019-09-01,경기,광주시,전세가율,전세가율,76.8022
2019-10-01,경기,광주시,전세가율,전세가율,76.9079
2019-11-01,경기,광주시,전세가율,전세가율,77.1882
2019-12-01,경기,광주시,전세가율,전세가율,77.1451
2020-01-01,경기,광주시,전세가율,전세가율,77.1166
2020-02-01,경기,광주시,전세가율,전세가율,77.0904
2020-03-01,경기,광주시,전세가율,전세가율,77.0904
2020-04-01,경기,광주시,전세가율,전세가율,76.7867
2020-05-01,경기,광주시,전세가율,전세가율,77.0721
2020-06-01,경기,광주시,전세가율,전세가율,77.9909
2020-07-01,경기,광주시,전세가율,전세가율,77.991
2020-08-01,경기,광주시,전세가율,전세가율,78.1964
2020-09-01,경기,광주시,전세가율,전세가율,78.1964
2020-10-01,경기,광주시,전세가율,전세가율,79.4857
2020-11-01,경기,광주시,전세가율,전세가율,81.465
2020-12-01,경기,광주시,전세가율,전세가율,81.3767
2021-01-01,경기,광주시,전세가율,전세가율,81.7601
2021-02-01,경기,광주시,전세가율,전세가율,80.01
2021-03-01,경기,광주시,전세가율,전세가율,78.9279
2021-04-01,경기,광주시,전세가율,전세가율,78.5127
2021-05-01,경기,광주시,전세가율,전세가율,77.2989
2021-06-01,경기,광주시,전세가율,전세가율,76.4973
2021-07-01,경기,광주시,전세가율,전세가율,75.8899
2021-08-01,경기,광주시,전세가율,전세가율,76.7878
2021-09-01,경기,광주시,전세가율,전세가율,75.5599
2021-10-01,경기,광주시,전세가율,전세가율,75.037
2021-11-01,경기,광주시,전세가율,전세가율,74.3554
2021-12-01,경기,광주시,전세가율,전세가율,73.9946
2022-01-01,경기,광주시,전세가율,전세가율,72.1958
2022-02-01,경기,광주시,전세가율,전세가율,74.3576
2022-03-01,경기,광주시,전세가율,전세가율,74.4844
2022-04-01,경기,광주시,전세가율,전세가율,74.6292
2022-05-01,경기,광주시,전세가율,전세가율,74.6018
2022-06-01,경기,광주시,전세가율,전세가율,74.6727
2022-07-01,경기,광주시,전세가율,전세가율,74.052
2022-08-01,경기,광주시,전세가율,전세가율,73.8528
2022-09-01,경기,광주시,전세가율,전세가율,73.6881
2022-10-01,경기,광주시,전세가율,전세가율,73.3766
2022-11-01,경기,광주시,전세가율,전세가율,71.4398
2022-12-01,경기,광주시,전세가율,전세가율,71.1223
2023-01-01,경기,광주시,전세가율,전세가율,70.1566
2023-02-01,경기,광주시,전세가율,전세가율,69.5947
2023-03-01,경기,광주시,전세가율,전세가율,69.6081
2023-04-01,경기,광주시,전세가율,전세가율,69.417
2023-05-01,경기,광주시,전세가율,전세가율,69.1182
2023-06-01,경기,광주시,전세가율,전세가율,69.1269
2023-07-01,경기,광주시,전세가율,전세가율,69.062
2023-08-01,경기,광주시,전세가율,전세가율,69.0262
2023-09-01,경기,광주시,전세가율,전세가율,68.7993
2023-10-01,경기,광주시,전세가율,전세가율,69.0463
2023-11-01,경기,광주시,전세가율,전세가율,69.1654
2023-12-01,경기,광주시,전세가율,전세가율,69.2351
2024-01-01,경기,광주시,전세가율,전세가율,69.2167
2024-02-01,경기,광주시,전세가율,전세가율,69.2198
2024-03-01,경기,광주시,전세가율,전세가율,69.1693
2024-04-01,경기,광주시,전세가율,전세가율,69.1742
2024-05-01,경기,광주시,전세가율,전세가율,69.1191
2024-06-01,경기,광주시,전세가율,전세가율,69.1558
2024-07-01,경기,광주시,전세가율,전세가율,69.2589
2024-08-01,경기,광주시,전세가율,전세가율,69.3039
2024-09-01,경기,광주시,전세가율,전세가율,69.2327
2024-10-01,경기,광주시,전세가율,전세가율,69.2798
2024-11-01,경기,광주시,전세가율,전세가율,69.3211
2024-12-01,경기,광주시,전세가율,전세가율,69.2592
2025-01-01,경기,광주시,전세가율,전세가율,69.3238
2025-02-01,경기,광주시,전세가율,전세가율,69.3137
2025-03-01,경기,광주시,전세가율,전세가율,69.5548
2025-04-01,경기,광주시,전세가율,전세가율,69.9494
2025-05-01,경기,광주시,전세가율,전세가율,70.165
2025-06-01,경기,광주시,전세가율,전세가율,70.4044
2025-07-01,경기,광주시,전세가율,전세가율,70.6219
2025-08-01,경기,광주시,전세가율,전세가율,70.7604
2025-09-01,경기,광주시,전세가율,전세가율,71.1051
2025-10-01,경기,광주시,전세가율,전세가율,71.3121
2025-11-01,경기,광주시,전세가율,전세가율,71.6892
2025-12-01,경기,광주시,전세가율,전세가율,72.6076
2026-01-01,경기,광주시,전세가율,전세가율,72.5933
2026-02-01,경기,광주시,전세가율,전세가율,72.7467
2026-03-01,경기,광주시,전세가율,전세가율,72.8895
2026-04-01,경기,광주시,전세가율,전세가율,72.8681
2026-05-01,경기,광주시,전세가율,전세가율,72.9725
2026-06-01,경기,광주시,전세가율,전세가율,73.068
2013-04-01,경기,구리시,전세가율,전세가율,57.7237
2013-05-01,경기,구리시,전세가율,전세가율,57.8773
2013-06-01,경기,구리시,전세가율,전세가율,57.9605
2013-07-01,경기,구리시,전세가율,전세가율,58.4025
2013-08-01,경기,구리시,전세가율,전세가율,59.0081
2013-09-01,경기,구리시,전세가율,전세가율,60.1791
2013-10-01,경기,구리시,전세가율,전세가율,61.9869
2013-11-01,경기,구리시,전세가율,전세가율,62.4627
2013-12-01,경기,구리시,전세가율,전세가율,62.7145
2014-01-01,경기,구리시,전세가율,전세가율,62.938
2014-02-01,경기,구리시,전세가율,전세가율,63.7015
2014-03-01,경기,구리시,전세가율,전세가율,64.1649
2014-04-01,경기,구리시,전세가율,전세가율,65.9713
2014-05-01,경기,구리시,전세가율,전세가율,66.1105
2014-06-01,경기,구리시,전세가율,전세가율,66.3989
2014-07-01,경기,구리시,전세가율,전세가율,66.4162
2014-08-01,경기,구리시,전세가율,전세가율,66.6756
2014-09-01,경기,구리시,전세가율,전세가율,67.1863
2014-10-01,경기,구리시,전세가율,전세가율,67.3554
2014-11-01,경기,구리시,전세가율,전세가율,67.5763
2014-12-01,경기,구리시,전세가율,전세가율,67.7283
2015-01-01,경기,구리시,전세가율,전세가율,68.0927
2015-02-01,경기,구리시,전세가율,전세가율,68.5138
2015-03-01,경기,구리시,전세가율,전세가율,69.5408
2015-04-01,경기,구리시,전세가율,전세가율,71.3604
2015-05-01,경기,구리시,전세가율,전세가율,71.6258
2015-06-01,경기,구리시,전세가율,전세가율,72.4563
2015-07-01,경기,구리시,전세가율,전세가율,73.1318
2015-08-01,경기,구리시,전세가율,전세가율,73.0641
2015-09-01,경기,구리시,전세가율,전세가율,73.1544
2015-10-01,경기,구리시,전세가율,전세가율,74.6128
2015-11-01,경기,구리시,전세가율,전세가율,75.067
2015-12-01,경기,구리시,전세가율,전세가율,75.8423
2016-01-01,경기,구리시,전세가율,전세가율,77.1006
2016-02-01,경기,구리시,전세가율,전세가율,78.021
2016-03-01,경기,구리시,전세가율,전세가율,78.021
2016-04-01,경기,구리시,전세가율,전세가율,78.903
2016-05-01,경기,구리시,전세가율,전세가율,79.1775
2016-06-01,경기,구리시,전세가율,전세가율,78.6887
2016-07-01,경기,구리시,전세가율,전세가율,78.5733
2016-08-01,경기,구리시,전세가율,전세가율,78.558
2016-09-01,경기,구리시,전세가율,전세가율,78.3247
2016-10-01,경기,구리시,전세가율,전세가율,78.4387
2016-11-01,경기,구리시,전세가율,전세가율,78.1068
2016-12-01,경기,구리시,전세가율,전세가율,77.6342
2017-01-01,경기,구리시,전세가율,전세가율,77.6301
2017-02-01,경기,구리시,전세가율,전세가율,77.4986
2017-03-01,경기,구리시,전세가율,전세가율,77.4247
2017-04-01,경기,구리시,전세가율,전세가율,77.5293
2017-05-01,경기,구리시,전세가율,전세가율,77.3149
2017-06-01,경기,구리시,전세가율,전세가율,76.745
2017-07-01,경기,구리시,전세가율,전세가율,76.1316
2017-08-01,경기,구리시,전세가율,전세가율,75.6213
2017-09-01,경기,구리시,전세가율,전세가율,75.6244
2017-10-01,경기,구리시,전세가율,전세가율,75.95
2017-11-01,경기,구리시,전세가율,전세가율,75.6154
2017-12-01,경기,구리시,전세가율,전세가율,75.3344
2018-01-01,경기,구리시,전세가율,전세가율,74.6362
2018-02-01,경기,구리시,전세가율,전세가율,74.1573
2018-03-01,경기,구리시,전세가율,전세가율,73.345
2018-04-01,경기,구리시,전세가율,전세가율,71.9444
2018-05-01,경기,구리시,전세가율,전세가율,71.3431
2018-06-01,경기,구리시,전세가율,전세가율,70.4608
2018-07-01,경기,구리시,전세가율,전세가율,69.2547
2018-08-01,경기,구리시,전세가율,전세가율,68.3516
2018-09-01,경기,구리시,전세가율,전세가율,67.3432
2018-10-01,경기,구리시,전세가율,전세가율,66.0386
2018-11-01,경기,구리시,전세가율,전세가율,65.7396
2018-12-01,경기,구리시,전세가율,전세가율,65.1376
2019-01-01,경기,구리시,전세가율,전세가율,65.2061
2019-02-01,경기,구리시,전세가율,전세가율,65.2061
2019-03-01,경기,구리시,전세가율,전세가율,64.2642
2019-04-01,경기,구리시,전세가율,전세가율,63.7566
2019-05-01,경기,구리시,전세가율,전세가율,63.4983
2019-06-01,경기,구리시,전세가율,전세가율,63.3185
2019-07-01,경기,구리시,전세가율,전세가율,62.8851
2019-08-01,경기,구리시,전세가율,전세가율,62.5645
2019-09-01,경기,구리시,전세가율,전세가율,62.5338
2019-10-01,경기,구리시,전세가율,전세가율,62.3304
2019-11-01,경기,구리시,전세가율,전세가율,62.1235
2019-12-01,경기,구리시,전세가율,전세가율,61.8755
2020-01-01,경기,구리시,전세가율,전세가율,60.8244
2020-02-01,경기,구리시,전세가율,전세가율,60.1769
2020-03-01,경기,구리시,전세가율,전세가율,60.1769
2020-04-01,경기,구리시,전세가율,전세가율,57.3462
2020-05-01,경기,구리시,전세가율,전세가율,56.8291
2020-06-01,경기,구리시,전세가율,전세가율,56.2933
2020-07-01,경기,구리시,전세가율,전세가율,55.6864
2020-08-01,경기,구리시,전세가율,전세가율,55.0087
2020-09-01,경기,구리시,전세가율,전세가율,55.0087
2020-10-01,경기,구리시,전세가율,전세가율,57.5428
2020-11-01,경기,구리시,전세가율,전세가율,58.3759
2020-12-01,경기,구리시,전세가율,전세가율,59.6017
2021-01-01,경기,구리시,전세가율,전세가율,59.3722
2021-02-01,경기,구리시,전세가율,전세가율,58.4171
2021-03-01,경기,구리시,전세가율,전세가율,58.2045
2021-04-01,경기,구리시,전세가율,전세가율,57.3484
2021-05-01,경기,구리시,전세가율,전세가율,57.5023
2021-06-01,경기,구리시,전세가율,전세가율,58.517
2021-07-01,경기,구리시,전세가율,전세가율,59.1655
2021-08-01,경기,구리시,전세가율,전세가율,59.0512
2021-09-01,경기,구리시,전세가율,전세가율,58.5262
2021-10-01,경기,구리시,전세가율,전세가율,58.3035
2021-11-01,경기,구리시,전세가율,전세가율,58.4161
2021-12-01,경기,구리시,전세가율,전세가율,58.4764
2022-01-01,경기,구리시,전세가율,전세가율,58.4092
2022-02-01,경기,구리시,전세가율,전세가율,58.2767
2022-03-01,경기,구리시,전세가율,전세가율,58.176
2022-04-01,경기,구리시,전세가율,전세가율,58.0584
2022-05-01,경기,구리시,전세가율,전세가율,58.0679
2022-06-01,경기,구리시,전세가율,전세가율,58.037
2022-07-01,경기,구리시,전세가율,전세가율,58.1064
2022-08-01,경기,구리시,전세가율,전세가율,58.1467
2022-09-01,경기,구리시,전세가율,전세가율,58.0132
2022-10-01,경기,구리시,전세가율,전세가율,57.477
2022-11-01,경기,구리시,전세가율,전세가율,57.4601
2022-12-01,경기,구리시,전세가율,전세가율,55.5807
2023-01-01,경기,구리시,전세가율,전세가율,54.7333
2023-02-01,경기,구리시,전세가율,전세가율,54.1549
2023-03-01,경기,구리시,전세가율,전세가율,53.8258
2023-04-01,경기,구리시,전세가율,전세가율,53.6037
2023-05-01,경기,구리시,전세가율,전세가율,53.4285
2023-06-01,경기,구리시,전세가율,전세가율,53.4478
2023-07-01,경기,구리시,전세가율,전세가율,53.399
2023-08-01,경기,구리시,전세가율,전세가율,53.3972
2023-09-01,경기,구리시,전세가율,전세가율,53.7164
2023-10-01,경기,구리시,전세가율,전세가율,53.9803
2023-11-01,경기,구리시,전세가율,전세가율,54.3633
2023-12-01,경기,구리시,전세가율,전세가율,54.4655
2024-01-01,경기,구리시,전세가율,전세가율,54.8712
2024-02-01,경기,구리시,전세가율,전세가율,55.0972
2024-03-01,경기,구리시,전세가율,전세가율,55.3453
2024-04-01,경기,구리시,전세가율,전세가율,55.5932
2024-05-01,경기,구리시,전세가율,전세가율,55.6966
2024-06-01,경기,구리시,전세가율,전세가율,55.9063
2024-07-01,경기,구리시,전세가율,전세가율,56.2212
2024-08-01,경기,구리시,전세가율,전세가율,56.4257
2024-09-01,경기,구리시,전세가율,전세가율,56.8569
2024-10-01,경기,구리시,전세가율,전세가율,57.2621
2024-11-01,경기,구리시,전세가율,전세가율,57.9733
2024-12-01,경기,구리시,전세가율,전세가율,58.468
2025-01-01,경기,구리시,전세가율,전세가율,59.026
2025-02-01,경기,구리시,전세가율,전세가율,59.5053
2025-03-01,경기,구리시,전세가율,전세가율,60.0075
2025-04-01,경기,구리시,전세가율,전세가율,60.3685
2025-05-01,경기,구리시,전세가율,전세가율,60.8136
2025-06-01,경기,구리시,전세가율,전세가율,61.3526
2025-07-01,경기,구리시,전세가율,전세가율,61.5821
2025-08-01,경기,구리시,전세가율,전세가율,62.0205
2025-09-01,경기,구리시,전세가율,전세가율,62.4993
2025-10-01,경기,구리시,전세가율,전세가율,62.775
2025-11-01,경기,구리시,전세가율,전세가율,62.9677
2025-12-01,경기,구리시,전세가율,전세가율,62.8457
2026-01-01,경기,구리시,전세가율,전세가율,63.1086
2026-02-01,경기,구리시,전세가율,전세가율,63.0239
2026-03-01,경기,구리시,전세가율,전세가율,62.3952
2026-04-01,경기,구리시,전세가율,전세가율,62.0555
2026-05-01,경기,구리시,전세가율,전세가율,61.6173
2026-06-01,경기,구리시,전세가율,전세가율,61.1362
2013-04-01,경기,군포시,전세가율,전세가율,64.3541
2013-05-01,경기,군포시,전세가율,전세가율,64.5985
2013-06-01,경기,군포시,전세가율,전세가율,64.8899
2013-07-01,경기,군포시,전세가율,전세가율,65.0292
2013-08-01,경기,군포시,전세가율,전세가율,65.9554
2013-09-01,경기,군포시,전세가율,전세가율,67.5698
2013-10-01,경기,군포시,전세가율,전세가율,68.6342
2013-11-01,경기,군포시,전세가율,전세가율,69.2804
2013-12-01,경기,군포시,전세가율,전세가율,70.9022
2014-01-01,경기,군포시,전세가율,전세가율,71.5752
2014-02-01,경기,군포시,전세가율,전세가율,71.8945
2014-03-01,경기,군포시,전세가율,전세가율,72.376
2014-04-01,경기,군포시,전세가율,전세가율,72.2329
2014-05-01,경기,군포시,전세가율,전세가율,72.5176
2014-06-01,경기,군포시,전세가율,전세가율,72.5685
2014-07-01,경기,군포시,전세가율,전세가율,72.6216
2014-08-01,경기,군포시,전세가율,전세가율,72.8099
2014-09-01,경기,군포시,전세가율,전세가율,72.8493
2014-10-01,경기,군포시,전세가율,전세가율,73.4708
2014-11-01,경기,군포시,전세가율,전세가율,73.501
2014-12-01,경기,군포시,전세가율,전세가율,73.7372
2015-01-01,경기,군포시,전세가율,전세가율,74.1401
2015-02-01,경기,군포시,전세가율,전세가율,74.5106
2015-03-01,경기,군포시,전세가율,전세가율,75.2844
2015-04-01,경기,군포시,전세가율,전세가율,76.0224
2015-05-01,경기,군포시,전세가율,전세가율,76.3975
2015-06-01,경기,군포시,전세가율,전세가율,76.7191
2015-07-01,경기,군포시,전세가율,전세가율,77.4033
2015-08-01,경기,군포시,전세가율,전세가율,77.9263
2015-09-01,경기,군포시,전세가율,전세가율,78.2882
2015-10-01,경기,군포시,전세가율,전세가율,78.988
2015-11-01,경기,군포시,전세가율,전세가율,78.8571
2015-12-01,경기,군포시,전세가율,전세가율,79.0439
2016-01-01,경기,군포시,전세가율,전세가율,80.2505
2016-02-01,경기,군포시,전세가율,전세가율,80.5233
2016-03-01,경기,군포시,전세가율,전세가율,80.5233
2016-04-01,경기,군포시,전세가율,전세가율,80.9679
2016-05-01,경기,군포시,전세가율,전세가율,80.9924
2016-06-01,경기,군포시,전세가율,전세가율,81.4642
2016-07-01,경기,군포시,전세가율,전세가율,81.5002
2016-08-01,경기,군포시,전세가율,전세가율,81.746
2016-09-01,경기,군포시,전세가율,전세가율,81.7764
2016-10-01,경기,군포시,전세가율,전세가율,81.7465
2016-11-01,경기,군포시,전세가율,전세가율,81.4818
2016-12-01,경기,군포시,전세가율,전세가율,81.7294
2017-01-01,경기,군포시,전세가율,전세가율,81.7654
2017-02-01,경기,군포시,전세가율,전세가율,82.8395
2017-03-01,경기,군포시,전세가율,전세가율,83.1127
2017-04-01,경기,군포시,전세가율,전세가율,83.2321
2017-05-01,경기,군포시,전세가율,전세가율,83.4785
2017-06-01,경기,군포시,전세가율,전세가율,83.6617
2017-07-01,경기,군포시,전세가율,전세가율,83.6819
2017-08-01,경기,군포시,전세가율,전세가율,83.8398
2017-09-01,경기,군포시,전세가율,전세가율,83.648
2017-10-01,경기,군포시,전세가율,전세가율,83.4334
2017-11-01,경기,군포시,전세가율,전세가율,83.228
2017-12-01,경기,군포시,전세가율,전세가율,82.9526
2018-01-01,경기,군포시,전세가율,전세가율,82.5222
2018-02-01,경기,군포시,전세가율,전세가율,82.2917
2018-03-01,경기,군포시,전세가율,전세가율,82.1237
2018-04-01,경기,군포시,전세가율,전세가율,81.8465
2018-05-01,경기,군포시,전세가율,전세가율,81.7158
2018-06-01,경기,군포시,전세가율,전세가율,81.6966
2018-07-01,경기,군포시,전세가율,전세가율,81.5826
2018-08-01,경기,군포시,전세가율,전세가율,81.4099
2018-09-01,경기,군포시,전세가율,전세가율,79.4482
2018-10-01,경기,군포시,전세가율,전세가율,78.2229
2018-11-01,경기,군포시,전세가율,전세가율,77.8849
2018-12-01,경기,군포시,전세가율,전세가율,77.6154
2019-01-01,경기,군포시,전세가율,전세가율,77.4318
2019-02-01,경기,군포시,전세가율,전세가율,77.4318
2019-03-01,경기,군포시,전세가율,전세가율,76.8539
2019-04-01,경기,군포시,전세가율,전세가율,76.9125
2019-05-01,경기,군포시,전세가율,전세가율,76.8011
2019-06-01,경기,군포시,전세가율,전세가율,76.6582
2019-07-01,경기,군포시,전세가율,전세가율,76.5422
2019-08-01,경기,군포시,전세가율,전세가율,76.5036
2019-09-01,경기,군포시,전세가율,전세가율,76.4662
2019-10-01,경기,군포시,전세가율,전세가율,76.3872
2019-11-01,경기,군포시,전세가율,전세가율,76.2883
2019-12-01,경기,군포시,전세가율,전세가율,76.1182
2020-01-01,경기,군포시,전세가율,전세가율,75.938
2020-02-01,경기,군포시,전세가율,전세가율,75.6784
2020-03-01,경기,군포시,전세가율,전세가율,75.6784
2020-04-01,경기,군포시,전세가율,전세가율,71.976
2020-05-01,경기,군포시,전세가율,전세가율,71.6872
2020-06-01,경기,군포시,전세가율,전세가율,71.4802
2020-07-01,경기,군포시,전세가율,전세가율,70.7381
2020-08-01,경기,군포시,전세가율,전세가율,70.9239
2020-09-01,경기,군포시,전세가율,전세가율,70.9239
2020-10-01,경기,군포시,전세가율,전세가율,72.3997
2020-11-01,경기,군포시,전세가율,전세가율,72.8902
2020-12-01,경기,군포시,전세가율,전세가율,73.1013
2021-01-01,경기,군포시,전세가율,전세가율,72.6007
2021-02-01,경기,군포시,전세가율,전세가율,71.8703
2021-03-01,경기,군포시,전세가율,전세가율,70.2103
2021-04-01,경기,군포시,전세가율,전세가율,67.8833
2021-05-01,경기,군포시,전세가율,전세가율,66.6363
2021-06-01,경기,군포시,전세가율,전세가율,63.7931
2021-07-01,경기,군포시,전세가율,전세가율,62.8011
2021-08-01,경기,군포시,전세가율,전세가율,60.5168
2021-09-01,경기,군포시,전세가율,전세가율,59.7276
2021-10-01,경기,군포시,전세가율,전세가율,58.6459
2021-11-01,경기,군포시,전세가율,전세가율,57.5266
2021-12-01,경기,군포시,전세가율,전세가율,57.2008
2022-01-01,경기,군포시,전세가율,전세가율,57.0955
2022-02-01,경기,군포시,전세가율,전세가율,57.0952
2022-03-01,경기,군포시,전세가율,전세가율,57.1916
2022-04-01,경기,군포시,전세가율,전세가율,57.1852
2022-05-01,경기,군포시,전세가율,전세가율,57.17
2022-06-01,경기,군포시,전세가율,전세가율,57.1201
2022-07-01,경기,군포시,전세가율,전세가율,57.1494
2022-08-01,경기,군포시,전세가율,전세가율,57.305
2022-09-01,경기,군포시,전세가율,전세가율,57.3703
2022-10-01,경기,군포시,전세가율,전세가율,57.9147
2022-11-01,경기,군포시,전세가율,전세가율,60.219
2022-12-01,경기,군포시,전세가율,전세가율,60.5573
2023-01-01,경기,군포시,전세가율,전세가율,60.4622
2023-02-01,경기,군포시,전세가율,전세가율,60.6249
2023-03-01,경기,군포시,전세가율,전세가율,61.7627
2023-04-01,경기,군포시,전세가율,전세가율,62.3923
2023-05-01,경기,군포시,전세가율,전세가율,62.6951
2023-06-01,경기,군포시,전세가율,전세가율,62.8839
2023-07-01,경기,군포시,전세가율,전세가율,62.9165
2023-08-01,경기,군포시,전세가율,전세가율,62.8156
2023-09-01,경기,군포시,전세가율,전세가율,62.8298
2023-10-01,경기,군포시,전세가율,전세가율,62.7939
2023-11-01,경기,군포시,전세가율,전세가율,62.8197
2023-12-01,경기,군포시,전세가율,전세가율,63.002
2024-01-01,경기,군포시,전세가율,전세가율,63.1281
2024-02-01,경기,군포시,전세가율,전세가율,63.3825
2024-03-01,경기,군포시,전세가율,전세가율,63.5187
2024-04-01,경기,군포시,전세가율,전세가율,63.7828
2024-05-01,경기,군포시,전세가율,전세가율,63.8805
2024-06-01,경기,군포시,전세가율,전세가율,64.1721
2024-07-01,경기,군포시,전세가율,전세가율,64.6203
2024-08-01,경기,군포시,전세가율,전세가율,64.9254
2024-09-01,경기,군포시,전세가율,전세가율,65.0473
2024-10-01,경기,군포시,전세가율,전세가율,65.2232
2024-11-01,경기,군포시,전세가율,전세가율,65.4367
2024-12-01,경기,군포시,전세가율,전세가율,65.5809
2025-01-01,경기,군포시,전세가율,전세가율,65.6956
2025-02-01,경기,군포시,전세가율,전세가율,65.7059
2025-03-01,경기,군포시,전세가율,전세가율,65.8071
2025-04-01,경기,군포시,전세가율,전세가율,65.8042
2025-05-01,경기,군포시,전세가율,전세가율,65.9667
2025-06-01,경기,군포시,전세가율,전세가율,66.0588
2025-07-01,경기,군포시,전세가율,전세가율,66.4302
2025-08-01,경기,군포시,전세가율,전세가율,66.6681
2025-09-01,경기,군포시,전세가율,전세가율,66.9982
2025-10-01,경기,군포시,전세가율,전세가율,67.002
2025-11-01,경기,군포시,전세가율,전세가율,67.1185
2025-12-01,경기,군포시,전세가율,전세가율,67.4378
2026-01-01,경기,군포시,전세가율,전세가율,67.5176
2026-02-01,경기,군포시,전세가율,전세가율,67.6483
2026-03-01,경기,군포시,전세가율,전세가율,67.5617
2026-04-01,경기,군포시,전세가율,전세가율,67.7323
2026-05-01,경기,군포시,전세가율,전세가율,67.7779
2026-06-01,경기,군포시,전세가율,전세가율,67.9432
2013-04-01,경기,김포시,전세가율,전세가율,53.6291
2013-05-01,경기,김포시,전세가율,전세가율,54.6365
2013-06-01,경기,김포시,전세가율,전세가율,55.2692
2013-07-01,경기,김포시,전세가율,전세가율,55.5011
2013-08-01,경기,김포시,전세가율,전세가율,56.1434
2013-09-01,경기,김포시,전세가율,전세가율,57.8152
2013-10-01,경기,김포시,전세가율,전세가율,59.6319
2013-11-01,경기,김포시,전세가율,전세가율,60.3487
2013-12-01,경기,김포시,전세가율,전세가율,61.1753
2014-01-01,경기,김포시,전세가율,전세가율,62.3231
2014-02-01,경기,김포시,전세가율,전세가율,63.6394
2014-03-01,경기,김포시,전세가율,전세가율,63.8437
2014-04-01,경기,김포시,전세가율,전세가율,64.2738
2014-05-01,경기,김포시,전세가율,전세가율,63.9459
2014-06-01,경기,김포시,전세가율,전세가율,63.3266
2014-07-01,경기,김포시,전세가율,전세가율,63.2383
2014-08-01,경기,김포시,전세가율,전세가율,63.0653
2014-09-01,경기,김포시,전세가율,전세가율,63.2422
2014-10-01,경기,김포시,전세가율,전세가율,63.7106
2014-11-01,경기,김포시,전세가율,전세가율,63.8063
2014-12-01,경기,김포시,전세가율,전세가율,64.7901
2015-01-01,경기,김포시,전세가율,전세가율,65.2962
2015-02-01,경기,김포시,전세가율,전세가율,65.6627
2015-03-01,경기,김포시,전세가율,전세가율,65.522
2015-04-01,경기,김포시,전세가율,전세가율,65.5084
2015-05-01,경기,김포시,전세가율,전세가율,66.1451
2015-06-01,경기,김포시,전세가율,전세가율,67.9101
2015-07-01,경기,김포시,전세가율,전세가율,69.3118
2015-08-01,경기,김포시,전세가율,전세가율,69.7906
2015-09-01,경기,김포시,전세가율,전세가율,70.2195
2015-10-01,경기,김포시,전세가율,전세가율,70.8256
2015-11-01,경기,김포시,전세가율,전세가율,73.0386
2015-12-01,경기,김포시,전세가율,전세가율,73.0752
2016-01-01,경기,김포시,전세가율,전세가율,73.632
2016-02-01,경기,김포시,전세가율,전세가율,73.6692
2016-03-01,경기,김포시,전세가율,전세가율,73.6692
2016-04-01,경기,김포시,전세가율,전세가율,74.3579
2016-05-01,경기,김포시,전세가율,전세가율,74.7458
2016-06-01,경기,김포시,전세가율,전세가율,74.806
2016-07-01,경기,김포시,전세가율,전세가율,74.7986
2016-08-01,경기,김포시,전세가율,전세가율,74.8692
2016-09-01,경기,김포시,전세가율,전세가율,75.2073
2016-10-01,경기,김포시,전세가율,전세가율,75.7249
2016-11-01,경기,김포시,전세가율,전세가율,75.6248
2016-12-01,경기,김포시,전세가율,전세가율,75.4536
2017-01-01,경기,김포시,전세가율,전세가율,75.307
2017-02-01,경기,김포시,전세가율,전세가율,74.9596
2017-03-01,경기,김포시,전세가율,전세가율,74.9021
2017-04-01,경기,김포시,전세가율,전세가율,74.6727
2017-05-01,경기,김포시,전세가율,전세가율,74.6838
2017-06-01,경기,김포시,전세가율,전세가율,74.3075
2017-07-01,경기,김포시,전세가율,전세가율,74.0106
2017-08-01,경기,김포시,전세가율,전세가율,73.9919
2017-09-01,경기,김포시,전세가율,전세가율,73.9736
2017-10-01,경기,김포시,전세가율,전세가율,73.8402
2017-11-01,경기,김포시,전세가율,전세가율,73.6124
2017-12-01,경기,김포시,전세가율,전세가율,73.743
2018-01-01,경기,김포시,전세가율,전세가율,73.3629
2018-02-01,경기,김포시,전세가율,전세가율,73.1552
2018-03-01,경기,김포시,전세가율,전세가율,72.8753
2018-04-01,경기,김포시,전세가율,전세가율,72.4259
2018-05-01,경기,김포시,전세가율,전세가율,72.4469
2018-06-01,경기,김포시,전세가율,전세가율,72.1569
2018-07-01,경기,김포시,전세가율,전세가율,71.5438
2018-08-01,경기,김포시,전세가율,전세가율,71.1912
2018-09-01,경기,김포시,전세가율,전세가율,71.2807
2018-10-01,경기,김포시,전세가율,전세가율,71.3618
2018-11-01,경기,김포시,전세가율,전세가율,71.2998
2018-12-01,경기,김포시,전세가율,전세가율,71.3686
2019-01-01,경기,김포시,전세가율,전세가율,71.5313
2019-02-01,경기,김포시,전세가율,전세가율,71.5313
2019-03-01,경기,김포시,전세가율,전세가율,71.4552
2019-04-01,경기,김포시,전세가율,전세가율,71.5879
2019-05-01,경기,김포시,전세가율,전세가율,71.6619
2019-06-01,경기,김포시,전세가율,전세가율,71.9624
2019-07-01,경기,김포시,전세가율,전세가율,71.904
2019-08-01,경기,김포시,전세가율,전세가율,71.877
2019-09-01,경기,김포시,전세가율,전세가율,72.0436
2019-10-01,경기,김포시,전세가율,전세가율,72.5722
2019-11-01,경기,김포시,전세가율,전세가율,72.761
2019-12-01,경기,김포시,전세가율,전세가율,72.9147
2020-01-01,경기,김포시,전세가율,전세가율,73.4186
2020-02-01,경기,김포시,전세가율,전세가율,73.5034
2020-03-01,경기,김포시,전세가율,전세가율,73.5034
2020-04-01,경기,김포시,전세가율,전세가율,73.5688
2020-05-01,경기,김포시,전세가율,전세가율,73.4617
2020-06-01,경기,김포시,전세가율,전세가율,73.512
2020-07-01,경기,김포시,전세가율,전세가율,72.3727
2020-08-01,경기,김포시,전세가율,전세가율,71.4743
2020-09-01,경기,김포시,전세가율,전세가율,71.4743
2020-10-01,경기,김포시,전세가율,전세가율,74.6522
2020-11-01,경기,김포시,전세가율,전세가율,71.2259
2020-12-01,경기,김포시,전세가율,전세가율,70.6231
2021-01-01,경기,김포시,전세가율,전세가율,70.3207
2021-02-01,경기,김포시,전세가율,전세가율,70.5976
2021-03-01,경기,김포시,전세가율,전세가율,70.9514
2021-04-01,경기,김포시,전세가율,전세가율,70.5743
2021-05-01,경기,김포시,전세가율,전세가율,70.303
2021-06-01,경기,김포시,전세가율,전세가율,69.7139
2021-07-01,경기,김포시,전세가율,전세가율,69.4295
2021-08-01,경기,김포시,전세가율,전세가율,69.4093
2021-09-01,경기,김포시,전세가율,전세가율,69.0782
2021-10-01,경기,김포시,전세가율,전세가율,69.034
2021-11-01,경기,김포시,전세가율,전세가율,69.066
2021-12-01,경기,김포시,전세가율,전세가율,68.9012
2022-01-01,경기,김포시,전세가율,전세가율,68.7932
2022-02-01,경기,김포시,전세가율,전세가율,68.6463
2022-03-01,경기,김포시,전세가율,전세가율,68.6221
2022-04-01,경기,김포시,전세가율,전세가율,68.6178
2022-05-01,경기,김포시,전세가율,전세가율,68.6334
2022-06-01,경기,김포시,전세가율,전세가율,68.5586
2022-07-01,경기,김포시,전세가율,전세가율,68.542
2022-08-01,경기,김포시,전세가율,전세가율,68.3073
2022-09-01,경기,김포시,전세가율,전세가율,68.2697
2022-10-01,경기,김포시,전세가율,전세가율,67.703
2022-11-01,경기,김포시,전세가율,전세가율,64.2358
2022-12-01,경기,김포시,전세가율,전세가율,63.2025
2023-01-01,경기,김포시,전세가율,전세가율,62.3999
2023-02-01,경기,김포시,전세가율,전세가율,61.9587
2023-03-01,경기,김포시,전세가율,전세가율,61.9377
2023-04-01,경기,김포시,전세가율,전세가율,61.8957
2023-05-01,경기,김포시,전세가율,전세가율,61.836
2023-06-01,경기,김포시,전세가율,전세가율,61.9565
2023-07-01,경기,김포시,전세가율,전세가율,62.0179
2023-08-01,경기,김포시,전세가율,전세가율,62.0906
2023-09-01,경기,김포시,전세가율,전세가율,62.4905
2023-10-01,경기,김포시,전세가율,전세가율,62.7071
2023-11-01,경기,김포시,전세가율,전세가율,63.2105
2023-12-01,경기,김포시,전세가율,전세가율,63.6133
2024-01-01,경기,김포시,전세가율,전세가율,63.8886
2024-02-01,경기,김포시,전세가율,전세가율,64.1592
2024-03-01,경기,김포시,전세가율,전세가율,64.4974
2024-04-01,경기,김포시,전세가율,전세가율,65.0733
2024-05-01,경기,김포시,전세가율,전세가율,65.3012
2024-06-01,경기,김포시,전세가율,전세가율,65.5805
2024-07-01,경기,김포시,전세가율,전세가율,65.8777
2024-08-01,경기,김포시,전세가율,전세가율,66.4802
2024-09-01,경기,김포시,전세가율,전세가율,66.9194
2024-10-01,경기,김포시,전세가율,전세가율,67.2856
2024-11-01,경기,김포시,전세가율,전세가율,67.9152
2024-12-01,경기,김포시,전세가율,전세가율,68.1997
2025-01-01,경기,김포시,전세가율,전세가율,68.4293
2025-02-01,경기,김포시,전세가율,전세가율,68.6063
2025-03-01,경기,김포시,전세가율,전세가율,68.8208
2025-04-01,경기,김포시,전세가율,전세가율,68.879
2025-05-01,경기,김포시,전세가율,전세가율,68.972
2025-06-01,경기,김포시,전세가율,전세가율,69.1156
2025-07-01,경기,김포시,전세가율,전세가율,69.2298
2025-08-01,경기,김포시,전세가율,전세가율,69.2746
2025-09-01,경기,김포시,전세가율,전세가율,69.3882
2025-10-01,경기,김포시,전세가율,전세가율,69.6536
2025-11-01,경기,김포시,전세가율,전세가율,69.9238
2025-12-01,경기,김포시,전세가율,전세가율,70.0334
2026-01-01,경기,김포시,전세가율,전세가율,70.2653
2026-02-01,경기,김포시,전세가율,전세가율,70.5798
2026-03-01,경기,김포시,전세가율,전세가율,70.834
2026-04-01,경기,김포시,전세가율,전세가율,71.0505
2026-05-01,경기,김포시,전세가율,전세가율,71.2707
2026-06-01,경기,김포시,전세가율,전세가율,71.5646
2013-04-01,경기,남양주시,전세가율,전세가율,54.2189
2013-05-01,경기,남양주시,전세가율,전세가율,54.5549
2013-06-01,경기,남양주시,전세가율,전세가율,55.217
2013-07-01,경기,남양주시,전세가율,전세가율,55.5183
2013-08-01,경기,남양주시,전세가율,전세가율,56.1814
2013-09-01,경기,남양주시,전세가율,전세가율,58.1521
2013-10-01,경기,남양주시,전세가율,전세가율,59.4934
2013-11-01,경기,남양주시,전세가율,전세가율,60.153
2013-12-01,경기,남양주시,전세가율,전세가율,61.1771
2014-01-01,경기,남양주시,전세가율,전세가율,61.3973
2014-02-01,경기,남양주시,전세가율,전세가율,62.1882
2014-03-01,경기,남양주시,전세가율,전세가율,62.6908
2014-04-01,경기,남양주시,전세가율,전세가율,63.1461
2014-05-01,경기,남양주시,전세가율,전세가율,63.6943
2014-06-01,경기,남양주시,전세가율,전세가율,64.0613
2014-07-01,경기,남양주시,전세가율,전세가율,64.5374
2014-08-01,경기,남양주시,전세가율,전세가율,64.9055
2014-09-01,경기,남양주시,전세가율,전세가율,65.3493
2014-10-01,경기,남양주시,전세가율,전세가율,65.8468
2014-11-01,경기,남양주시,전세가율,전세가율,65.9014
2014-12-01,경기,남양주시,전세가율,전세가율,66.4521
2015-01-01,경기,남양주시,전세가율,전세가율,66.6243
2015-02-01,경기,남양주시,전세가율,전세가율,67.6772
2015-03-01,경기,남양주시,전세가율,전세가율,68.5119
2015-04-01,경기,남양주시,전세가율,전세가율,69.3083
2015-05-01,경기,남양주시,전세가율,전세가율,69.4817
2015-06-01,경기,남양주시,전세가율,전세가율,70.0202
2015-07-01,경기,남양주시,전세가율,전세가율,70.5706
2015-08-01,경기,남양주시,전세가율,전세가율,71.3707
2015-09-01,경기,남양주시,전세가율,전세가율,73.6527
2015-10-01,경기,남양주시,전세가율,전세가율,74.5818
2015-11-01,경기,남양주시,전세가율,전세가율,75.2652
2015-12-01,경기,남양주시,전세가율,전세가율,76.5326
2016-01-01,경기,남양주시,전세가율,전세가율,76.8642
2016-02-01,경기,남양주시,전세가율,전세가율,77.1979
2016-03-01,경기,남양주시,전세가율,전세가율,77.1979
2016-04-01,경기,남양주시,전세가율,전세가율,77.7474
2016-05-01,경기,남양주시,전세가율,전세가율,78.1398
2016-06-01,경기,남양주시,전세가율,전세가율,78.1834
2016-07-01,경기,남양주시,전세가율,전세가율,78.2577
2016-08-01,경기,남양주시,전세가율,전세가율,78.4166
2016-09-01,경기,남양주시,전세가율,전세가율,78.4824
2016-10-01,경기,남양주시,전세가율,전세가율,78.9968
2016-11-01,경기,남양주시,전세가율,전세가율,79.2712
2016-12-01,경기,남양주시,전세가율,전세가율,79.3217
2017-01-01,경기,남양주시,전세가율,전세가율,79.4639
2017-02-01,경기,남양주시,전세가율,전세가율,79.5327
2017-03-01,경기,남양주시,전세가율,전세가율,79.5873
2017-04-01,경기,남양주시,전세가율,전세가율,79.5767
2017-05-01,경기,남양주시,전세가율,전세가율,79.7141
2017-06-01,경기,남양주시,전세가율,전세가율,79.67
2017-07-01,경기,남양주시,전세가율,전세가율,79.6441
2017-08-01,경기,남양주시,전세가율,전세가율,79.4143
2017-09-01,경기,남양주시,전세가율,전세가율,79.278
2017-10-01,경기,남양주시,전세가율,전세가율,79.1789
2017-11-01,경기,남양주시,전세가율,전세가율,78.9982
2017-12-01,경기,남양주시,전세가율,전세가율,78.9605
2018-01-01,경기,남양주시,전세가율,전세가율,78.3329
2018-02-01,경기,남양주시,전세가율,전세가율,78.2921
2018-03-01,경기,남양주시,전세가율,전세가율,78.1143
2018-04-01,경기,남양주시,전세가율,전세가율,77.6349
2018-05-01,경기,남양주시,전세가율,전세가율,77.1626
2018-06-01,경기,남양주시,전세가율,전세가율,77.0604
2018-07-01,경기,남양주시,전세가율,전세가율,76.9428
2018-08-01,경기,남양주시,전세가율,전세가율,76.9312
2018-09-01,경기,남양주시,전세가율,전세가율,76.4994
2018-10-01,경기,남양주시,전세가율,전세가율,76.0929
2018-11-01,경기,남양주시,전세가율,전세가율,76.0566
2018-12-01,경기,남양주시,전세가율,전세가율,75.8574
2019-01-01,경기,남양주시,전세가율,전세가율,75.9824
2019-02-01,경기,남양주시,전세가율,전세가율,75.9824
2019-03-01,경기,남양주시,전세가율,전세가율,75.3041
2019-04-01,경기,남양주시,전세가율,전세가율,75.0629
2019-05-01,경기,남양주시,전세가율,전세가율,74.9872
2019-06-01,경기,남양주시,전세가율,전세가율,75.043
2019-07-01,경기,남양주시,전세가율,전세가율,75.0799
2019-08-01,경기,남양주시,전세가율,전세가율,75.0532
2019-09-01,경기,남양주시,전세가율,전세가율,75.1579
2019-10-01,경기,남양주시,전세가율,전세가율,75.0347
2019-11-01,경기,남양주시,전세가율,전세가율,75.1325
2019-12-01,경기,남양주시,전세가율,전세가율,75.012
2020-01-01,경기,남양주시,전세가율,전세가율,75.02
2020-02-01,경기,남양주시,전세가율,전세가율,74.7408
2020-03-01,경기,남양주시,전세가율,전세가율,74.7408
2020-04-01,경기,남양주시,전세가율,전세가율,73.5153
2020-05-01,경기,남양주시,전세가율,전세가율,72.9179
2020-06-01,경기,남양주시,전세가율,전세가율,71.4308
2020-07-01,경기,남양주시,전세가율,전세가율,69.4916
2020-08-01,경기,남양주시,전세가율,전세가율,71.3959
2020-09-01,경기,남양주시,전세가율,전세가율,71.3959
2020-10-01,경기,남양주시,전세가율,전세가율,74.0526
2020-11-01,경기,남양주시,전세가율,전세가율,74.5763
2020-12-01,경기,남양주시,전세가율,전세가율,75.9743
2021-01-01,경기,남양주시,전세가율,전세가율,74.4134
2021-02-01,경기,남양주시,전세가율,전세가율,73.7311
2021-03-01,경기,남양주시,전세가율,전세가율,72.5684
2021-04-01,경기,남양주시,전세가율,전세가율,72.1452
2021-05-01,경기,남양주시,전세가율,전세가율,71.9755
2021-06-01,경기,남양주시,전세가율,전세가율,71.8175
2021-07-01,경기,남양주시,전세가율,전세가율,71.0166
2021-08-01,경기,남양주시,전세가율,전세가율,69.7826
2021-09-01,경기,남양주시,전세가율,전세가율,68.9614
2021-10-01,경기,남양주시,전세가율,전세가율,68.36
2021-11-01,경기,남양주시,전세가율,전세가율,68.0548
2021-12-01,경기,남양주시,전세가율,전세가율,67.8009
2022-01-01,경기,남양주시,전세가율,전세가율,67.6616
2022-02-01,경기,남양주시,전세가율,전세가율,67.9724
2022-03-01,경기,남양주시,전세가율,전세가율,67.9808
2022-04-01,경기,남양주시,전세가율,전세가율,68.083
2022-05-01,경기,남양주시,전세가율,전세가율,68.2171
2022-06-01,경기,남양주시,전세가율,전세가율,68.4318
2022-07-01,경기,남양주시,전세가율,전세가율,68.4992
2022-08-01,경기,남양주시,전세가율,전세가율,68.3748
2022-09-01,경기,남양주시,전세가율,전세가율,68.401
2022-10-01,경기,남양주시,전세가율,전세가율,68.1354
2022-11-01,경기,남양주시,전세가율,전세가율,66.4055
2022-12-01,경기,남양주시,전세가율,전세가율,65.2645
2023-01-01,경기,남양주시,전세가율,전세가율,64.5396
2023-02-01,경기,남양주시,전세가율,전세가율,63.8869
2023-03-01,경기,남양주시,전세가율,전세가율,63.7368
2023-04-01,경기,남양주시,전세가율,전세가율,64.6135
2023-05-01,경기,남양주시,전세가율,전세가율,65.3501
2023-06-01,경기,남양주시,전세가율,전세가율,65.5144
2023-07-01,경기,남양주시,전세가율,전세가율,65.6096
2023-08-01,경기,남양주시,전세가율,전세가율,65.4712
2023-09-01,경기,남양주시,전세가율,전세가율,65.8114
2023-10-01,경기,남양주시,전세가율,전세가율,65.9451
2023-11-01,경기,남양주시,전세가율,전세가율,66.0934
2023-12-01,경기,남양주시,전세가율,전세가율,66.1826
2024-01-01,경기,남양주시,전세가율,전세가율,66.4002
2024-02-01,경기,남양주시,전세가율,전세가율,66.4416
2024-03-01,경기,남양주시,전세가율,전세가율,66.6698
2024-04-01,경기,남양주시,전세가율,전세가율,66.9729
2024-05-01,경기,남양주시,전세가율,전세가율,67.1726
2024-06-01,경기,남양주시,전세가율,전세가율,67.3928
2024-07-01,경기,남양주시,전세가율,전세가율,67.6555
2024-08-01,경기,남양주시,전세가율,전세가율,67.786
2024-09-01,경기,남양주시,전세가율,전세가율,68.1394
2024-10-01,경기,남양주시,전세가율,전세가율,68.4825
2024-11-01,경기,남양주시,전세가율,전세가율,69.166
2024-12-01,경기,남양주시,전세가율,전세가율,69.9847
2025-01-01,경기,남양주시,전세가율,전세가율,70.2182
2025-02-01,경기,남양주시,전세가율,전세가율,70.3057
2025-03-01,경기,남양주시,전세가율,전세가율,70.4765
2025-04-01,경기,남양주시,전세가율,전세가율,70.6719
2025-05-01,경기,남양주시,전세가율,전세가율,70.7666
2025-06-01,경기,남양주시,전세가율,전세가율,70.9541
2025-07-01,경기,남양주시,전세가율,전세가율,71.0916
2025-08-01,경기,남양주시,전세가율,전세가율,71.3176
2025-09-01,경기,남양주시,전세가율,전세가율,71.4882
2025-10-01,경기,남양주시,전세가율,전세가율,71.6879
2025-11-01,경기,남양주시,전세가율,전세가율,71.9724
2025-12-01,경기,남양주시,전세가율,전세가율,72.3376
2026-01-01,경기,남양주시,전세가율,전세가율,72.7805
2026-02-01,경기,남양주시,전세가율,전세가율,73.4802
2026-03-01,경기,남양주시,전세가율,전세가율,73.5972
2026-04-01,경기,남양주시,전세가율,전세가율,73.8596
2026-05-01,경기,남양주시,전세가율,전세가율,74.1066
2026-06-01,경기,남양주시,전세가율,전세가율,74.3162
2013-04-01,경기,동두천시,전세가율,전세가율,49.5823
2013-05-01,경기,동두천시,전세가율,전세가율,49.7625
2013-06-01,경기,동두천시,전세가율,전세가율,50.2485
2013-07-01,경기,동두천시,전세가율,전세가율,50.5215
2013-08-01,경기,동두천시,전세가율,전세가율,50.7979
2013-09-01,경기,동두천시,전세가율,전세가율,51.3632
2013-10-01,경기,동두천시,전세가율,전세가율,51.8731
2013-11-01,경기,동두천시,전세가율,전세가율,52.3109
2013-12-01,경기,동두천시,전세가율,전세가율,53.1116
2014-01-01,경기,동두천시,전세가율,전세가율,53.1184
2014-02-01,경기,동두천시,전세가율,전세가율,53.6103
2014-03-01,경기,동두천시,전세가율,전세가율,54.5924
2014-04-01,경기,동두천시,전세가율,전세가율,54.9982
2014-05-01,경기,동두천시,전세가율,전세가율,55.2685
2014-06-01,경기,동두천시,전세가율,전세가율,55.9176
2014-07-01,경기,동두천시,전세가율,전세가율,56.1264
2014-08-01,경기,동두천시,전세가율,전세가율,56.1835
2014-09-01,경기,동두천시,전세가율,전세가율,56.1739
2014-10-01,경기,동두천시,전세가율,전세가율,56.9918
2014-11-01,경기,동두천시,전세가율,전세가율,57.246
2014-12-01,경기,동두천시,전세가율,전세가율,58.5149
2015-01-01,경기,동두천시,전세가율,전세가율,58.6451
2015-02-01,경기,동두천시,전세가율,전세가율,58.6791
2015-03-01,경기,동두천시,전세가율,전세가율,58.8392
2015-04-01,경기,동두천시,전세가율,전세가율,59.2755
2015-05-01,경기,동두천시,전세가율,전세가율,59.943
2015-06-01,경기,동두천시,전세가율,전세가율,60.9159
2015-07-01,경기,동두천시,전세가율,전세가율,60.9792
2015-08-01,경기,동두천시,전세가율,전세가율,61.2799
2015-09-01,경기,동두천시,전세가율,전세가율,61.9296
2015-10-01,경기,동두천시,전세가율,전세가율,62.1958
2015-11-01,경기,동두천시,전세가율,전세가율,62.9184
2015-12-01,경기,동두천시,전세가율,전세가율,62.8591
2016-01-01,경기,동두천시,전세가율,전세가율,64.2512
2016-02-01,경기,동두천시,전세가율,전세가율,64.3954
2016-03-01,경기,동두천시,전세가율,전세가율,64.3954
2016-04-01,경기,동두천시,전세가율,전세가율,66.1666
2016-05-01,경기,동두천시,전세가율,전세가율,66.6033
2016-06-01,경기,동두천시,전세가율,전세가율,66.8321
2016-07-01,경기,동두천시,전세가율,전세가율,67.328
2016-08-01,경기,동두천시,전세가율,전세가율,68.6063
2016-09-01,경기,동두천시,전세가율,전세가율,69.0298
2016-10-01,경기,동두천시,전세가율,전세가율,69.4127
2016-11-01,경기,동두천시,전세가율,전세가율,70.7598
2016-12-01,경기,동두천시,전세가율,전세가율,71.1027
2017-01-01,경기,동두천시,전세가율,전세가율,71.7199
2017-02-01,경기,동두천시,전세가율,전세가율,71.8648
2017-03-01,경기,동두천시,전세가율,전세가율,71.9019
2017-04-01,경기,동두천시,전세가율,전세가율,71.9263
2017-05-01,경기,동두천시,전세가율,전세가율,72.485
2017-06-01,경기,동두천시,전세가율,전세가율,73.0706
2017-07-01,경기,동두천시,전세가율,전세가율,73.3493
2017-08-01,경기,동두천시,전세가율,전세가율,73.2968
2017-09-01,경기,동두천시,전세가율,전세가율,73.2968
2017-10-01,경기,동두천시,전세가율,전세가율,73.2396
2017-11-01,경기,동두천시,전세가율,전세가율,74.0522
2017-12-01,경기,동두천시,전세가율,전세가율,74.1362
2018-01-01,경기,동두천시,전세가율,전세가율,73.9807
2018-02-01,경기,동두천시,전세가율,전세가율,73.9766
2018-03-01,경기,동두천시,전세가율,전세가율,74.0245
2018-04-01,경기,동두천시,전세가율,전세가율,73.6232
2018-05-01,경기,동두천시,전세가율,전세가율,73.3787
2018-06-01,경기,동두천시,전세가율,전세가율,74.0146
2018-07-01,경기,동두천시,전세가율,전세가율,74.2863
2018-08-01,경기,동두천시,전세가율,전세가율,74.5722
2018-09-01,경기,동두천시,전세가율,전세가율,74.7324
2018-10-01,경기,동두천시,전세가율,전세가율,74.9621
2018-11-01,경기,동두천시,전세가율,전세가율,75.042
2018-12-01,경기,동두천시,전세가율,전세가율,75.0308
2019-01-01,경기,동두천시,전세가율,전세가율,75.0594
2019-02-01,경기,동두천시,전세가율,전세가율,75.0594
2019-03-01,경기,동두천시,전세가율,전세가율,76.0835
2019-04-01,경기,동두천시,전세가율,전세가율,76.2564
2019-05-01,경기,동두천시,전세가율,전세가율,76.3659
2019-06-01,경기,동두천시,전세가율,전세가율,76.2855
2019-07-01,경기,동두천시,전세가율,전세가율,76.5895
2019-08-01,경기,동두천시,전세가율,전세가율,76.6232
2019-09-01,경기,동두천시,전세가율,전세가율,76.6232
2019-10-01,경기,동두천시,전세가율,전세가율,76.7727
2019-11-01,경기,동두천시,전세가율,전세가율,77.1769
2019-12-01,경기,동두천시,전세가율,전세가율,77.303
2020-01-01,경기,동두천시,전세가율,전세가율,77.5241
2020-02-01,경기,동두천시,전세가율,전세가율,78.1053
2020-03-01,경기,동두천시,전세가율,전세가율,78.1053
2020-04-01,경기,동두천시,전세가율,전세가율,78.1908
2020-05-01,경기,동두천시,전세가율,전세가율,78.2471
2020-06-01,경기,동두천시,전세가율,전세가율,78.3478
2020-07-01,경기,동두천시,전세가율,전세가율,78.3239
2020-08-01,경기,동두천시,전세가율,전세가율,78.3239
2020-09-01,경기,동두천시,전세가율,전세가율,78.3239
2020-10-01,경기,동두천시,전세가율,전세가율,78.6838
2020-11-01,경기,동두천시,전세가율,전세가율,79.0306
2020-12-01,경기,동두천시,전세가율,전세가율,80.5333
2021-01-01,경기,동두천시,전세가율,전세가율,80.7954
2021-02-01,경기,동두천시,전세가율,전세가율,78.8666
2021-03-01,경기,동두천시,전세가율,전세가율,79.0194
2021-04-01,경기,동두천시,전세가율,전세가율,76.1234
2021-05-01,경기,동두천시,전세가율,전세가율,74.4629
2021-06-01,경기,동두천시,전세가율,전세가율,73.9796
2021-07-01,경기,동두천시,전세가율,전세가율,72.632
2021-08-01,경기,동두천시,전세가율,전세가율,70.4787
2021-09-01,경기,동두천시,전세가율,전세가율,67.322
2021-10-01,경기,동두천시,전세가율,전세가율,66.9193
2021-11-01,경기,동두천시,전세가율,전세가율,66.7275
2021-12-01,경기,동두천시,전세가율,전세가율,66.5074
2022-01-01,경기,동두천시,전세가율,전세가율,66.5448
2022-02-01,경기,동두천시,전세가율,전세가율,67.2312
2022-03-01,경기,동두천시,전세가율,전세가율,67.3366
2022-04-01,경기,동두천시,전세가율,전세가율,68.6068
2022-05-01,경기,동두천시,전세가율,전세가율,68.9142
2022-06-01,경기,동두천시,전세가율,전세가율,69.1415
2022-07-01,경기,동두천시,전세가율,전세가율,70.1091
2022-08-01,경기,동두천시,전세가율,전세가율,70.4992
2022-09-01,경기,동두천시,전세가율,전세가율,70.9723
2022-10-01,경기,동두천시,전세가율,전세가율,71.9732
2022-11-01,경기,동두천시,전세가율,전세가율,73.6685
2022-12-01,경기,동두천시,전세가율,전세가율,73.6751
2023-01-01,경기,동두천시,전세가율,전세가율,73.5318
2023-02-01,경기,동두천시,전세가율,전세가율,72.4975
2023-03-01,경기,동두천시,전세가율,전세가율,72.6736
2023-04-01,경기,동두천시,전세가율,전세가율,74.2755
2023-05-01,경기,동두천시,전세가율,전세가율,74.7724
2023-06-01,경기,동두천시,전세가율,전세가율,75.178
2023-07-01,경기,동두천시,전세가율,전세가율,74.7336
2023-08-01,경기,동두천시,전세가율,전세가율,74.4968
2023-09-01,경기,동두천시,전세가율,전세가율,74.6971
2023-10-01,경기,동두천시,전세가율,전세가율,74.4296
2023-11-01,경기,동두천시,전세가율,전세가율,74.5489
2023-12-01,경기,동두천시,전세가율,전세가율,74.5792
2024-01-01,경기,동두천시,전세가율,전세가율,74.2776
2024-02-01,경기,동두천시,전세가율,전세가율,73.7067
2024-03-01,경기,동두천시,전세가율,전세가율,73.4817
2024-04-01,경기,동두천시,전세가율,전세가율,73.7301
2024-05-01,경기,동두천시,전세가율,전세가율,74.0586
2024-06-01,경기,동두천시,전세가율,전세가율,74.4797
2024-07-01,경기,동두천시,전세가율,전세가율,74.1879
2024-08-01,경기,동두천시,전세가율,전세가율,74.4208
2024-09-01,경기,동두천시,전세가율,전세가율,74.6015
2024-10-01,경기,동두천시,전세가율,전세가율,74.6205
2024-11-01,경기,동두천시,전세가율,전세가율,74.7535
2024-12-01,경기,동두천시,전세가율,전세가율,74.946
2025-01-01,경기,동두천시,전세가율,전세가율,75.6289
2025-02-01,경기,동두천시,전세가율,전세가율,76.0193
2025-03-01,경기,동두천시,전세가율,전세가율,77.2325
2025-04-01,경기,동두천시,전세가율,전세가율,77.0966
2025-05-01,경기,동두천시,전세가율,전세가율,77.2557
2025-06-01,경기,동두천시,전세가율,전세가율,77.305
2025-07-01,경기,동두천시,전세가율,전세가율,77.402
2025-08-01,경기,동두천시,전세가율,전세가율,77.5627
2025-09-01,경기,동두천시,전세가율,전세가율,77.9621
2025-10-01,경기,동두천시,전세가율,전세가율,78.488
2025-11-01,경기,동두천시,전세가율,전세가율,78.7224
2025-12-01,경기,동두천시,전세가율,전세가율,78.9976
2026-01-01,경기,동두천시,전세가율,전세가율,79.2215
2026-02-01,경기,동두천시,전세가율,전세가율,79.4237
2026-03-01,경기,동두천시,전세가율,전세가율,79.4523
2026-04-01,경기,동두천시,전세가율,전세가율,79.5198
2026-05-01,경기,동두천시,전세가율,전세가율,79.6369
2026-06-01,경기,동두천시,전세가율,전세가율,80.2586
2013-04-01,경기,부천시,전세가율,전세가율,57.1799
2013-05-01,경기,부천시,전세가율,전세가율,57.571
2013-06-01,경기,부천시,전세가율,전세가율,58.0646
2013-07-01,경기,부천시,전세가율,전세가율,58.5857
2013-08-01,경기,부천시,전세가율,전세가율,59.5636
2013-09-01,경기,부천시,전세가율,전세가율,61.5335
2013-10-01,경기,부천시,전세가율,전세가율,63.028
2013-11-01,경기,부천시,전세가율,전세가율,63.6662
2013-12-01,경기,부천시,전세가율,전세가율,64.1499
2014-01-01,경기,부천시,전세가율,전세가율,64.8954
2014-02-01,경기,부천시,전세가율,전세가율,65.7702
2014-03-01,경기,부천시,전세가율,전세가율,66.5573
2014-04-01,경기,부천시,전세가율,전세가율,67.1155
2014-05-01,경기,부천시,전세가율,전세가율,67.2615
2014-06-01,경기,부천시,전세가율,전세가율,67.3514
2014-07-01,경기,부천시,전세가율,전세가율,67.4685
2014-08-01,경기,부천시,전세가율,전세가율,67.6113
2014-09-01,경기,부천시,전세가율,전세가율,67.811
2014-10-01,경기,부천시,전세가율,전세가율,67.9391
2014-11-01,경기,부천시,전세가율,전세가율,68.286
2014-12-01,경기,부천시,전세가율,전세가율,68.6792
2015-01-01,경기,부천시,전세가율,전세가율,68.9034
2015-02-01,경기,부천시,전세가율,전세가율,69.4253
2015-03-01,경기,부천시,전세가율,전세가율,69.9142
2015-04-01,경기,부천시,전세가율,전세가율,70.7017
2015-05-01,경기,부천시,전세가율,전세가율,71.2583
2015-06-01,경기,부천시,전세가율,전세가율,72.0726
2015-07-01,경기,부천시,전세가율,전세가율,72.6938
2015-08-01,경기,부천시,전세가율,전세가율,73.0168
2015-09-01,경기,부천시,전세가율,전세가율,74.1289
2015-10-01,경기,부천시,전세가율,전세가율,74.6627
2015-11-01,경기,부천시,전세가율,전세가율,75.2829
2015-12-01,경기,부천시,전세가율,전세가율,75.5448
2016-01-01,경기,부천시,전세가율,전세가율,75.5714
2016-02-01,경기,부천시,전세가율,전세가율,75.7139
2016-03-01,경기,부천시,전세가율,전세가율,75.8326
2016-04-01,경기,부천시,전세가율,전세가율,76.0122
2016-05-01,경기,부천시,전세가율,전세가율,76.6359
2016-06-01,경기,부천시,전세가율,전세가율,76.6748
2016-07-01,경기,부천시,전세가율,전세가율,76.8009
2016-08-01,경기,부천시,전세가율,전세가율,76.9236
2016-09-01,경기,부천시,전세가율,전세가율,76.7475
2016-10-01,경기,부천시,전세가율,전세가율,76.8034
2016-11-01,경기,부천시,전세가율,전세가율,76.7371
2016-12-01,경기,부천시,전세가율,전세가율,77.1269
2017-01-01,경기,부천시,전세가율,전세가율,77.9756
2017-02-01,경기,부천시,전세가율,전세가율,78.7156
2017-03-01,경기,부천시,전세가율,전세가율,78.8337
2017-04-01,경기,부천시,전세가율,전세가율,78.9593
2017-05-01,경기,부천시,전세가율,전세가율,79.1631
2017-06-01,경기,부천시,전세가율,전세가율,79.2028
2017-07-01,경기,부천시,전세가율,전세가율,79.4061
2017-08-01,경기,부천시,전세가율,전세가율,79.1817
2017-09-01,경기,부천시,전세가율,전세가율,79.1703
2017-10-01,경기,부천시,전세가율,전세가율,78.9564
2017-11-01,경기,부천시,전세가율,전세가율,78.7466
2017-12-01,경기,부천시,전세가율,전세가율,78.8414
2018-01-01,경기,부천시,전세가율,전세가율,78.7537
2018-02-01,경기,부천시,전세가율,전세가율,78.5536
2018-03-01,경기,부천시,전세가율,전세가율,78.5366
2018-04-01,경기,부천시,전세가율,전세가율,78.4192
2018-05-01,경기,부천시,전세가율,전세가율,78.2516
2018-06-01,경기,부천시,전세가율,전세가율,78.1576
2018-07-01,경기,부천시,전세가율,전세가율,77.8994
2018-08-01,경기,부천시,전세가율,전세가율,78.1213
2018-09-01,경기,부천시,전세가율,전세가율,77.8431
2018-10-01,경기,부천시,전세가율,전세가율,77.1191
2018-11-01,경기,부천시,전세가율,전세가율,76.5814
2018-12-01,경기,부천시,전세가율,전세가율,76.3729
2019-01-01,경기,부천시,전세가율,전세가율,74.7533
2019-02-01,경기,부천시,전세가율,전세가율,74.7533
2019-03-01,경기,부천시,전세가율,전세가율,74.1831
2019-04-01,경기,부천시,전세가율,전세가율,74.1204
2019-05-01,경기,부천시,전세가율,전세가율,74.1356
2019-06-01,경기,부천시,전세가율,전세가율,74.033
2019-07-01,경기,부천시,전세가율,전세가율,73.5808
2019-08-01,경기,부천시,전세가율,전세가율,73.3416
2019-09-01,경기,부천시,전세가율,전세가율,73.2081
2019-10-01,경기,부천시,전세가율,전세가율,72.923
2019-11-01,경기,부천시,전세가율,전세가율,72.5507
2019-12-01,경기,부천시,전세가율,전세가율,71.8794
2020-01-01,경기,부천시,전세가율,전세가율,71.4622
2020-02-01,경기,부천시,전세가율,전세가율,71.1566
2020-03-01,경기,부천시,전세가율,전세가율,71.1566
2020-04-01,경기,부천시,전세가율,전세가율,69.2543
2020-05-01,경기,부천시,전세가율,전세가율,68.8011
2020-06-01,경기,부천시,전세가율,전세가율,67.9346
2020-07-01,경기,부천시,전세가율,전세가율,67.1772
2020-08-01,경기,부천시,전세가율,전세가율,66.7078
2020-09-01,경기,부천시,전세가율,전세가율,66.7078
2020-10-01,경기,부천시,전세가율,전세가율,66.9764
2020-11-01,경기,부천시,전세가율,전세가율,68.7798
2020-12-01,경기,부천시,전세가율,전세가율,68.9642
2021-01-01,경기,부천시,전세가율,전세가율,69.6869
2021-02-01,경기,부천시,전세가율,전세가율,69.2981
2021-03-01,경기,부천시,전세가율,전세가율,68.3053
2021-04-01,경기,부천시,전세가율,전세가율,67.5216
2021-05-01,경기,부천시,전세가율,전세가율,67.2813
2021-06-01,경기,부천시,전세가율,전세가율,66.0948
2021-07-01,경기,부천시,전세가율,전세가율,65.9237
2021-08-01,경기,부천시,전세가율,전세가율,65.0957
2021-09-01,경기,부천시,전세가율,전세가율,64.3061
2021-10-01,경기,부천시,전세가율,전세가율,64.0633
2021-11-01,경기,부천시,전세가율,전세가율,63.6237
2021-12-01,경기,부천시,전세가율,전세가율,63.3945
2022-01-01,경기,부천시,전세가율,전세가율,63.5583
2022-02-01,경기,부천시,전세가율,전세가율,63.6675
2022-03-01,경기,부천시,전세가율,전세가율,63.6034
2022-04-01,경기,부천시,전세가율,전세가율,63.495
2022-05-01,경기,부천시,전세가율,전세가율,63.3845
2022-06-01,경기,부천시,전세가율,전세가율,63.3281
2022-07-01,경기,부천시,전세가율,전세가율,63.3741
2022-08-01,경기,부천시,전세가율,전세가율,63.3189
2022-09-01,경기,부천시,전세가율,전세가율,63.143
2022-10-01,경기,부천시,전세가율,전세가율,63.0851
2022-11-01,경기,부천시,전세가율,전세가율,65.0189
2022-12-01,경기,부천시,전세가율,전세가율,64.1009
2023-01-01,경기,부천시,전세가율,전세가율,62.7704
2023-02-01,경기,부천시,전세가율,전세가율,61.7709
2023-03-01,경기,부천시,전세가율,전세가율,61.1277
2023-04-01,경기,부천시,전세가율,전세가율,60.8898
2023-05-01,경기,부천시,전세가율,전세가율,61.3004
2023-06-01,경기,부천시,전세가율,전세가율,61.5099
2023-07-01,경기,부천시,전세가율,전세가율,61.4685
2023-08-01,경기,부천시,전세가율,전세가율,61.5928
2023-09-01,경기,부천시,전세가율,전세가율,61.9355
2023-10-01,경기,부천시,전세가율,전세가율,62.4964
2023-11-01,경기,부천시,전세가율,전세가율,63.1556
2023-12-01,경기,부천시,전세가율,전세가율,63.3532
2024-01-01,경기,부천시,전세가율,전세가율,63.6331
2024-02-01,경기,부천시,전세가율,전세가율,63.7583
2024-03-01,경기,부천시,전세가율,전세가율,64.0433
2024-04-01,경기,부천시,전세가율,전세가율,64.4293
2024-05-01,경기,부천시,전세가율,전세가율,64.7389
2024-06-01,경기,부천시,전세가율,전세가율,65.1131
2024-07-01,경기,부천시,전세가율,전세가율,65.61
2024-08-01,경기,부천시,전세가율,전세가율,65.9757
2024-09-01,경기,부천시,전세가율,전세가율,66.3864
2024-10-01,경기,부천시,전세가율,전세가율,66.5376
2024-11-01,경기,부천시,전세가율,전세가율,66.7716
2024-12-01,경기,부천시,전세가율,전세가율,66.8915
2025-01-01,경기,부천시,전세가율,전세가율,66.9457
2025-02-01,경기,부천시,전세가율,전세가율,67.0504
2025-03-01,경기,부천시,전세가율,전세가율,67.1605
2025-04-01,경기,부천시,전세가율,전세가율,67.2491
2025-05-01,경기,부천시,전세가율,전세가율,67.2447
2025-06-01,경기,부천시,전세가율,전세가율,67.2687
2025-07-01,경기,부천시,전세가율,전세가율,67.2223
2025-08-01,경기,부천시,전세가율,전세가율,67.2187
2025-09-01,경기,부천시,전세가율,전세가율,67.2459
2025-10-01,경기,부천시,전세가율,전세가율,67.2813
2025-11-01,경기,부천시,전세가율,전세가율,67.2297
2025-12-01,경기,부천시,전세가율,전세가율,67.1032
2026-01-01,경기,부천시,전세가율,전세가율,67.0775
2026-02-01,경기,부천시,전세가율,전세가율,67.0364
2026-03-01,경기,부천시,전세가율,전세가율,67.0287
2026-04-01,경기,부천시,전세가율,전세가율,67.0603
2026-05-01,경기,부천시,전세가율,전세가율,67.1784
2026-06-01,경기,부천시,전세가율,전세가율,67.3432
2024-01-01,경기,부천시 소사구,전세가율,전세가율,64.1252
2024-02-01,경기,부천시 소사구,전세가율,전세가율,64.3071
2024-03-01,경기,부천시 소사구,전세가율,전세가율,64.5571
2024-04-01,경기,부천시 소사구,전세가율,전세가율,65.2217
2024-05-01,경기,부천시 소사구,전세가율,전세가율,65.6384
2024-06-01,경기,부천시 소사구,전세가율,전세가율,66.0199
2024-07-01,경기,부천시 소사구,전세가율,전세가율,66.4502
2024-08-01,경기,부천시 소사구,전세가율,전세가율,66.83
2024-09-01,경기,부천시 소사구,전세가율,전세가율,67.2513
2024-10-01,경기,부천시 소사구,전세가율,전세가율,67.3596
2024-11-01,경기,부천시 소사구,전세가율,전세가율,67.5388
2024-12-01,경기,부천시 소사구,전세가율,전세가율,67.592
2025-01-01,경기,부천시 소사구,전세가율,전세가율,67.732
2025-02-01,경기,부천시 소사구,전세가율,전세가율,67.7823
2025-03-01,경기,부천시 소사구,전세가율,전세가율,67.8604
2025-04-01,경기,부천시 소사구,전세가율,전세가율,68.0042
2025-05-01,경기,부천시 소사구,전세가율,전세가율,67.9023
2025-06-01,경기,부천시 소사구,전세가율,전세가율,67.8355
2025-07-01,경기,부천시 소사구,전세가율,전세가율,67.661
2025-08-01,경기,부천시 소사구,전세가율,전세가율,67.6373
2025-09-01,경기,부천시 소사구,전세가율,전세가율,67.6373
2025-10-01,경기,부천시 소사구,전세가율,전세가율,67.6622
2025-11-01,경기,부천시 소사구,전세가율,전세가율,67.6383
2025-12-01,경기,부천시 소사구,전세가율,전세가율,67.53
2026-01-01,경기,부천시 소사구,전세가율,전세가율,67.5481
2026-02-01,경기,부천시 소사구,전세가율,전세가율,67.5628
2026-03-01,경기,부천시 소사구,전세가율,전세가율,67.8522
2026-04-01,경기,부천시 소사구,전세가율,전세가율,68.0597
2026-05-01,경기,부천시 소사구,전세가율,전세가율,68.3355
2026-06-01,경기,부천시 소사구,전세가율,전세가율,68.8506
2024-01-01,경기,부천시 오정구,전세가율,전세가율,57.2525
2024-02-01,경기,부천시 오정구,전세가율,전세가율,57.3241
2024-03-01,경기,부천시 오정구,전세가율,전세가율,57.5567
2024-04-01,경기,부천시 오정구,전세가율,전세가율,57.7502
2024-05-01,경기,부천시 오정구,전세가율,전세가율,58.0693
2024-06-01,경기,부천시 오정구,전세가율,전세가율,58.4894
2024-07-01,경기,부천시 오정구,전세가율,전세가율,58.8289
2024-08-01,경기,부천시 오정구,전세가율,전세가율,58.9312
2024-09-01,경기,부천시 오정구,전세가율,전세가율,59.2446
2024-10-01,경기,부천시 오정구,전세가율,전세가율,59.2282
2024-11-01,경기,부천시 오정구,전세가율,전세가율,59.6976
2024-12-01,경기,부천시 오정구,전세가율,전세가율,60.0136
2025-01-01,경기,부천시 오정구,전세가율,전세가율,60.1502
2025-02-01,경기,부천시 오정구,전세가율,전세가율,60.299
2025-03-01,경기,부천시 오정구,전세가율,전세가율,60.5163
2025-04-01,경기,부천시 오정구,전세가율,전세가율,60.898
2025-05-01,경기,부천시 오정구,전세가율,전세가율,61.1433
2025-06-01,경기,부천시 오정구,전세가율,전세가율,61.3994
2025-07-01,경기,부천시 오정구,전세가율,전세가율,61.4713
2025-08-01,경기,부천시 오정구,전세가율,전세가율,61.5258
2025-09-01,경기,부천시 오정구,전세가율,전세가율,61.7664
2025-10-01,경기,부천시 오정구,전세가율,전세가율,62.0144
2025-11-01,경기,부천시 오정구,전세가율,전세가율,61.9278
2025-12-01,경기,부천시 오정구,전세가율,전세가율,61.8848
2026-01-01,경기,부천시 오정구,전세가율,전세가율,62.0377
2026-02-01,경기,부천시 오정구,전세가율,전세가율,62.0466
2026-03-01,경기,부천시 오정구,전세가율,전세가율,62.0582
2026-04-01,경기,부천시 오정구,전세가율,전세가율,62.3009
2026-05-01,경기,부천시 오정구,전세가율,전세가율,62.3811
2026-06-01,경기,부천시 오정구,전세가율,전세가율,62.8068
2024-01-01,경기,부천시 원미구,전세가율,전세가율,64.6806
2024-02-01,경기,부천시 원미구,전세가율,전세가율,64.7873
2024-03-01,경기,부천시 원미구,전세가율,전세가율,65.1011
2024-04-01,경기,부천시 원미구,전세가율,전세가율,65.3743
2024-05-01,경기,부천시 원미구,전세가율,전세가율,65.6198
2024-06-01,경기,부천시 원미구,전세가율,전세가율,65.9808
2024-07-01,경기,부천시 원미구,전세가율,전세가율,66.5401
2024-08-01,경기,부천시 원미구,전세가율,전세가율,66.951
2024-09-01,경기,부천시 원미구,전세가율,전세가율,67.3673
2024-10-01,경기,부천시 원미구,전세가율,전세가율,67.5611
2024-11-01,경기,부천시 원미구,전세가율,전세가율,67.777
2024-12-01,경기,부천시 원미구,전세가율,전세가율,67.8608
2025-01-01,경기,부천시 원미구,전세가율,전세가율,67.8492
2025-02-01,경기,부천시 원미구,전세가율,전세가율,67.9763
2025-03-01,경기,부천시 원미구,전세가율,전세가율,68.0836
2025-04-01,경기,부천시 원미구,전세가율,전세가율,68.0605
2025-05-01,경기,부천시 원미구,전세가율,전세가율,68.0799
2025-06-01,경기,부천시 원미구,전세가율,전세가율,68.1101
2025-07-01,경기,부천시 원미구,전세가율,전세가율,68.1143
2025-08-01,경기,부천시 원미구,전세가율,전세가율,68.1101
2025-09-01,경기,부천시 원미구,전세가율,전세가율,68.1031
2025-10-01,경기,부천시 원미구,전세가율,전세가율,68.0934
2025-11-01,경기,부천시 원미구,전세가율,전세가율,68.0327
2025-12-01,경기,부천시 원미구,전세가율,전세가율,67.8791
2026-01-01,경기,부천시 원미구,전세가율,전세가율,67.7932
2026-02-01,경기,부천시 원미구,전세가율,전세가율,67.706
2026-03-01,경기,부천시 원미구,전세가율,전세가율,67.5209
2026-04-01,경기,부천시 원미구,전세가율,전세가율,67.414
2026-05-01,경기,부천시 원미구,전세가율,전세가율,67.4357
2026-06-01,경기,부천시 원미구,전세가율,전세가율,67.3492
2013-04-01,경기,성남시,전세가율,전세가율,56.8536
2013-05-01,경기,성남시,전세가율,전세가율,57.0882
2013-06-01,경기,성남시,전세가율,전세가율,57.1643
2013-07-01,경기,성남시,전세가율,전세가율,57.3538
2013-08-01,경기,성남시,전세가율,전세가율,58.536
2013-09-01,경기,성남시,전세가율,전세가율,60.3595
2013-10-01,경기,성남시,전세가율,전세가율,61.7291
2013-11-01,경기,성남시,전세가율,전세가율,62.6991
2013-12-01,경기,성남시,전세가율,전세가율,63.9043
2014-01-01,경기,성남시,전세가율,전세가율,64.8331
2014-02-01,경기,성남시,전세가율,전세가율,65.4587
2014-03-01,경기,성남시,전세가율,전세가율,66.0272
2014-04-01,경기,성남시,전세가율,전세가율,66.1753
2014-05-01,경기,성남시,전세가율,전세가율,66.2213
2014-06-01,경기,성남시,전세가율,전세가율,66.398
2014-07-01,경기,성남시,전세가율,전세가율,66.5973
2014-08-01,경기,성남시,전세가율,전세가율,66.6073
2014-09-01,경기,성남시,전세가율,전세가율,66.829
2014-10-01,경기,성남시,전세가율,전세가율,67.1017
2014-11-01,경기,성남시,전세가율,전세가율,67.3611
2014-12-01,경기,성남시,전세가율,전세가율,68.1268
2015-01-01,경기,성남시,전세가율,전세가율,68.8576
2015-02-01,경기,성남시,전세가율,전세가율,69.5486
2015-03-01,경기,성남시,전세가율,전세가율,70.2816
2015-04-01,경기,성남시,전세가율,전세가율,70.8901
2015-05-01,경기,성남시,전세가율,전세가율,70.9416
2015-06-01,경기,성남시,전세가율,전세가율,71.8541
2015-07-01,경기,성남시,전세가율,전세가율,72.112
2015-08-01,경기,성남시,전세가율,전세가율,72.6067
2015-09-01,경기,성남시,전세가율,전세가율,73.7572
2015-10-01,경기,성남시,전세가율,전세가율,74.667
2015-11-01,경기,성남시,전세가율,전세가율,75.2437
2015-12-01,경기,성남시,전세가율,전세가율,75.7694
2016-01-01,경기,성남시,전세가율,전세가율,76.1055
2016-02-01,경기,성남시,전세가율,전세가율,76.1925
2016-03-01,경기,성남시,전세가율,전세가율,76.2106
2016-04-01,경기,성남시,전세가율,전세가율,76.3286
2016-05-01,경기,성남시,전세가율,전세가율,76.2299
2016-06-01,경기,성남시,전세가율,전세가율,76.4919
2016-07-01,경기,성남시,전세가율,전세가율,76.875
2016-08-01,경기,성남시,전세가율,전세가율,77.0238
2016-09-01,경기,성남시,전세가율,전세가율,77.4041
2016-10-01,경기,성남시,전세가율,전세가율,77.899
2016-11-01,경기,성남시,전세가율,전세가율,77.827
2016-12-01,경기,성남시,전세가율,전세가율,77.7887
2017-01-01,경기,성남시,전세가율,전세가율,77.9231
2017-02-01,경기,성남시,전세가율,전세가율,77.9354
2017-03-01,경기,성남시,전세가율,전세가율,78.112
2017-04-01,경기,성남시,전세가율,전세가율,78.299
2017-05-01,경기,성남시,전세가율,전세가율,78.2974
2017-06-01,경기,성남시,전세가율,전세가율,77.7708
2017-07-01,경기,성남시,전세가율,전세가율,77.2434
2017-08-01,경기,성남시,전세가율,전세가율,76.2192
2017-09-01,경기,성남시,전세가율,전세가율,75.6904
2017-10-01,경기,성남시,전세가율,전세가율,75.2067
2017-11-01,경기,성남시,전세가율,전세가율,74.4775
2017-12-01,경기,성남시,전세가율,전세가율,73.7487
2018-01-01,경기,성남시,전세가율,전세가율,72.1876
2018-02-01,경기,성남시,전세가율,전세가율,70.8595
2018-03-01,경기,성남시,전세가율,전세가율,69.4324
2018-04-01,경기,성남시,전세가율,전세가율,68.334
2018-05-01,경기,성남시,전세가율,전세가율,67.6571
2018-06-01,경기,성남시,전세가율,전세가율,67.3335
2018-07-01,경기,성남시,전세가율,전세가율,67.0579
2018-08-01,경기,성남시,전세가율,전세가율,66.4714
2018-09-01,경기,성남시,전세가율,전세가율,63.3793
2018-10-01,경기,성남시,전세가율,전세가율,62.1834
2018-11-01,경기,성남시,전세가율,전세가율,61.8528
2018-12-01,경기,성남시,전세가율,전세가율,61.9365
2019-01-01,경기,성남시,전세가율,전세가율,63.1288
2019-02-01,경기,성남시,전세가율,전세가율,62.9981
2019-03-01,경기,성남시,전세가율,전세가율,63.0031
2019-04-01,경기,성남시,전세가율,전세가율,63.0402
2019-05-01,경기,성남시,전세가율,전세가율,63.112
2019-06-01,경기,성남시,전세가율,전세가율,63.0174
2019-07-01,경기,성남시,전세가율,전세가율,62.8535
2019-08-01,경기,성남시,전세가율,전세가율,62.5193
2019-09-01,경기,성남시,전세가율,전세가율,62.2298
2019-10-01,경기,성남시,전세가율,전세가율,61.8883
2019-11-01,경기,성남시,전세가율,전세가율,61.4893
2019-12-01,경기,성남시,전세가율,전세가율,60.7821
2020-01-01,경기,성남시,전세가율,전세가율,60.4726
2020-02-01,경기,성남시,전세가율,전세가율,60.108
2020-03-01,경기,성남시,전세가율,전세가율,59.0635
2020-04-01,경기,성남시,전세가율,전세가율,58.787
2020-05-01,경기,성남시,전세가율,전세가율,58.7965
2020-06-01,경기,성남시,전세가율,전세가율,58.5731
2020-07-01,경기,성남시,전세가율,전세가율,57.8761
2020-08-01,경기,성남시,전세가율,전세가율,57.7722
2020-09-01,경기,성남시,전세가율,전세가율,58.388
2020-10-01,경기,성남시,전세가율,전세가율,59.6641
2020-11-01,경기,성남시,전세가율,전세가율,62.8245
2020-12-01,경기,성남시,전세가율,전세가율,63.9336
2021-01-01,경기,성남시,전세가율,전세가율,64.1064
2021-02-01,경기,성남시,전세가율,전세가율,62.3775
2021-03-01,경기,성남시,전세가율,전세가율,61.4723
2021-04-01,경기,성남시,전세가율,전세가율,61.0077
2021-05-01,경기,성남시,전세가율,전세가율,60.3847
2021-06-01,경기,성남시,전세가율,전세가율,59.3148
2021-07-01,경기,성남시,전세가율,전세가율,58.543
2021-08-01,경기,성남시,전세가율,전세가율,57.8891
2021-09-01,경기,성남시,전세가율,전세가율,57.3615
2021-10-01,경기,성남시,전세가율,전세가율,57.1619
2021-11-01,경기,성남시,전세가율,전세가율,56.9666
2021-12-01,경기,성남시,전세가율,전세가율,56.6615
2022-01-01,경기,성남시,전세가율,전세가율,56.5944
2022-02-01,경기,성남시,전세가율,전세가율,56.6527
2022-03-01,경기,성남시,전세가율,전세가율,56.7253
2022-04-01,경기,성남시,전세가율,전세가율,56.7082
2022-05-01,경기,성남시,전세가율,전세가율,56.5339
2022-06-01,경기,성남시,전세가율,전세가율,56.5381
2022-07-01,경기,성남시,전세가율,전세가율,56.6924
2022-08-01,경기,성남시,전세가율,전세가율,56.6963
2022-09-01,경기,성남시,전세가율,전세가율,56.7388
2022-10-01,경기,성남시,전세가율,전세가율,56.6216
2022-11-01,경기,성남시,전세가율,전세가율,52.7727
2022-12-01,경기,성남시,전세가율,전세가율,52.0322
2023-01-01,경기,성남시,전세가율,전세가율,51.2542
2023-02-01,경기,성남시,전세가율,전세가율,50.8476
2023-03-01,경기,성남시,전세가율,전세가율,50.803
2023-04-01,경기,성남시,전세가율,전세가율,51.1776
2023-05-01,경기,성남시,전세가율,전세가율,51.4985
2023-06-01,경기,성남시,전세가율,전세가율,51.6568
2023-07-01,경기,성남시,전세가율,전세가율,52.0963
2023-08-01,경기,성남시,전세가율,전세가율,52.2243
2023-09-01,경기,성남시,전세가율,전세가율,52.1733
2023-10-01,경기,성남시,전세가율,전세가율,52.2145
2023-11-01,경기,성남시,전세가율,전세가율,52.3559
2023-12-01,경기,성남시,전세가율,전세가율,52.4214
2024-01-01,경기,성남시,전세가율,전세가율,52.651
2024-02-01,경기,성남시,전세가율,전세가율,52.7676
2024-03-01,경기,성남시,전세가율,전세가율,52.9482
2024-04-01,경기,성남시,전세가율,전세가율,53.2587
2024-05-01,경기,성남시,전세가율,전세가율,53.5026
2024-06-01,경기,성남시,전세가율,전세가율,53.771
2024-07-01,경기,성남시,전세가율,전세가율,53.841
2024-08-01,경기,성남시,전세가율,전세가율,53.7065
2024-09-01,경기,성남시,전세가율,전세가율,53.4394
2024-10-01,경기,성남시,전세가율,전세가율,53.2614
2024-11-01,경기,성남시,전세가율,전세가율,53.2337
2024-12-01,경기,성남시,전세가율,전세가율,53.1625
2025-01-01,경기,성남시,전세가율,전세가율,53.1639
2025-02-01,경기,성남시,전세가율,전세가율,53.129
2025-03-01,경기,성남시,전세가율,전세가율,53.0688
2025-04-01,경기,성남시,전세가율,전세가율,52.9209
2025-05-01,경기,성남시,전세가율,전세가율,52.8588
2025-06-01,경기,성남시,전세가율,전세가율,52.4039
2025-07-01,경기,성남시,전세가율,전세가율,51.8938
2025-08-01,경기,성남시,전세가율,전세가율,51.738
2025-09-01,경기,성남시,전세가율,전세가율,51.2894
2025-10-01,경기,성남시,전세가율,전세가율,50.0322
2025-11-01,경기,성남시,전세가율,전세가율,49.0752
2025-12-01,경기,성남시,전세가율,전세가율,48.7141
2026-01-01,경기,성남시,전세가율,전세가율,48.4208
2026-02-01,경기,성남시,전세가율,전세가율,48.0931
2026-03-01,경기,성남시,전세가율,전세가율,47.6911
2026-04-01,경기,성남시,전세가율,전세가율,47.4558
2026-05-01,경기,성남시,전세가율,전세가율,47.3471
2026-06-01,경기,성남시,전세가율,전세가율,47.3982
2013-04-01,경기,성남시 분당구,전세가율,전세가율,56.6567
2013-05-01,경기,성남시 분당구,전세가율,전세가율,56.9638
2013-06-01,경기,성남시 분당구,전세가율,전세가율,57.0426
2013-07-01,경기,성남시 분당구,전세가율,전세가율,57.2688
2013-08-01,경기,성남시 분당구,전세가율,전세가율,58.6381
2013-09-01,경기,성남시 분당구,전세가율,전세가율,60.7003
2013-10-01,경기,성남시 분당구,전세가율,전세가율,62.3398
2013-11-01,경기,성남시 분당구,전세가율,전세가율,63.539
2013-12-01,경기,성남시 분당구,전세가율,전세가율,64.9619
2014-01-01,경기,성남시 분당구,전세가율,전세가율,66.0592
2014-02-01,경기,성남시 분당구,전세가율,전세가율,66.675
2014-03-01,경기,성남시 분당구,전세가율,전세가율,67.0866
2014-04-01,경기,성남시 분당구,전세가율,전세가율,67.1358
2014-05-01,경기,성남시 분당구,전세가율,전세가율,67.0642
2014-06-01,경기,성남시 분당구,전세가율,전세가율,67.04
2014-07-01,경기,성남시 분당구,전세가율,전세가율,67.1516
2014-08-01,경기,성남시 분당구,전세가율,전세가율,67.1103
2014-09-01,경기,성남시 분당구,전세가율,전세가율,67.265
2014-10-01,경기,성남시 분당구,전세가율,전세가율,67.538
2014-11-01,경기,성남시 분당구,전세가율,전세가율,67.827
2014-12-01,경기,성남시 분당구,전세가율,전세가율,68.5885
2015-01-01,경기,성남시 분당구,전세가율,전세가율,69.3247
2015-02-01,경기,성남시 분당구,전세가율,전세가율,69.9592
2015-03-01,경기,성남시 분당구,전세가율,전세가율,70.7917
2015-04-01,경기,성남시 분당구,전세가율,전세가율,71.3033
2015-05-01,경기,성남시 분당구,전세가율,전세가율,71.3129
2015-06-01,경기,성남시 분당구,전세가율,전세가율,72.2742
2015-07-01,경기,성남시 분당구,전세가율,전세가율,72.5394
2015-08-01,경기,성남시 분당구,전세가율,전세가율,73.0918
2015-09-01,경기,성남시 분당구,전세가율,전세가율,74.5213
2015-10-01,경기,성남시 분당구,전세가율,전세가율,75.4518
2015-11-01,경기,성남시 분당구,전세가율,전세가율,75.9699
2015-12-01,경기,성남시 분당구,전세가율,전세가율,76.567
2016-01-01,경기,성남시 분당구,전세가율,전세가율,76.6586
2016-02-01,경기,성남시 분당구,전세가율,전세가율,76.7708
2016-03-01,경기,성남시 분당구,전세가율,전세가율,76.7708
2016-04-01,경기,성남시 분당구,전세가율,전세가율,76.8097
2016-05-01,경기,성남시 분당구,전세가율,전세가율,76.668
2016-06-01,경기,성남시 분당구,전세가율,전세가율,76.801
2016-07-01,경기,성남시 분당구,전세가율,전세가율,76.9318
2016-08-01,경기,성남시 분당구,전세가율,전세가율,76.8267
2016-09-01,경기,성남시 분당구,전세가율,전세가율,77.3254
2016-10-01,경기,성남시 분당구,전세가율,전세가율,77.2291
2016-11-01,경기,성남시 분당구,전세가율,전세가율,77.0874
2016-12-01,경기,성남시 분당구,전세가율,전세가율,77.1404
2017-01-01,경기,성남시 분당구,전세가율,전세가율,77.3181
2017-02-01,경기,성남시 분당구,전세가율,전세가율,77.3689
2017-03-01,경기,성남시 분당구,전세가율,전세가율,77.6174
2017-04-01,경기,성남시 분당구,전세가율,전세가율,77.8908
2017-05-01,경기,성남시 분당구,전세가율,전세가율,77.8939
2017-06-01,경기,성남시 분당구,전세가율,전세가율,77.2474
2017-07-01,경기,성남시 분당구,전세가율,전세가율,76.6551
2017-08-01,경기,성남시 분당구,전세가율,전세가율,75.3413
2017-09-01,경기,성남시 분당구,전세가율,전세가율,74.7221
2017-10-01,경기,성남시 분당구,전세가율,전세가율,74.136
2017-11-01,경기,성남시 분당구,전세가율,전세가율,73.2578
2017-12-01,경기,성남시 분당구,전세가율,전세가율,72.3505
2018-01-01,경기,성남시 분당구,전세가율,전세가율,70.3919
2018-02-01,경기,성남시 분당구,전세가율,전세가율,68.7239
2018-03-01,경기,성남시 분당구,전세가율,전세가율,66.9527
2018-04-01,경기,성남시 분당구,전세가율,전세가율,65.7224
2018-05-01,경기,성남시 분당구,전세가율,전세가율,64.9093
2018-06-01,경기,성남시 분당구,전세가율,전세가율,64.5591
2018-07-01,경기,성남시 분당구,전세가율,전세가율,64.2317
2018-08-01,경기,성남시 분당구,전세가율,전세가율,63.6376
2018-09-01,경기,성남시 분당구,전세가율,전세가율,59.9455
2018-10-01,경기,성남시 분당구,전세가율,전세가율,58.6051
2018-11-01,경기,성남시 분당구,전세가율,전세가율,58.2375
2018-12-01,경기,성남시 분당구,전세가율,전세가율,58.407
2019-01-01,경기,성남시 분당구,전세가율,전세가율,59.1811
2019-02-01,경기,성남시 분당구,전세가율,전세가율,59.1811
2019-03-01,경기,성남시 분당구,전세가율,전세가율,59.152
2019-04-01,경기,성남시 분당구,전세가율,전세가율,59.2004
2019-05-01,경기,성남시 분당구,전세가율,전세가율,59.3124
2019-06-01,경기,성남시 분당구,전세가율,전세가율,59.3118
2019-07-01,경기,성남시 분당구,전세가율,전세가율,59.2922
2019-08-01,경기,성남시 분당구,전세가율,전세가율,59.0783
2019-09-01,경기,성남시 분당구,전세가율,전세가율,58.8821
2019-10-01,경기,성남시 분당구,전세가율,전세가율,58.6931
2019-11-01,경기,성남시 분당구,전세가율,전세가율,58.4245
2019-12-01,경기,성남시 분당구,전세가율,전세가율,57.8999
2020-01-01,경기,성남시 분당구,전세가율,전세가율,57.8338
2020-02-01,경기,성남시 분당구,전세가율,전세가율,57.5831
2020-03-01,경기,성남시 분당구,전세가율,전세가율,57.5831
2020-04-01,경기,성남시 분당구,전세가율,전세가율,57.2939
2020-05-01,경기,성남시 분당구,전세가율,전세가율,57.3591
2020-06-01,경기,성남시 분당구,전세가율,전세가율,57.1705
2020-07-01,경기,성남시 분당구,전세가율,전세가율,56.6323
2020-08-01,경기,성남시 분당구,전세가율,전세가율,56.6477
2020-09-01,경기,성남시 분당구,전세가율,전세가율,56.6477
2020-10-01,경기,성남시 분당구,전세가율,전세가율,59.0574
2020-11-01,경기,성남시 분당구,전세가율,전세가율,62.8734
2020-12-01,경기,성남시 분당구,전세가율,전세가율,63.9984
2021-01-01,경기,성남시 분당구,전세가율,전세가율,63.9844
2021-02-01,경기,성남시 분당구,전세가율,전세가율,61.7633
2021-03-01,경기,성남시 분당구,전세가율,전세가율,60.9075
2021-04-01,경기,성남시 분당구,전세가율,전세가율,60.3419
2021-05-01,경기,성남시 분당구,전세가율,전세가율,59.8397
2021-06-01,경기,성남시 분당구,전세가율,전세가율,58.7441
2021-07-01,경기,성남시 분당구,전세가율,전세가율,57.8995
2021-08-01,경기,성남시 분당구,전세가율,전세가율,57.1568
2021-09-01,경기,성남시 분당구,전세가율,전세가율,56.5759
2021-10-01,경기,성남시 분당구,전세가율,전세가율,56.4084
2021-11-01,경기,성남시 분당구,전세가율,전세가율,56.2767
2021-12-01,경기,성남시 분당구,전세가율,전세가율,55.8977
2022-01-01,경기,성남시 분당구,전세가율,전세가율,55.7924
2022-02-01,경기,성남시 분당구,전세가율,전세가율,55.8723
2022-03-01,경기,성남시 분당구,전세가율,전세가율,55.9727
2022-04-01,경기,성남시 분당구,전세가율,전세가율,55.9331
2022-05-01,경기,성남시 분당구,전세가율,전세가율,55.7205
2022-06-01,경기,성남시 분당구,전세가율,전세가율,55.6629
2022-07-01,경기,성남시 분당구,전세가율,전세가율,55.84
2022-08-01,경기,성남시 분당구,전세가율,전세가율,55.8087
2022-09-01,경기,성남시 분당구,전세가율,전세가율,55.8086
2022-10-01,경기,성남시 분당구,전세가율,전세가율,55.7233
2022-11-01,경기,성남시 분당구,전세가율,전세가율,52.6569
2022-12-01,경기,성남시 분당구,전세가율,전세가율,51.8705
2023-01-01,경기,성남시 분당구,전세가율,전세가율,50.9283
2023-02-01,경기,성남시 분당구,전세가율,전세가율,50.2387
2023-03-01,경기,성남시 분당구,전세가율,전세가율,50.0385
2023-04-01,경기,성남시 분당구,전세가율,전세가율,50.3285
2023-05-01,경기,성남시 분당구,전세가율,전세가율,50.7033
2023-06-01,경기,성남시 분당구,전세가율,전세가율,50.8478
2023-07-01,경기,성남시 분당구,전세가율,전세가율,51.3944
2023-08-01,경기,성남시 분당구,전세가율,전세가율,51.4967
2023-09-01,경기,성남시 분당구,전세가율,전세가율,51.3981
2023-10-01,경기,성남시 분당구,전세가율,전세가율,51.3727
2023-11-01,경기,성남시 분당구,전세가율,전세가율,51.439
2023-12-01,경기,성남시 분당구,전세가율,전세가율,51.5013
2024-01-01,경기,성남시 분당구,전세가율,전세가율,51.6749
2024-02-01,경기,성남시 분당구,전세가율,전세가율,51.8115
2024-03-01,경기,성남시 분당구,전세가율,전세가율,51.9708
2024-04-01,경기,성남시 분당구,전세가율,전세가율,52.1301
2024-05-01,경기,성남시 분당구,전세가율,전세가율,52.303
2024-06-01,경기,성남시 분당구,전세가율,전세가율,52.4921
2024-07-01,경기,성남시 분당구,전세가율,전세가율,52.2115
2024-08-01,경기,성남시 분당구,전세가율,전세가율,52.0621
2024-09-01,경기,성남시 분당구,전세가율,전세가율,51.7381
2024-10-01,경기,성남시 분당구,전세가율,전세가율,51.5333
2024-11-01,경기,성남시 분당구,전세가율,전세가율,51.4939
2024-12-01,경기,성남시 분당구,전세가율,전세가율,51.3405
2025-01-01,경기,성남시 분당구,전세가율,전세가율,51.3586
2025-02-01,경기,성남시 분당구,전세가율,전세가율,51.3719
2025-03-01,경기,성남시 분당구,전세가율,전세가율,51.3679
2025-04-01,경기,성남시 분당구,전세가율,전세가율,51.1363
2025-05-01,경기,성남시 분당구,전세가율,전세가율,50.9311
2025-06-01,경기,성남시 분당구,전세가율,전세가율,50.0494
2025-07-01,경기,성남시 분당구,전세가율,전세가율,49.3962
2025-08-01,경기,성남시 분당구,전세가율,전세가율,49.1907
2025-09-01,경기,성남시 분당구,전세가율,전세가율,48.5013
2025-10-01,경기,성남시 분당구,전세가율,전세가율,46.7937
2025-11-01,경기,성남시 분당구,전세가율,전세가율,45.5601
2025-12-01,경기,성남시 분당구,전세가율,전세가율,44.8733
2026-01-01,경기,성남시 분당구,전세가율,전세가율,44.3708
2026-02-01,경기,성남시 분당구,전세가율,전세가율,43.9394
2026-03-01,경기,성남시 분당구,전세가율,전세가율,43.5408
2026-04-01,경기,성남시 분당구,전세가율,전세가율,43.304
2026-05-01,경기,성남시 분당구,전세가율,전세가율,43.2231
2026-06-01,경기,성남시 분당구,전세가율,전세가율,43.2904
2013-04-01,경기,성남시 수정구,전세가율,전세가율,55.5593
2013-05-01,경기,성남시 수정구,전세가율,전세가율,55.5623
2013-06-01,경기,성남시 수정구,전세가율,전세가율,55.6761
2013-07-01,경기,성남시 수정구,전세가율,전세가율,55.8213
2013-08-01,경기,성남시 수정구,전세가율,전세가율,56.4937
2013-09-01,경기,성남시 수정구,전세가율,전세가율,56.9289
2013-10-01,경기,성남시 수정구,전세가율,전세가율,57.2272
2013-11-01,경기,성남시 수정구,전세가율,전세가율,57.4885
2013-12-01,경기,성남시 수정구,전세가율,전세가율,58.138
2014-01-01,경기,성남시 수정구,전세가율,전세가율,58.4639
2014-02-01,경기,성남시 수정구,전세가율,전세가율,58.7567
2014-03-01,경기,성남시 수정구,전세가율,전세가율,58.9534
2014-04-01,경기,성남시 수정구,전세가율,전세가율,59.3494
2014-05-01,경기,성남시 수정구,전세가율,전세가율,59.8183
2014-06-01,경기,성남시 수정구,전세가율,전세가율,59.9594
2014-07-01,경기,성남시 수정구,전세가율,전세가율,59.9307
2014-08-01,경기,성남시 수정구,전세가율,전세가율,59.9988
2014-09-01,경기,성남시 수정구,전세가율,전세가율,60.8786
2014-10-01,경기,성남시 수정구,전세가율,전세가율,60.6657
2014-11-01,경기,성남시 수정구,전세가율,전세가율,60.8093
2014-12-01,경기,성남시 수정구,전세가율,전세가율,61.9076
2015-01-01,경기,성남시 수정구,전세가율,전세가율,62.9441
2015-02-01,경기,성남시 수정구,전세가율,전세가율,64.9464
2015-03-01,경기,성남시 수정구,전세가율,전세가율,65.2546
2015-04-01,경기,성남시 수정구,전세가율,전세가율,66.38
2015-05-01,경기,성남시 수정구,전세가율,전세가율,66.7776
2015-06-01,경기,성남시 수정구,전세가율,전세가율,67.1372
2015-07-01,경기,성남시 수정구,전세가율,전세가율,67.2846
2015-08-01,경기,성남시 수정구,전세가율,전세가율,67.4359
2015-09-01,경기,성남시 수정구,전세가율,전세가율,67.3032
2015-10-01,경기,성남시 수정구,전세가율,전세가율,67.635
2015-11-01,경기,성남시 수정구,전세가율,전세가율,67.7287
2015-12-01,경기,성남시 수정구,전세가율,전세가율,67.8108
2016-01-01,경기,성남시 수정구,전세가율,전세가율,69.4736
2016-02-01,경기,성남시 수정구,전세가율,전세가율,69.6221
2016-03-01,경기,성남시 수정구,전세가율,전세가율,69.6221
2016-04-01,경기,성남시 수정구,전세가율,전세가율,70.8547
2016-05-01,경기,성남시 수정구,전세가율,전세가율,71.1236
2016-06-01,경기,성남시 수정구,전세가율,전세가율,71.6912
2016-07-01,경기,성남시 수정구,전세가율,전세가율,74.4848
2016-08-01,경기,성남시 수정구,전세가율,전세가율,74.8143
2016-09-01,경기,성남시 수정구,전세가율,전세가율,74.6225
2016-10-01,경기,성남시 수정구,전세가율,전세가율,80.4597
2016-11-01,경기,성남시 수정구,전세가율,전세가율,80.9181
2016-12-01,경기,성남시 수정구,전세가율,전세가율,80.613
2017-01-01,경기,성남시 수정구,전세가율,전세가율,80.5401
2017-02-01,경기,성남시 수정구,전세가율,전세가율,80.3823
2017-03-01,경기,성남시 수정구,전세가율,전세가율,80.8355
2017-04-01,경기,성남시 수정구,전세가율,전세가율,80.8581
2017-05-01,경기,성남시 수정구,전세가율,전세가율,80.8346
2017-06-01,경기,성남시 수정구,전세가율,전세가율,80.5486
2017-07-01,경기,성남시 수정구,전세가율,전세가율,79.8765
2017-08-01,경기,성남시 수정구,전세가율,전세가율,79.7497
2017-09-01,경기,성남시 수정구,전세가율,전세가율,79.6436
2017-10-01,경기,성남시 수정구,전세가율,전세가율,79.8299
2017-11-01,경기,성남시 수정구,전세가율,전세가율,80.1881
2017-12-01,경기,성남시 수정구,전세가율,전세가율,79.9856
2018-01-01,경기,성남시 수정구,전세가율,전세가율,79.5782
2018-02-01,경기,성남시 수정구,전세가율,전세가율,79.4966
2018-03-01,경기,성남시 수정구,전세가율,전세가율,79.4599
2018-04-01,경기,성남시 수정구,전세가율,전세가율,79.3534
2018-05-01,경기,성남시 수정구,전세가율,전세가율,79.0554
2018-06-01,경기,성남시 수정구,전세가율,전세가율,78.9133
2018-07-01,경기,성남시 수정구,전세가율,전세가율,78.9622
2018-08-01,경기,성남시 수정구,전세가율,전세가율,78.7287
2018-09-01,경기,성남시 수정구,전세가율,전세가율,77.4551
2018-10-01,경기,성남시 수정구,전세가율,전세가율,76.7494
2018-11-01,경기,성남시 수정구,전세가율,전세가율,76.4864
2018-12-01,경기,성남시 수정구,전세가율,전세가율,76.6329
2019-01-01,경기,성남시 수정구,전세가율,전세가율,76.1367
2019-02-01,경기,성남시 수정구,전세가율,전세가율,76.1367
2019-03-01,경기,성남시 수정구,전세가율,전세가율,75.7159
2019-04-01,경기,성남시 수정구,전세가율,전세가율,75.4821
2019-05-01,경기,성남시 수정구,전세가율,전세가율,75.4041
2019-06-01,경기,성남시 수정구,전세가율,전세가율,75.4918
2019-07-01,경기,성남시 수정구,전세가율,전세가율,74.5434
2019-08-01,경기,성남시 수정구,전세가율,전세가율,73.6964
2019-09-01,경기,성남시 수정구,전세가율,전세가율,73.5703
2019-10-01,경기,성남시 수정구,전세가율,전세가율,72.9842
2019-11-01,경기,성남시 수정구,전세가율,전세가율,72.5332
2019-12-01,경기,성남시 수정구,전세가율,전세가율,71.456
2020-01-01,경기,성남시 수정구,전세가율,전세가율,70.6595
2020-02-01,경기,성남시 수정구,전세가율,전세가율,70.0334
2020-03-01,경기,성남시 수정구,전세가율,전세가율,70.0334
2020-04-01,경기,성남시 수정구,전세가율,전세가율,65.2457
2020-05-01,경기,성남시 수정구,전세가율,전세가율,65.3051
2020-06-01,경기,성남시 수정구,전세가율,전세가율,65.0595
2020-07-01,경기,성남시 수정구,전세가율,전세가율,64.6399
2020-08-01,경기,성남시 수정구,전세가율,전세가율,64.1857
2020-09-01,경기,성남시 수정구,전세가율,전세가율,64.1857
2020-10-01,경기,성남시 수정구,전세가율,전세가율,64.4546
2020-11-01,경기,성남시 수정구,전세가율,전세가율,67.0343
2020-12-01,경기,성남시 수정구,전세가율,전세가율,66.9085
2021-01-01,경기,성남시 수정구,전세가율,전세가율,67.9931
2021-02-01,경기,성남시 수정구,전세가율,전세가율,67.5413
2021-03-01,경기,성남시 수정구,전세가율,전세가율,66.2109
2021-04-01,경기,성남시 수정구,전세가율,전세가율,66.2563
2021-05-01,경기,성남시 수정구,전세가율,전세가율,65.3216
2021-06-01,경기,성남시 수정구,전세가율,전세가율,64.7513
2021-07-01,경기,성남시 수정구,전세가율,전세가율,64.173
2021-08-01,경기,성남시 수정구,전세가율,전세가율,63.4115
2021-09-01,경기,성남시 수정구,전세가율,전세가율,62.6856
2021-10-01,경기,성남시 수정구,전세가율,전세가율,62.2141
2021-11-01,경기,성남시 수정구,전세가율,전세가율,62.0928
2021-12-01,경기,성남시 수정구,전세가율,전세가율,62.152
2022-01-01,경기,성남시 수정구,전세가율,전세가율,62.0939
2022-02-01,경기,성남시 수정구,전세가율,전세가율,62.0693
2022-03-01,경기,성남시 수정구,전세가율,전세가율,62.0349
2022-04-01,경기,성남시 수정구,전세가율,전세가율,62.1178
2022-05-01,경기,성남시 수정구,전세가율,전세가율,61.9328
2022-06-01,경기,성남시 수정구,전세가율,전세가율,61.9178
2022-07-01,경기,성남시 수정구,전세가율,전세가율,62.0776
2022-08-01,경기,성남시 수정구,전세가율,전세가율,62.1807
2022-09-01,경기,성남시 수정구,전세가율,전세가율,62.3449
2022-10-01,경기,성남시 수정구,전세가율,전세가율,62.4486
2022-11-01,경기,성남시 수정구,전세가율,전세가율,54.7176
2022-12-01,경기,성남시 수정구,전세가율,전세가율,55.1162
2023-01-01,경기,성남시 수정구,전세가율,전세가율,54.5766
2023-02-01,경기,성남시 수정구,전세가율,전세가율,54.6374
2023-03-01,경기,성남시 수정구,전세가율,전세가율,54.4483
2023-04-01,경기,성남시 수정구,전세가율,전세가율,54.4967
2023-05-01,경기,성남시 수정구,전세가율,전세가율,54.6135
2023-06-01,경기,성남시 수정구,전세가율,전세가율,55.0184
2023-07-01,경기,성남시 수정구,전세가율,전세가율,55.2462
2023-08-01,경기,성남시 수정구,전세가율,전세가율,55.1886
2023-09-01,경기,성남시 수정구,전세가율,전세가율,55.1646
2023-10-01,경기,성남시 수정구,전세가율,전세가율,55.4533
2023-11-01,경기,성남시 수정구,전세가율,전세가율,55.7965
2023-12-01,경기,성남시 수정구,전세가율,전세가율,55.8195
2024-01-01,경기,성남시 수정구,전세가율,전세가율,56.0032
2024-02-01,경기,성남시 수정구,전세가율,전세가율,56.0801
2024-03-01,경기,성남시 수정구,전세가율,전세가율,56.3517
2024-04-01,경기,성남시 수정구,전세가율,전세가율,57.0721
2024-05-01,경기,성남시 수정구,전세가율,전세가율,57.4877
2024-06-01,경기,성남시 수정구,전세가율,전세가율,57.6621
2024-07-01,경기,성남시 수정구,전세가율,전세가율,57.4203
2024-08-01,경기,성남시 수정구,전세가율,전세가율,57.1612
2024-09-01,경기,성남시 수정구,전세가율,전세가율,56.7829
2024-10-01,경기,성남시 수정구,전세가율,전세가율,56.4403
2024-11-01,경기,성남시 수정구,전세가율,전세가율,56.5009
2024-12-01,경기,성남시 수정구,전세가율,전세가율,56.6414
2025-01-01,경기,성남시 수정구,전세가율,전세가율,56.6554
2025-02-01,경기,성남시 수정구,전세가율,전세가율,56.5809
2025-03-01,경기,성남시 수정구,전세가율,전세가율,56.34
2025-04-01,경기,성남시 수정구,전세가율,전세가율,56.2769
2025-05-01,경기,성남시 수정구,전세가율,전세가율,56.3382
2025-06-01,경기,성남시 수정구,전세가율,전세가율,56.2387
2025-07-01,경기,성남시 수정구,전세가율,전세가율,55.9002
2025-08-01,경기,성남시 수정구,전세가율,전세가율,55.7333
2025-09-01,경기,성남시 수정구,전세가율,전세가율,55.6895
2025-10-01,경기,성남시 수정구,전세가율,전세가율,55.3029
2025-11-01,경기,성남시 수정구,전세가율,전세가율,54.9206
2025-12-01,경기,성남시 수정구,전세가율,전세가율,55.4636
2026-01-01,경기,성남시 수정구,전세가율,전세가율,55.6694
2026-02-01,경기,성남시 수정구,전세가율,전세가율,55.5829
2026-03-01,경기,성남시 수정구,전세가율,전세가율,55.237
2026-04-01,경기,성남시 수정구,전세가율,전세가율,54.7676
2026-05-01,경기,성남시 수정구,전세가율,전세가율,54.8017
2026-06-01,경기,성남시 수정구,전세가율,전세가율,54.5016
2013-04-01,경기,성남시 중원구,전세가율,전세가율,58.8697
2013-05-01,경기,성남시 중원구,전세가율,전세가율,58.7974
2013-06-01,경기,성남시 중원구,전세가율,전세가율,58.8337
2013-07-01,경기,성남시 중원구,전세가율,전세가율,58.8224
2013-08-01,경기,성남시 중원구,전세가율,전세가율,59.1577
2013-09-01,경기,성남시 중원구,전세가율,전세가율,60.3522
2013-10-01,경기,성남시 중원구,전세가율,전세가율,60.7066
2013-11-01,경기,성남시 중원구,전세가율,전세가율,60.6893
2013-12-01,경기,성남시 중원구,전세가율,전세가율,60.8858
2014-01-01,경기,성남시 중원구,전세가율,전세가율,61.1393
2014-02-01,경기,성남시 중원구,전세가율,전세가율,62.0304
2014-03-01,경기,성남시 중원구,전세가율,전세가율,63.8007
2014-04-01,경기,성남시 중원구,전세가율,전세가율,64.41
2014-05-01,경기,성남시 중원구,전세가율,전세가율,64.925
2014-06-01,경기,성남시 중원구,전세가율,전세가율,66.3703
2014-07-01,경기,성남시 중원구,전세가율,전세가율,67.2538
2014-08-01,경기,성남시 중원구,전세가율,전세가율,67.5467
2014-09-01,경기,성남시 중원구,전세가율,전세가율,67.7792
2014-10-01,경기,성남시 중원구,전세가율,전세가율,68.3482
2014-11-01,경기,성남시 중원구,전세가율,전세가율,68.4958
2014-12-01,경기,성남시 중원구,전세가율,전세가율,69.0831
2015-01-01,경기,성남시 중원구,전세가율,전세가율,69.5921
2015-02-01,경기,성남시 중원구,전세가율,전세가율,69.8289
2015-03-01,경기,성남시 중원구,전세가율,전세가율,70.205
2015-04-01,경기,성남시 중원구,전세가율,전세가율,71.0977
2015-05-01,경기,성남시 중원구,전세가율,전세가율,71.1963
2015-06-01,경기,성남시 중원구,전세가율,전세가율,72.1456
2015-07-01,경기,성남시 중원구,전세가율,전세가율,72.4264
2015-08-01,경기,성남시 중원구,전세가율,전세가율,72.7743
2015-09-01,경기,성남시 중원구,전세가율,전세가율,72.9817
2015-10-01,경기,성남시 중원구,전세가율,전세가율,74.1184
2015-11-01,경기,성남시 중원구,전세가율,전세가율,75.355
2015-12-01,경기,성남시 중원구,전세가율,전세가율,75.7108
2016-01-01,경기,성남시 중원구,전세가율,전세가율,76.8042
2016-02-01,경기,성남시 중원구,전세가율,전세가율,76.736
2016-03-01,경기,성남시 중원구,전세가율,전세가율,76.736
2016-04-01,경기,성남시 중원구,전세가율,전세가율,76.785
2016-05-01,경기,성남시 중원구,전세가율,전세가율,76.708
2016-06-01,경기,성남시 중원구,전세가율,전세가율,77.4458
2016-07-01,경기,성남시 중원구,전세가율,전세가율,77.8268
2016-08-01,경기,성남시 중원구,전세가율,전세가율,79.1293
2016-09-01,경기,성남시 중원구,전세가율,전세가율,79.2224
2016-10-01,경기,성남시 중원구,전세가율,전세가율,79.8698
2016-11-01,경기,성남시 중원구,전세가율,전세가율,79.8665
2016-12-01,경기,성남시 중원구,전세가율,전세가율,79.5179
2017-01-01,경기,성남시 중원구,전세가율,전세가율,79.5464
2017-02-01,경기,성남시 중원구,전세가율,전세가율,79.4572
2017-03-01,경기,성남시 중원구,전세가율,전세가율,79.1384
2017-04-01,경기,성남시 중원구,전세가율,전세가율,78.9856
2017-05-01,경기,성남시 중원구,전세가율,전세가율,78.9721
2017-06-01,경기,성남시 중원구,전세가율,전세가율,78.9108
2017-07-01,경기,성남시 중원구,전세가율,전세가율,78.7761
2017-08-01,경기,성남시 중원구,전세가율,전세가율,78.7118
2017-09-01,경기,성남시 중원구,전세가율,전세가율,78.4097
2017-10-01,경기,성남시 중원구,전세가율,전세가율,78.0836
2017-11-01,경기,성남시 중원구,전세가율,전세가율,77.5259
2017-12-01,경기,성남시 중원구,전세가율,전세가율,77.403
2018-01-01,경기,성남시 중원구,전세가율,전세가율,77.1992
2018-02-01,경기,성남시 중원구,전세가율,전세가율,76.8982
2018-03-01,경기,성남시 중원구,전세가율,전세가율,76.4448
2018-04-01,경기,성남시 중원구,전세가율,전세가율,75.4829
2018-05-01,경기,성남시 중원구,전세가율,전세가율,75.2804
2018-06-01,경기,성남시 중원구,전세가율,전세가율,74.9934
2018-07-01,경기,성남시 중원구,전세가율,전세가율,74.8055
2018-08-01,경기,성남시 중원구,전세가율,전세가율,74.0745
2018-09-01,경기,성남시 중원구,전세가율,전세가율,72.9921
2018-10-01,경기,성남시 중원구,전세가율,전세가율,72.2535
2018-11-01,경기,성남시 중원구,전세가율,전세가율,72.0693
2018-12-01,경기,성남시 중원구,전세가율,전세가율,71.6997
2019-01-01,경기,성남시 중원구,전세가율,전세가율,72.0734
2019-02-01,경기,성남시 중원구,전세가율,전세가율,72.0734
2019-03-01,경기,성남시 중원구,전세가율,전세가율,71.7091
2019-04-01,경기,성남시 중원구,전세가율,전세가율,71.9124
2019-05-01,경기,성남시 중원구,전세가율,전세가율,71.9068
2019-06-01,경기,성남시 중원구,전세가율,전세가율,71.1973
2019-07-01,경기,성남시 중원구,전세가율,전세가율,70.9589
2019-08-01,경기,성남시 중원구,전세가율,전세가율,70.4473
2019-09-01,경기,성남시 중원구,전세가율,전세가율,69.5611
2019-10-01,경기,성남시 중원구,전세가율,전세가율,68.6638
2019-11-01,경기,성남시 중원구,전세가율,전세가율,67.6599
2019-12-01,경기,성남시 중원구,전세가율,전세가율,66.3498
2020-01-01,경기,성남시 중원구,전세가율,전세가율,65.2308
2020-02-01,경기,성남시 중원구,전세가율,전세가율,64.515
2020-03-01,경기,성남시 중원구,전세가율,전세가율,64.515
2020-04-01,경기,성남시 중원구,전세가율,전세가율,60.9116
2020-05-01,경기,성남시 중원구,전세가율,전세가율,60.6036
2020-06-01,경기,성남시 중원구,전세가율,전세가율,60.2255
2020-07-01,경기,성남시 중원구,전세가율,전세가율,58.5141
2020-08-01,경기,성남시 중원구,전세가율,전세가율,58.1049
2020-09-01,경기,성남시 중원구,전세가율,전세가율,58.1049
2020-10-01,경기,성남시 중원구,전세가율,전세가율,58.7556
2020-11-01,경기,성남시 중원구,전세가율,전세가율,59.1385
2020-12-01,경기,성남시 중원구,전세가율,전세가율,61.1788
2021-01-01,경기,성남시 중원구,전세가율,전세가율,61.5327
2021-02-01,경기,성남시 중원구,전세가율,전세가율,61.2013
2021-03-01,경기,성남시 중원구,전세가율,전세가율,60.3983
2021-04-01,경기,성남시 중원구,전세가율,전세가율,60.0173
2021-05-01,경기,성남시 중원구,전세가율,전세가율,59.0499
2021-06-01,경기,성남시 중원구,전세가율,전세가율,57.6997
2021-07-01,경기,성남시 중원구,전세가율,전세가율,57.1307
2021-08-01,경기,성남시 중원구,전세가율,전세가율,57.0049
2021-09-01,경기,성남시 중원구,전세가율,전세가율,56.9044
2021-10-01,경기,성남시 중원구,전세가율,전세가율,56.7677
2021-11-01,경기,성남시 중원구,전세가율,전세가율,56.1963
2021-12-01,경기,성남시 중원구,전세가율,전세가율,55.96
2022-01-01,경기,성남시 중원구,전세가율,전세가율,56.0749
2022-02-01,경기,성남시 중원구,전세가율,전세가율,56.0939
2022-03-01,경기,성남시 중원구,전세가율,전세가율,56.1164
2022-04-01,경기,성남시 중원구,전세가율,전세가율,56.1287
2022-05-01,경기,성남시 중원구,전세가율,전세가율,56.1535
2022-06-01,경기,성남시 중원구,전세가율,전세가율,56.4795
2022-07-01,경기,성남시 중원구,전세가율,전세가율,56.5161
2022-08-01,경기,성남시 중원구,전세가율,전세가율,56.6138
2022-09-01,경기,성남시 중원구,전세가율,전세가율,56.768
2022-10-01,경기,성남시 중원구,전세가율,전세가율,56.3118
2022-11-01,경기,성남시 중원구,전세가율,전세가율,51.2844
2022-12-01,경기,성남시 중원구,전세가율,전세가율,49.5632
2023-01-01,경기,성남시 중원구,전세가율,전세가율,49.3359
2023-02-01,경기,성남시 중원구,전세가율,전세가율,49.8273
2023-03-01,경기,성남시 중원구,전세가율,전세가율,50.7013
2023-04-01,경기,성남시 중원구,전세가율,전세가율,51.6532
2023-05-01,경기,성남시 중원구,전세가율,전세가율,52.0861
2023-06-01,경기,성남시 중원구,전세가율,전세가율,52.0561
2023-07-01,경기,성남시 중원구,전세가율,전세가율,52.167
2023-08-01,경기,성남시 중원구,전세가율,전세가율,52.6582
2023-09-01,경기,성남시 중원구,전세가율,전세가율,52.8404
2023-10-01,경기,성남시 중원구,전세가율,전세가율,52.949
2023-11-01,경기,성남시 중원구,전세가율,전세가율,53.186
2023-12-01,경기,성남시 중원구,전세가율,전세가율,53.3061
2024-01-01,경기,성남시 중원구,전세가율,전세가율,53.8431
2024-02-01,경기,성남시 중원구,전세가율,전세가율,53.9078
2024-03-01,경기,성남시 중원구,전세가율,전세가율,54.098
2024-04-01,경기,성남시 중원구,전세가율,전세가율,54.6919
2024-05-01,경기,성남시 중원구,전세가율,전세가율,55.0901
2024-06-01,경기,성남시 중원구,전세가율,전세가율,55.8008
2024-07-01,경기,성남시 중원구,전세가율,전세가율,57.2026
2024-08-01,경기,성남시 중원구,전세가율,전세가율,57.2316
2024-09-01,경기,성남시 중원구,전세가율,전세가율,57.2691
2024-10-01,경기,성남시 중원구,전세가율,전세가율,57.3308
2024-11-01,경기,성남시 중원구,전세가율,전세가율,57.2774
2024-12-01,경기,성남시 중원구,전세가율,전세가율,57.3519
2025-01-01,경기,성남시 중원구,전세가율,전세가율,57.3079
2025-02-01,경기,성남시 중원구,전세가율,전세가율,57.1195
2025-03-01,경기,성남시 중원구,전세가율,전세가율,56.9908
2025-04-01,경기,성남시 중원구,전세가율,전세가율,57.0961
2025-05-01,경기,성남시 중원구,전세가율,전세가율,57.013
2025-06-01,경기,성남시 중원구,전세가율,전세가율,57.9981
2025-07-01,경기,성남시 중원구,전세가율,전세가율,57.8352
2025-08-01,경기,성남시 중원구,전세가율,전세가율,57.8847
2025-09-01,경기,성남시 중원구,전세가율,전세가율,57.9917
2025-10-01,경기,성남시 중원구,전세가율,전세가율,57.6633
2025-11-01,경기,성남시 중원구,전세가율,전세가율,57.2378
2025-12-01,경기,성남시 중원구,전세가율,전세가율,57.2845
2026-01-01,경기,성남시 중원구,전세가율,전세가율,57.3309
2026-02-01,경기,성남시 중원구,전세가율,전세가율,57.0095
2026-03-01,경기,성남시 중원구,전세가율,전세가율,56.5161
2026-04-01,경기,성남시 중원구,전세가율,전세가율,56.4898
2026-05-01,경기,성남시 중원구,전세가율,전세가율,56.137
2026-06-01,경기,성남시 중원구,전세가율,전세가율,56.4618
2013-04-01,경기,수원시,전세가율,전세가율,62.2332
2013-05-01,경기,수원시,전세가율,전세가율,62.3825
2013-06-01,경기,수원시,전세가율,전세가율,62.6935
2013-07-01,경기,수원시,전세가율,전세가율,63.2203
2013-08-01,경기,수원시,전세가율,전세가율,64.0742
2013-09-01,경기,수원시,전세가율,전세가율,65.1916
2013-10-01,경기,수원시,전세가율,전세가율,66.4449
2013-11-01,경기,수원시,전세가율,전세가율,67.8996
2013-12-01,경기,수원시,전세가율,전세가율,68.78
2014-01-01,경기,수원시,전세가율,전세가율,69.3557
2014-02-01,경기,수원시,전세가율,전세가율,69.8707
2014-03-01,경기,수원시,전세가율,전세가율,70.3934
2014-04-01,경기,수원시,전세가율,전세가율,70.6126
2014-05-01,경기,수원시,전세가율,전세가율,70.8468
2014-06-01,경기,수원시,전세가율,전세가율,71.0833
2014-07-01,경기,수원시,전세가율,전세가율,71.2192
2014-08-01,경기,수원시,전세가율,전세가율,71.0435
2014-09-01,경기,수원시,전세가율,전세가율,71.2736
2014-10-01,경기,수원시,전세가율,전세가율,71.4425
2014-11-01,경기,수원시,전세가율,전세가율,72.4435
2014-12-01,경기,수원시,전세가율,전세가율,73.9967
2015-01-01,경기,수원시,전세가율,전세가율,74.4503
2015-02-01,경기,수원시,전세가율,전세가율,74.934
2015-03-01,경기,수원시,전세가율,전세가율,75.3487
2015-04-01,경기,수원시,전세가율,전세가율,75.5261
2015-05-01,경기,수원시,전세가율,전세가율,75.6986
2015-06-01,경기,수원시,전세가율,전세가율,75.7471
2015-07-01,경기,수원시,전세가율,전세가율,75.8982
2015-08-01,경기,수원시,전세가율,전세가율,76.0918
2015-09-01,경기,수원시,전세가율,전세가율,76.3272
2015-10-01,경기,수원시,전세가율,전세가율,76.7986
2015-11-01,경기,수원시,전세가율,전세가율,77.1128
2015-12-01,경기,수원시,전세가율,전세가율,77.672
2016-01-01,경기,수원시,전세가율,전세가율,77.5049
2016-02-01,경기,수원시,전세가율,전세가율,77.6936
2016-03-01,경기,수원시,전세가율,전세가율,77.9934
2016-04-01,경기,수원시,전세가율,전세가율,78.0586
2016-05-01,경기,수원시,전세가율,전세가율,78.3927
2016-06-01,경기,수원시,전세가율,전세가율,78.5392
2016-07-01,경기,수원시,전세가율,전세가율,78.8199
2016-08-01,경기,수원시,전세가율,전세가율,79.0547
2016-09-01,경기,수원시,전세가율,전세가율,79.3214
2016-10-01,경기,수원시,전세가율,전세가율,79.4339
2016-11-01,경기,수원시,전세가율,전세가율,79.9291
2016-12-01,경기,수원시,전세가율,전세가율,80.0916
2017-01-01,경기,수원시,전세가율,전세가율,80.1428
2017-02-01,경기,수원시,전세가율,전세가율,80.0947
2017-03-01,경기,수원시,전세가율,전세가율,80.1818
2017-04-01,경기,수원시,전세가율,전세가율,80.0205
2017-05-01,경기,수원시,전세가율,전세가율,79.9309
2017-06-01,경기,수원시,전세가율,전세가율,79.9558
2017-07-01,경기,수원시,전세가율,전세가율,79.8587
2017-08-01,경기,수원시,전세가율,전세가율,79.607
2017-09-01,경기,수원시,전세가율,전세가율,79.329
2017-10-01,경기,수원시,전세가율,전세가율,79.1365
2017-11-01,경기,수원시,전세가율,전세가율,78.8104
2017-12-01,경기,수원시,전세가율,전세가율,78.6505
2018-01-01,경기,수원시,전세가율,전세가율,78.5691
2018-02-01,경기,수원시,전세가율,전세가율,78.3881
2018-03-01,경기,수원시,전세가율,전세가율,78.0068
2018-04-01,경기,수원시,전세가율,전세가율,77.6254
2018-05-01,경기,수원시,전세가율,전세가율,77.38
2018-06-01,경기,수원시,전세가율,전세가율,76.9642
2018-07-01,경기,수원시,전세가율,전세가율,76.7162
2018-08-01,경기,수원시,전세가율,전세가율,76.6399
2018-09-01,경기,수원시,전세가율,전세가율,75.8533
2018-10-01,경기,수원시,전세가율,전세가율,75.5567
2018-11-01,경기,수원시,전세가율,전세가율,75.1098
2018-12-01,경기,수원시,전세가율,전세가율,74.8375
2019-01-01,경기,수원시,전세가율,전세가율,74.917
2019-02-01,경기,수원시,전세가율,전세가율,74.7164
2019-03-01,경기,수원시,전세가율,전세가율,74.5114
2019-04-01,경기,수원시,전세가율,전세가율,74.3737
2019-05-01,경기,수원시,전세가율,전세가율,73.8997
2019-06-01,경기,수원시,전세가율,전세가율,73.4797
2019-07-01,경기,수원시,전세가율,전세가율,73.2911
2019-08-01,경기,수원시,전세가율,전세가율,73.1998
2019-09-01,경기,수원시,전세가율,전세가율,73.2219
2019-10-01,경기,수원시,전세가율,전세가율,73.1552
2019-11-01,경기,수원시,전세가율,전세가율,72.9772
2019-12-01,경기,수원시,전세가율,전세가율,72.589
2020-01-01,경기,수원시,전세가율,전세가율,71.9545
2020-02-01,경기,수원시,전세가율,전세가율,69.2226
2020-03-01,경기,수원시,전세가율,전세가율,67.3377
2020-04-01,경기,수원시,전세가율,전세가율,66.8285
2020-05-01,경기,수원시,전세가율,전세가율,66.6444
2020-06-01,경기,수원시,전세가율,전세가율,66.6893
2020-07-01,경기,수원시,전세가율,전세가율,66.6218
2020-08-01,경기,수원시,전세가율,전세가율,66.4227
2020-09-01,경기,수원시,전세가율,전세가율,67.6861
2020-10-01,경기,수원시,전세가율,전세가율,68.9392
2020-11-01,경기,수원시,전세가율,전세가율,70.4408
2020-12-01,경기,수원시,전세가율,전세가율,70.7337
2021-01-01,경기,수원시,전세가율,전세가율,70.8236
2021-02-01,경기,수원시,전세가율,전세가율,70.4275
2021-03-01,경기,수원시,전세가율,전세가율,70.0862
2021-04-01,경기,수원시,전세가율,전세가율,69.14
2021-05-01,경기,수원시,전세가율,전세가율,68.2459
2021-06-01,경기,수원시,전세가율,전세가율,66.6068
2021-07-01,경기,수원시,전세가율,전세가율,65.3123
2021-08-01,경기,수원시,전세가율,전세가율,63.4987
2021-09-01,경기,수원시,전세가율,전세가율,62.6426
2021-10-01,경기,수원시,전세가율,전세가율,61.6871
2021-11-01,경기,수원시,전세가율,전세가율,60.8098
2021-12-01,경기,수원시,전세가율,전세가율,60.8357
2022-01-01,경기,수원시,전세가율,전세가율,60.8645
2022-02-01,경기,수원시,전세가율,전세가율,60.7875
2022-03-01,경기,수원시,전세가율,전세가율,60.9127
2022-04-01,경기,수원시,전세가율,전세가율,60.9435
2022-05-01,경기,수원시,전세가율,전세가율,61.2436
2022-06-01,경기,수원시,전세가율,전세가율,61.4836
2022-07-01,경기,수원시,전세가율,전세가율,61.5108
2022-08-01,경기,수원시,전세가율,전세가율,61.3643
2022-09-01,경기,수원시,전세가율,전세가율,61.6196
2022-10-01,경기,수원시,전세가율,전세가율,61.6007
2022-11-01,경기,수원시,전세가율,전세가율,61.8752
2022-12-01,경기,수원시,전세가율,전세가율,61.4667
2023-01-01,경기,수원시,전세가율,전세가율,60.4742
2023-02-01,경기,수원시,전세가율,전세가율,60.0176
2023-03-01,경기,수원시,전세가율,전세가율,60.0872
2023-04-01,경기,수원시,전세가율,전세가율,60.2871
2023-05-01,경기,수원시,전세가율,전세가율,60.3488
2023-06-01,경기,수원시,전세가율,전세가율,60.375
2023-07-01,경기,수원시,전세가율,전세가율,60.2599
2023-08-01,경기,수원시,전세가율,전세가율,59.9008
2023-09-01,경기,수원시,전세가율,전세가율,59.8641
2023-10-01,경기,수원시,전세가율,전세가율,59.9281
2023-11-01,경기,수원시,전세가율,전세가율,60.1117
2023-12-01,경기,수원시,전세가율,전세가율,60.4334
2024-01-01,경기,수원시,전세가율,전세가율,61.1029
2024-02-01,경기,수원시,전세가율,전세가율,61.5995
2024-03-01,경기,수원시,전세가율,전세가율,62.119
2024-04-01,경기,수원시,전세가율,전세가율,62.5137
2024-05-01,경기,수원시,전세가율,전세가율,62.8086
2024-06-01,경기,수원시,전세가율,전세가율,63.1285
2024-07-01,경기,수원시,전세가율,전세가율,63.3474
2024-08-01,경기,수원시,전세가율,전세가율,63.4065
2024-09-01,경기,수원시,전세가율,전세가율,63.5487
2024-10-01,경기,수원시,전세가율,전세가율,63.6415
2024-11-01,경기,수원시,전세가율,전세가율,63.9705
2024-12-01,경기,수원시,전세가율,전세가율,64.1919
2025-01-01,경기,수원시,전세가율,전세가율,64.4157
2025-02-01,경기,수원시,전세가율,전세가율,64.6397
2025-03-01,경기,수원시,전세가율,전세가율,64.7401
2025-04-01,경기,수원시,전세가율,전세가율,64.8504
2025-05-01,경기,수원시,전세가율,전세가율,64.8467
2025-06-01,경기,수원시,전세가율,전세가율,64.8031
2025-07-01,경기,수원시,전세가율,전세가율,64.6679
2025-08-01,경기,수원시,전세가율,전세가율,64.6941
2025-09-01,경기,수원시,전세가율,전세가율,64.6876
2025-10-01,경기,수원시,전세가율,전세가율,64.7312
2025-11-01,경기,수원시,전세가율,전세가율,64.6171
2025-12-01,경기,수원시,전세가율,전세가율,64.7195
2026-01-01,경기,수원시,전세가율,전세가율,64.738
2026-02-01,경기,수원시,전세가율,전세가율,64.7554
2026-03-01,경기,수원시,전세가율,전세가율,64.7422
2026-04-01,경기,수원시,전세가율,전세가율,64.8495
2026-05-01,경기,수원시,전세가율,전세가율,65.0675
2026-06-01,경기,수원시,전세가율,전세가율,65.1172
2013-04-01,경기,수원시 권선구,전세가율,전세가율,62.3105
2013-05-01,경기,수원시 권선구,전세가율,전세가율,62.3665
2013-06-01,경기,수원시 권선구,전세가율,전세가율,62.4281
2013-07-01,경기,수원시 권선구,전세가율,전세가율,62.9313
2013-08-01,경기,수원시 권선구,전세가율,전세가율,63.2074
2013-09-01,경기,수원시 권선구,전세가율,전세가율,64.0964
2013-10-01,경기,수원시 권선구,전세가율,전세가율,64.8278
2013-11-01,경기,수원시 권선구,전세가율,전세가율,66.183
2013-12-01,경기,수원시 권선구,전세가율,전세가율,66.6648
2014-01-01,경기,수원시 권선구,전세가율,전세가율,66.8435
2014-02-01,경기,수원시 권선구,전세가율,전세가율,67.3114
2014-03-01,경기,수원시 권선구,전세가율,전세가율,68.0341
2014-04-01,경기,수원시 권선구,전세가율,전세가율,68.6895
2014-05-01,경기,수원시 권선구,전세가율,전세가율,69.1022
2014-06-01,경기,수원시 권선구,전세가율,전세가율,69.388
2014-07-01,경기,수원시 권선구,전세가율,전세가율,69.5477
2014-08-01,경기,수원시 권선구,전세가율,전세가율,69.5278
2014-09-01,경기,수원시 권선구,전세가율,전세가율,70.0106
2014-10-01,경기,수원시 권선구,전세가율,전세가율,70.017
2014-11-01,경기,수원시 권선구,전세가율,전세가율,70.4911
2014-12-01,경기,수원시 권선구,전세가율,전세가율,71.7624
2015-01-01,경기,수원시 권선구,전세가율,전세가율,71.9705
2015-02-01,경기,수원시 권선구,전세가율,전세가율,72.321
2015-03-01,경기,수원시 권선구,전세가율,전세가율,72.7827
2015-04-01,경기,수원시 권선구,전세가율,전세가율,73.5108
2015-05-01,경기,수원시 권선구,전세가율,전세가율,73.8785
2015-06-01,경기,수원시 권선구,전세가율,전세가율,73.8009
2015-07-01,경기,수원시 권선구,전세가율,전세가율,74.2096
2015-08-01,경기,수원시 권선구,전세가율,전세가율,74.7716
2015-09-01,경기,수원시 권선구,전세가율,전세가율,75.1054
2015-10-01,경기,수원시 권선구,전세가율,전세가율,75.6131
2015-11-01,경기,수원시 권선구,전세가율,전세가율,76.0648
2015-12-01,경기,수원시 권선구,전세가율,전세가율,76.3067
2016-01-01,경기,수원시 권선구,전세가율,전세가율,76.3833
2016-02-01,경기,수원시 권선구,전세가율,전세가율,76.5727
2016-03-01,경기,수원시 권선구,전세가율,전세가율,76.5727
2016-04-01,경기,수원시 권선구,전세가율,전세가율,76.8735
2016-05-01,경기,수원시 권선구,전세가율,전세가율,77.4739
2016-06-01,경기,수원시 권선구,전세가율,전세가율,77.5403
2016-07-01,경기,수원시 권선구,전세가율,전세가율,77.6545
2016-08-01,경기,수원시 권선구,전세가율,전세가율,77.8228
2016-09-01,경기,수원시 권선구,전세가율,전세가율,78.1004
2016-10-01,경기,수원시 권선구,전세가율,전세가율,78.311
2016-11-01,경기,수원시 권선구,전세가율,전세가율,78.464
2016-12-01,경기,수원시 권선구,전세가율,전세가율,78.8658
2017-01-01,경기,수원시 권선구,전세가율,전세가율,79.0362
2017-02-01,경기,수원시 권선구,전세가율,전세가율,79.0331
2017-03-01,경기,수원시 권선구,전세가율,전세가율,78.9281
2017-04-01,경기,수원시 권선구,전세가율,전세가율,78.8829
2017-05-01,경기,수원시 권선구,전세가율,전세가율,78.7516
2017-06-01,경기,수원시 권선구,전세가율,전세가율,78.9218
2017-07-01,경기,수원시 권선구,전세가율,전세가율,78.8942
2017-08-01,경기,수원시 권선구,전세가율,전세가율,78.7202
2017-09-01,경기,수원시 권선구,전세가율,전세가율,78.4731
2017-10-01,경기,수원시 권선구,전세가율,전세가율,78.6987
2017-11-01,경기,수원시 권선구,전세가율,전세가율,78.3218
2017-12-01,경기,수원시 권선구,전세가율,전세가율,78.0684
2018-01-01,경기,수원시 권선구,전세가율,전세가율,77.8832
2018-02-01,경기,수원시 권선구,전세가율,전세가율,78.1782
2018-03-01,경기,수원시 권선구,전세가율,전세가율,77.9894
2018-04-01,경기,수원시 권선구,전세가율,전세가율,78.0419
2018-05-01,경기,수원시 권선구,전세가율,전세가율,78.0933
2018-06-01,경기,수원시 권선구,전세가율,전세가율,78.1377
2018-07-01,경기,수원시 권선구,전세가율,전세가율,78.076
2018-08-01,경기,수원시 권선구,전세가율,전세가율,78.1284
2018-09-01,경기,수원시 권선구,전세가율,전세가율,78.0499
2018-10-01,경기,수원시 권선구,전세가율,전세가율,78.0224
2018-11-01,경기,수원시 권선구,전세가율,전세가율,77.6897
2018-12-01,경기,수원시 권선구,전세가율,전세가율,77.4919
2019-01-01,경기,수원시 권선구,전세가율,전세가율,76.9553
2019-02-01,경기,수원시 권선구,전세가율,전세가율,76.9553
2019-03-01,경기,수원시 권선구,전세가율,전세가율,76.9465
2019-04-01,경기,수원시 권선구,전세가율,전세가율,76.7989
2019-05-01,경기,수원시 권선구,전세가율,전세가율,76.5181
2019-06-01,경기,수원시 권선구,전세가율,전세가율,76.2354
2019-07-01,경기,수원시 권선구,전세가율,전세가율,76.0883
2019-08-01,경기,수원시 권선구,전세가율,전세가율,76.1108
2019-09-01,경기,수원시 권선구,전세가율,전세가율,76.0862
2019-10-01,경기,수원시 권선구,전세가율,전세가율,75.9954
2019-11-01,경기,수원시 권선구,전세가율,전세가율,75.7996
2019-12-01,경기,수원시 권선구,전세가율,전세가율,75.5903
2020-01-01,경기,수원시 권선구,전세가율,전세가율,75.3547
2020-02-01,경기,수원시 권선구,전세가율,전세가율,72.0279
2020-03-01,경기,수원시 권선구,전세가율,전세가율,72.0279
2020-04-01,경기,수원시 권선구,전세가율,전세가율,68.5581
2020-05-01,경기,수원시 권선구,전세가율,전세가율,68.3867
2020-06-01,경기,수원시 권선구,전세가율,전세가율,68.4922
2020-07-01,경기,수원시 권선구,전세가율,전세가율,68.0806
2020-08-01,경기,수원시 권선구,전세가율,전세가율,67.9734
2020-09-01,경기,수원시 권선구,전세가율,전세가율,67.9734
2020-10-01,경기,수원시 권선구,전세가율,전세가율,68.7166
2020-11-01,경기,수원시 권선구,전세가율,전세가율,69.3278
2020-12-01,경기,수원시 권선구,전세가율,전세가율,70.1187
2021-01-01,경기,수원시 권선구,전세가율,전세가율,71.5519
2021-02-01,경기,수원시 권선구,전세가율,전세가율,72.2908
2021-03-01,경기,수원시 권선구,전세가율,전세가율,73.3123
2021-04-01,경기,수원시 권선구,전세가율,전세가율,72.2289
2021-05-01,경기,수원시 권선구,전세가율,전세가율,70.7883
2021-06-01,경기,수원시 권선구,전세가율,전세가율,68.9649
2021-07-01,경기,수원시 권선구,전세가율,전세가율,67.1988
2021-08-01,경기,수원시 권선구,전세가율,전세가율,64.2993
2021-09-01,경기,수원시 권선구,전세가율,전세가율,63.091
2021-10-01,경기,수원시 권선구,전세가율,전세가율,61.7268
2021-11-01,경기,수원시 권선구,전세가율,전세가율,60.8306
2021-12-01,경기,수원시 권선구,전세가율,전세가율,60.6286
2022-01-01,경기,수원시 권선구,전세가율,전세가율,60.6241
2022-02-01,경기,수원시 권선구,전세가율,전세가율,60.6798
2022-03-01,경기,수원시 권선구,전세가율,전세가율,60.7703
2022-04-01,경기,수원시 권선구,전세가율,전세가율,61.1374
2022-05-01,경기,수원시 권선구,전세가율,전세가율,61.9423
2022-06-01,경기,수원시 권선구,전세가율,전세가율,62.6642
2022-07-01,경기,수원시 권선구,전세가율,전세가율,62.8597
2022-08-01,경기,수원시 권선구,전세가율,전세가율,62.9115
2022-09-01,경기,수원시 권선구,전세가율,전세가율,62.6842
2022-10-01,경기,수원시 권선구,전세가율,전세가율,62.7866
2022-11-01,경기,수원시 권선구,전세가율,전세가율,63.0042
2022-12-01,경기,수원시 권선구,전세가율,전세가율,62.2673
2023-01-01,경기,수원시 권선구,전세가율,전세가율,61.5649
2023-02-01,경기,수원시 권선구,전세가율,전세가율,61.4374
2023-03-01,경기,수원시 권선구,전세가율,전세가율,61.1839
2023-04-01,경기,수원시 권선구,전세가율,전세가율,61.2984
2023-05-01,경기,수원시 권선구,전세가율,전세가율,61.8142
2023-06-01,경기,수원시 권선구,전세가율,전세가율,61.763
2023-07-01,경기,수원시 권선구,전세가율,전세가율,61.8508
2023-08-01,경기,수원시 권선구,전세가율,전세가율,61.45
2023-09-01,경기,수원시 권선구,전세가율,전세가율,61.2931
2023-10-01,경기,수원시 권선구,전세가율,전세가율,61.5415
2023-11-01,경기,수원시 권선구,전세가율,전세가율,61.7212
2023-12-01,경기,수원시 권선구,전세가율,전세가율,62.0701
2024-01-01,경기,수원시 권선구,전세가율,전세가율,62.5069
2024-02-01,경기,수원시 권선구,전세가율,전세가율,62.6066
2024-03-01,경기,수원시 권선구,전세가율,전세가율,63.076
2024-04-01,경기,수원시 권선구,전세가율,전세가율,63.7961
2024-05-01,경기,수원시 권선구,전세가율,전세가율,64.1708
2024-06-01,경기,수원시 권선구,전세가율,전세가율,64.8613
2024-07-01,경기,수원시 권선구,전세가율,전세가율,65.1078
2024-08-01,경기,수원시 권선구,전세가율,전세가율,65.0684
2024-09-01,경기,수원시 권선구,전세가율,전세가율,65.205
2024-10-01,경기,수원시 권선구,전세가율,전세가율,65.2745
2024-11-01,경기,수원시 권선구,전세가율,전세가율,65.6258
2024-12-01,경기,수원시 권선구,전세가율,전세가율,65.7039
2025-01-01,경기,수원시 권선구,전세가율,전세가율,65.8697
2025-02-01,경기,수원시 권선구,전세가율,전세가율,66.3348
2025-03-01,경기,수원시 권선구,전세가율,전세가율,66.5144
2025-04-01,경기,수원시 권선구,전세가율,전세가율,66.7179
2025-05-01,경기,수원시 권선구,전세가율,전세가율,66.6868
2025-06-01,경기,수원시 권선구,전세가율,전세가율,66.6659
2025-07-01,경기,수원시 권선구,전세가율,전세가율,66.6542
2025-08-01,경기,수원시 권선구,전세가율,전세가율,66.7158
2025-09-01,경기,수원시 권선구,전세가율,전세가율,66.7849
2025-10-01,경기,수원시 권선구,전세가율,전세가율,66.8578
2025-11-01,경기,수원시 권선구,전세가율,전세가율,66.906
2025-12-01,경기,수원시 권선구,전세가율,전세가율,66.8012
2026-01-01,경기,수원시 권선구,전세가율,전세가율,66.8619
2026-02-01,경기,수원시 권선구,전세가율,전세가율,66.7054
2026-03-01,경기,수원시 권선구,전세가율,전세가율,66.7072
2026-04-01,경기,수원시 권선구,전세가율,전세가율,66.8575
2026-05-01,경기,수원시 권선구,전세가율,전세가율,67.1728
2026-06-01,경기,수원시 권선구,전세가율,전세가율,67.4746
2013-04-01,경기,수원시 영통구,전세가율,전세가율,60.7402
2013-05-01,경기,수원시 영통구,전세가율,전세가율,60.977
2013-06-01,경기,수원시 영통구,전세가율,전세가율,61.6382
2013-07-01,경기,수원시 영통구,전세가율,전세가율,62.4983
2013-08-01,경기,수원시 영통구,전세가율,전세가율,64.041
2013-09-01,경기,수원시 영통구,전세가율,전세가율,65.9422
2013-10-01,경기,수원시 영통구,전세가율,전세가율,67.5874
2013-11-01,경기,수원시 영통구,전세가율,전세가율,69.7289
2013-12-01,경기,수원시 영통구,전세가율,전세가율,70.5348
2014-01-01,경기,수원시 영통구,전세가율,전세가율,70.9987
2014-02-01,경기,수원시 영통구,전세가율,전세가율,71.368
2014-03-01,경기,수원시 영통구,전세가율,전세가율,72.1136
2014-04-01,경기,수원시 영통구,전세가율,전세가율,72.2117
2014-05-01,경기,수원시 영통구,전세가율,전세가율,72.41
2014-06-01,경기,수원시 영통구,전세가율,전세가율,72.5495
2014-07-01,경기,수원시 영통구,전세가율,전세가율,72.6013
2014-08-01,경기,수원시 영통구,전세가율,전세가율,72.205
2014-09-01,경기,수원시 영통구,전세가율,전세가율,72.1307
2014-10-01,경기,수원시 영통구,전세가율,전세가율,72.7254
2014-11-01,경기,수원시 영통구,전세가율,전세가율,74.5676
2014-12-01,경기,수원시 영통구,전세가율,전세가율,76.1499
2015-01-01,경기,수원시 영통구,전세가율,전세가율,77.0377
2015-02-01,경기,수원시 영통구,전세가율,전세가율,77.5409
2015-03-01,경기,수원시 영통구,전세가율,전세가율,77.9308
2015-04-01,경기,수원시 영통구,전세가율,전세가율,77.6021
2015-05-01,경기,수원시 영통구,전세가율,전세가율,77.3731
2015-06-01,경기,수원시 영통구,전세가율,전세가율,77.309
2015-07-01,경기,수원시 영통구,전세가율,전세가율,77.1599
2015-08-01,경기,수원시 영통구,전세가율,전세가율,77.1289
2015-09-01,경기,수원시 영통구,전세가율,전세가율,77.3813
2015-10-01,경기,수원시 영통구,전세가율,전세가율,77.5869
2015-11-01,경기,수원시 영통구,전세가율,전세가율,78.1496
2015-12-01,경기,수원시 영통구,전세가율,전세가율,78.9564
2016-01-01,경기,수원시 영통구,전세가율,전세가율,77.7234
2016-02-01,경기,수원시 영통구,전세가율,전세가율,77.7942
2016-03-01,경기,수원시 영통구,전세가율,전세가율,77.7942
2016-04-01,경기,수원시 영통구,전세가율,전세가율,78.2311
2016-05-01,경기,수원시 영통구,전세가율,전세가율,78.4962
2016-06-01,경기,수원시 영통구,전세가율,전세가율,78.5947
2016-07-01,경기,수원시 영통구,전세가율,전세가율,79.077
2016-08-01,경기,수원시 영통구,전세가율,전세가율,79.0363
2016-09-01,경기,수원시 영통구,전세가율,전세가율,79.3592
2016-10-01,경기,수원시 영통구,전세가율,전세가율,79.466
2016-11-01,경기,수원시 영통구,전세가율,전세가율,80.2029
2016-12-01,경기,수원시 영통구,전세가율,전세가율,80.4059
2017-01-01,경기,수원시 영통구,전세가율,전세가율,80.3734
2017-02-01,경기,수원시 영통구,전세가율,전세가율,80.3086
2017-03-01,경기,수원시 영통구,전세가율,전세가율,80.4619
2017-04-01,경기,수원시 영통구,전세가율,전세가율,80.14
2017-05-01,경기,수원시 영통구,전세가율,전세가율,80.1319
2017-06-01,경기,수원시 영통구,전세가율,전세가율,80.2998
2017-07-01,경기,수원시 영통구,전세가율,전세가율,80.2295
2017-08-01,경기,수원시 영통구,전세가율,전세가율,79.6741
2017-09-01,경기,수원시 영통구,전세가율,전세가율,79.4207
2017-10-01,경기,수원시 영통구,전세가율,전세가율,79.0023
2017-11-01,경기,수원시 영통구,전세가율,전세가율,78.428
2017-12-01,경기,수원시 영통구,전세가율,전세가율,78.3357
2018-01-01,경기,수원시 영통구,전세가율,전세가율,78.0843
2018-02-01,경기,수원시 영통구,전세가율,전세가율,77.4298
2018-03-01,경기,수원시 영통구,전세가율,전세가율,76.6591
2018-04-01,경기,수원시 영통구,전세가율,전세가율,75.4909
2018-05-01,경기,수원시 영통구,전세가율,전세가율,74.8303
2018-06-01,경기,수원시 영통구,전세가율,전세가율,73.7211
2018-07-01,경기,수원시 영통구,전세가율,전세가율,73.3022
2018-08-01,경기,수원시 영통구,전세가율,전세가율,73.2677
2018-09-01,경기,수원시 영통구,전세가율,전세가율,71.5346
2018-10-01,경기,수원시 영통구,전세가율,전세가율,70.98
2018-11-01,경기,수원시 영통구,전세가율,전세가율,70.5973
2018-12-01,경기,수원시 영통구,전세가율,전세가율,70.2967
2019-01-01,경기,수원시 영통구,전세가율,전세가율,71.0294
2019-02-01,경기,수원시 영통구,전세가율,전세가율,71.0294
2019-03-01,경기,수원시 영통구,전세가율,전세가율,70.4016
2019-04-01,경기,수원시 영통구,전세가율,전세가율,70.0708
2019-05-01,경기,수원시 영통구,전세가율,전세가율,69.7193
2019-06-01,경기,수원시 영통구,전세가율,전세가율,68.8901
2019-07-01,경기,수원시 영통구,전세가율,전세가율,68.5421
2019-08-01,경기,수원시 영통구,전세가율,전세가율,68.3828
2019-09-01,경기,수원시 영통구,전세가율,전세가율,68.4866
2019-10-01,경기,수원시 영통구,전세가율,전세가율,68.402
2019-11-01,경기,수원시 영통구,전세가율,전세가율,68.182
2019-12-01,경기,수원시 영통구,전세가율,전세가율,67.6169
2020-01-01,경기,수원시 영통구,전세가율,전세가율,66.7347
2020-02-01,경기,수원시 영통구,전세가율,전세가율,64.2715
2020-03-01,경기,수원시 영통구,전세가율,전세가율,64.2715
2020-04-01,경기,수원시 영통구,전세가율,전세가율,63.3669
2020-05-01,경기,수원시 영통구,전세가율,전세가율,63.6723
2020-06-01,경기,수원시 영통구,전세가율,전세가율,64.108
2020-07-01,경기,수원시 영통구,전세가율,전세가율,63.9211
2020-08-01,경기,수원시 영통구,전세가율,전세가율,63.7619
2020-09-01,경기,수원시 영통구,전세가율,전세가율,63.7619
2020-10-01,경기,수원시 영통구,전세가율,전세가율,68.8583
2020-11-01,경기,수원시 영통구,전세가율,전세가율,71.4531
2020-12-01,경기,수원시 영통구,전세가율,전세가율,71.3968
2021-01-01,경기,수원시 영통구,전세가율,전세가율,70.1985
2021-02-01,경기,수원시 영통구,전세가율,전세가율,68.2366
2021-03-01,경기,수원시 영통구,전세가율,전세가율,67.0229
2021-04-01,경기,수원시 영통구,전세가율,전세가율,66.154
2021-05-01,경기,수원시 영통구,전세가율,전세가율,65.6943
2021-06-01,경기,수원시 영통구,전세가율,전세가율,64.5061
2021-07-01,경기,수원시 영통구,전세가율,전세가율,63.333
2021-08-01,경기,수원시 영통구,전세가율,전세가율,62.4085
2021-09-01,경기,수원시 영통구,전세가율,전세가율,61.9537
2021-10-01,경기,수원시 영통구,전세가율,전세가율,61.374
2021-11-01,경기,수원시 영통구,전세가율,전세가율,60.5228
2021-12-01,경기,수원시 영통구,전세가율,전세가율,60.7831
2022-01-01,경기,수원시 영통구,전세가율,전세가율,60.8736
2022-02-01,경기,수원시 영통구,전세가율,전세가율,60.8158
2022-03-01,경기,수원시 영통구,전세가율,전세가율,60.9884
2022-04-01,경기,수원시 영통구,전세가율,전세가율,60.6384
2022-05-01,경기,수원시 영통구,전세가율,전세가율,60.6328
2022-06-01,경기,수원시 영통구,전세가율,전세가율,60.6472
2022-07-01,경기,수원시 영통구,전세가율,전세가율,60.5946
2022-08-01,경기,수원시 영통구,전세가율,전세가율,60.22
2022-09-01,경기,수원시 영통구,전세가율,전세가율,61.2068
2022-10-01,경기,수원시 영통구,전세가율,전세가율,61.2393
2022-11-01,경기,수원시 영통구,전세가율,전세가율,63.1865
2022-12-01,경기,수원시 영통구,전세가율,전세가율,62.9104
2023-01-01,경기,수원시 영통구,전세가율,전세가율,60.8936
2023-02-01,경기,수원시 영통구,전세가율,전세가율,60.0149
2023-03-01,경기,수원시 영통구,전세가율,전세가율,59.9961
2023-04-01,경기,수원시 영통구,전세가율,전세가율,60.0789
2023-05-01,경기,수원시 영통구,전세가율,전세가율,59.9275
2023-06-01,경기,수원시 영통구,전세가율,전세가율,59.9964
2023-07-01,경기,수원시 영통구,전세가율,전세가율,59.6289
2023-08-01,경기,수원시 영통구,전세가율,전세가율,59.3762
2023-09-01,경기,수원시 영통구,전세가율,전세가율,59.4464
2023-10-01,경기,수원시 영통구,전세가율,전세가율,59.4589
2023-11-01,경기,수원시 영통구,전세가율,전세가율,59.7173
2023-12-01,경기,수원시 영통구,전세가율,전세가율,60.1497
2024-01-01,경기,수원시 영통구,전세가율,전세가율,61.493
2024-02-01,경기,수원시 영통구,전세가율,전세가율,62.5693
2024-03-01,경기,수원시 영통구,전세가율,전세가율,63.3964
2024-04-01,경기,수원시 영통구,전세가율,전세가율,63.656
2024-05-01,경기,수원시 영통구,전세가율,전세가율,63.8812
2024-06-01,경기,수원시 영통구,전세가율,전세가율,64.1496
2024-07-01,경기,수원시 영통구,전세가율,전세가율,64.4515
2024-08-01,경기,수원시 영통구,전세가율,전세가율,64.5468
2024-09-01,경기,수원시 영통구,전세가율,전세가율,64.5443
2024-10-01,경기,수원시 영통구,전세가율,전세가율,64.6017
2024-11-01,경기,수원시 영통구,전세가율,전세가율,64.9679
2024-12-01,경기,수원시 영통구,전세가율,전세가율,65.1409
2025-01-01,경기,수원시 영통구,전세가율,전세가율,65.326
2025-02-01,경기,수원시 영통구,전세가율,전세가율,65.3607
2025-03-01,경기,수원시 영통구,전세가율,전세가율,65.4077
2025-04-01,경기,수원시 영통구,전세가율,전세가율,65.4599
2025-05-01,경기,수원시 영통구,전세가율,전세가율,65.4255
2025-06-01,경기,수원시 영통구,전세가율,전세가율,65.3521
2025-07-01,경기,수원시 영통구,전세가율,전세가율,65.1899
2025-08-01,경기,수원시 영통구,전세가율,전세가율,65.2508
2025-09-01,경기,수원시 영통구,전세가율,전세가율,65.145
2025-10-01,경기,수원시 영통구,전세가율,전세가율,65.1514
2025-11-01,경기,수원시 영통구,전세가율,전세가율,64.8143
2025-12-01,경기,수원시 영통구,전세가율,전세가율,64.9856
2026-01-01,경기,수원시 영통구,전세가율,전세가율,64.8717
2026-02-01,경기,수원시 영통구,전세가율,전세가율,65.0328
2026-03-01,경기,수원시 영통구,전세가율,전세가율,64.9844
2026-04-01,경기,수원시 영통구,전세가율,전세가율,65.0991
2026-05-01,경기,수원시 영통구,전세가율,전세가율,65.2791
2026-06-01,경기,수원시 영통구,전세가율,전세가율,65.2014
2013-04-01,경기,수원시 장안구,전세가율,전세가율,64.9582
2013-05-01,경기,수원시 장안구,전세가율,전세가율,65.0502
2013-06-01,경기,수원시 장안구,전세가율,전세가율,65.1476
2013-07-01,경기,수원시 장안구,전세가율,전세가율,65.3329
2013-08-01,경기,수원시 장안구,전세가율,전세가율,65.8607
2013-09-01,경기,수원시 장안구,전세가율,전세가율,66.2976
2013-10-01,경기,수원시 장안구,전세가율,전세가율,67.6964
2013-11-01,경기,수원시 장안구,전세가율,전세가율,68.55
2013-12-01,경기,수원시 장안구,전세가율,전세가율,70.1882
2014-01-01,경기,수원시 장안구,전세가율,전세가율,71.4694
2014-02-01,경기,수원시 장안구,전세가율,전세가율,72.0711
2014-03-01,경기,수원시 장안구,전세가율,전세가율,72.0952
2014-04-01,경기,수원시 장안구,전세가율,전세가율,72.001
2014-05-01,경기,수원시 장안구,전세가율,전세가율,72.2454
2014-06-01,경기,수원시 장안구,전세가율,전세가율,72.6136
2014-07-01,경기,수원시 장안구,전세가율,전세가율,72.9281
2014-08-01,경기,수원시 장안구,전세가율,전세가율,72.7435
2014-09-01,경기,수원시 장안구,전세가율,전세가율,72.6917
2014-10-01,경기,수원시 장안구,전세가율,전세가율,72.4619
2014-11-01,경기,수원시 장안구,전세가율,전세가율,73.1048
2014-12-01,경기,수원시 장안구,전세가율,전세가율,74.4839
2015-01-01,경기,수원시 장안구,전세가율,전세가율,74.7434
2015-02-01,경기,수원시 장안구,전세가율,전세가율,75.6014
2015-03-01,경기,수원시 장안구,전세가율,전세가율,76.2133
2015-04-01,경기,수원시 장안구,전세가율,전세가율,76.285
2015-05-01,경기,수원시 장안구,전세가율,전세가율,76.4377
2015-06-01,경기,수원시 장안구,전세가율,전세가율,76.8575
2015-07-01,경기,수원시 장안구,전세가율,전세가율,76.9151
2015-08-01,경기,수원시 장안구,전세가율,전세가율,77.0596
2015-09-01,경기,수원시 장안구,전세가율,전세가율,77.1627
2015-10-01,경기,수원시 장안구,전세가율,전세가율,77.9888
2015-11-01,경기,수원시 장안구,전세가율,전세가율,77.8956
2015-12-01,경기,수원시 장안구,전세가율,전세가율,78.579
2016-01-01,경기,수원시 장안구,전세가율,전세가율,79.0267
2016-02-01,경기,수원시 장안구,전세가율,전세가율,79.5228
2016-03-01,경기,수원시 장안구,전세가율,전세가율,79.5228
2016-04-01,경기,수원시 장안구,전세가율,전세가율,79.6291
2016-05-01,경기,수원시 장안구,전세가율,전세가율,79.7227
2016-06-01,경기,수원시 장안구,전세가율,전세가율,80.0054
2016-07-01,경기,수원시 장안구,전세가율,전세가율,80.1021
2016-08-01,경기,수원시 장안구,전세가율,전세가율,80.9291
2016-09-01,경기,수원시 장안구,전세가율,전세가율,81.2273
2016-10-01,경기,수원시 장안구,전세가율,전세가율,81.3209
2016-11-01,경기,수원시 장안구,전세가율,전세가율,81.903
2016-12-01,경기,수원시 장안구,전세가율,전세가율,81.8567
2017-01-01,경기,수원시 장안구,전세가율,전세가율,81.9182
2017-02-01,경기,수원시 장안구,전세가율,전세가율,81.9871
2017-03-01,경기,수원시 장안구,전세가율,전세가율,82.2166
2017-04-01,경기,수원시 장안구,전세가율,전세가율,82.0725
2017-05-01,경기,수원시 장안구,전세가율,전세가율,81.9721
2017-06-01,경기,수원시 장안구,전세가율,전세가율,81.7433
2017-07-01,경기,수원시 장안구,전세가율,전세가율,81.6189
2017-08-01,경기,수원시 장안구,전세가율,전세가율,81.6334
2017-09-01,경기,수원시 장안구,전세가율,전세가율,81.2181
2017-10-01,경기,수원시 장안구,전세가율,전세가율,80.9517
2017-11-01,경기,수원시 장안구,전세가율,전세가율,80.7429
2017-12-01,경기,수원시 장안구,전세가율,전세가율,80.653
2018-01-01,경기,수원시 장안구,전세가율,전세가율,80.7997
2018-02-01,경기,수원시 장안구,전세가율,전세가율,80.7558
2018-03-01,경기,수원시 장안구,전세가율,전세가율,80.7095
2018-04-01,경기,수원시 장안구,전세가율,전세가율,80.8998
2018-05-01,경기,수원시 장안구,전세가율,전세가율,80.8914
2018-06-01,경기,수원시 장안구,전세가율,전세가율,80.7794
2018-07-01,경기,수원시 장안구,전세가율,전세가율,80.7633
2018-08-01,경기,수원시 장안구,전세가율,전세가율,80.6112
2018-09-01,경기,수원시 장안구,전세가율,전세가율,80.5176
2018-10-01,경기,수원시 장안구,전세가율,전세가율,80.2619
2018-11-01,경기,수원시 장안구,전세가율,전세가율,79.683
2018-12-01,경기,수원시 장안구,전세가율,전세가율,79.5291
2019-01-01,경기,수원시 장안구,전세가율,전세가율,79.3918
2019-02-01,경기,수원시 장안구,전세가율,전세가율,79.3918
2019-03-01,경기,수원시 장안구,전세가율,전세가율,78.9139
2019-04-01,경기,수원시 장안구,전세가율,전세가율,79.0337
2019-05-01,경기,수원시 장안구,전세가율,전세가율,78.2218
2019-06-01,경기,수원시 장안구,전세가율,전세가율,78.2881
2019-07-01,경기,수원시 장안구,전세가율,전세가율,78.3271
2019-08-01,경기,수원시 장안구,전세가율,전세가율,78.1961
2019-09-01,경기,수원시 장안구,전세가율,전세가율,78.2231
2019-10-01,경기,수원시 장안구,전세가율,전세가율,78.1765
2019-11-01,경기,수원시 장안구,전세가율,전세가율,78.3983
2019-12-01,경기,수원시 장안구,전세가율,전세가율,78.5403
2020-01-01,경기,수원시 장안구,전세가율,전세가율,78.0695
2020-02-01,경기,수원시 장안구,전세가율,전세가율,75.9444
2020-03-01,경기,수원시 장안구,전세가율,전세가율,75.9444
2020-04-01,경기,수원시 장안구,전세가율,전세가율,72.7532
2020-05-01,경기,수원시 장안구,전세가율,전세가율,71.9102
2020-06-01,경기,수원시 장안구,전세가율,전세가율,71.3123
2020-07-01,경기,수원시 장안구,전세가율,전세가율,71.9187
2020-08-01,경기,수원시 장안구,전세가율,전세가율,71.5685
2020-09-01,경기,수원시 장안구,전세가율,전세가율,71.5685
2020-10-01,경기,수원시 장안구,전세가율,전세가율,72.2382
2020-11-01,경기,수원시 장안구,전세가율,전세가율,72.9492
2020-12-01,경기,수원시 장안구,전세가율,전세가율,73.1786
2021-01-01,경기,수원시 장안구,전세가율,전세가율,73.911
2021-02-01,경기,수원시 장안구,전세가율,전세가율,74.4204
2021-03-01,경기,수원시 장안구,전세가율,전세가율,73.8985
2021-04-01,경기,수원시 장안구,전세가율,전세가율,73.0371
2021-05-01,경기,수원시 장안구,전세가율,전세가율,71.9681
2021-06-01,경기,수원시 장안구,전세가율,전세가율,69.9119
2021-07-01,경기,수원시 장안구,전세가율,전세가율,68.7047
2021-08-01,경기,수원시 장안구,전세가율,전세가율,66.3625
2021-09-01,경기,수원시 장안구,전세가율,전세가율,65.5666
2021-10-01,경기,수원시 장안구,전세가율,전세가율,64.2917
2021-11-01,경기,수원시 장안구,전세가율,전세가율,63.4592
2021-12-01,경기,수원시 장안구,전세가율,전세가율,63.4465
2022-01-01,경기,수원시 장안구,전세가율,전세가율,63.3717
2022-02-01,경기,수원시 장안구,전세가율,전세가율,62.9481
2022-03-01,경기,수원시 장안구,전세가율,전세가율,62.9416
2022-04-01,경기,수원시 장안구,전세가율,전세가율,62.8625
2022-05-01,경기,수원시 장안구,전세가율,전세가율,63.0956
2022-06-01,경기,수원시 장안구,전세가율,전세가율,63.2045
2022-07-01,경기,수원시 장안구,전세가율,전세가율,63.2136
2022-08-01,경기,수원시 장안구,전세가율,전세가율,63.1633
2022-09-01,경기,수원시 장안구,전세가율,전세가율,62.9817
2022-10-01,경기,수원시 장안구,전세가율,전세가율,62.7134
2022-11-01,경기,수원시 장안구,전세가율,전세가율,61.2621
2022-12-01,경기,수원시 장안구,전세가율,전세가율,60.9021
2023-01-01,경기,수원시 장안구,전세가율,전세가율,61.0966
2023-02-01,경기,수원시 장안구,전세가율,전세가율,61.0328
2023-03-01,경기,수원시 장안구,전세가율,전세가율,61.7361
2023-04-01,경기,수원시 장안구,전세가율,전세가율,62.2433
2023-05-01,경기,수원시 장안구,전세가율,전세가율,62.615
2023-06-01,경기,수원시 장안구,전세가율,전세가율,62.5819
2023-07-01,경기,수원시 장안구,전세가율,전세가율,62.5046
2023-08-01,경기,수원시 장안구,전세가율,전세가율,61.8038
2023-09-01,경기,수원시 장안구,전세가율,전세가율,61.761
2023-10-01,경기,수원시 장안구,전세가율,전세가율,61.7081
2023-11-01,경기,수원시 장안구,전세가율,전세가율,61.7144
2023-12-01,경기,수원시 장안구,전세가율,전세가율,61.4868
2024-01-01,경기,수원시 장안구,전세가율,전세가율,61.391
2024-02-01,경기,수원시 장안구,전세가율,전세가율,61.4079
2024-03-01,경기,수원시 장안구,전세가율,전세가율,61.6433
2024-04-01,경기,수원시 장안구,전세가율,전세가율,61.7669
2024-05-01,경기,수원시 장안구,전세가율,전세가율,62.1032
2024-06-01,경기,수원시 장안구,전세가율,전세가율,62.5278
2024-07-01,경기,수원시 장안구,전세가율,전세가율,62.7976
2024-08-01,경기,수원시 장안구,전세가율,전세가율,62.7709
2024-09-01,경기,수원시 장안구,전세가율,전세가율,62.95
2024-10-01,경기,수원시 장안구,전세가율,전세가율,63.1106
2024-11-01,경기,수원시 장안구,전세가율,전세가율,63.5419
2024-12-01,경기,수원시 장안구,전세가율,전세가율,64.0187
2025-01-01,경기,수원시 장안구,전세가율,전세가율,64.5062
2025-02-01,경기,수원시 장안구,전세가율,전세가율,64.7573
2025-03-01,경기,수원시 장안구,전세가율,전세가율,64.8436
2025-04-01,경기,수원시 장안구,전세가율,전세가율,64.9467
2025-05-01,경기,수원시 장안구,전세가율,전세가율,65.0624
2025-06-01,경기,수원시 장안구,전세가율,전세가율,65.0524
2025-07-01,경기,수원시 장안구,전세가율,전세가율,64.955
2025-08-01,경기,수원시 장안구,전세가율,전세가율,64.9476
2025-09-01,경기,수원시 장안구,전세가율,전세가율,64.9804
2025-10-01,경기,수원시 장안구,전세가율,전세가율,65.1661
2025-11-01,경기,수원시 장안구,전세가율,전세가율,65.1521
2025-12-01,경기,수원시 장안구,전세가율,전세가율,64.9449
2026-01-01,경기,수원시 장안구,전세가율,전세가율,65.0255
2026-02-01,경기,수원시 장안구,전세가율,전세가율,65.0328
2026-03-01,경기,수원시 장안구,전세가율,전세가율,65.0922
2026-04-01,경기,수원시 장안구,전세가율,전세가율,65.0939
2026-05-01,경기,수원시 장안구,전세가율,전세가율,65.1751
2026-06-01,경기,수원시 장안구,전세가율,전세가율,65.2451
2013-04-01,경기,수원시 팔달구,전세가율,전세가율,61.1626
2013-05-01,경기,수원시 팔달구,전세가율,전세가율,61.3653
2013-06-01,경기,수원시 팔달구,전세가율,전세가율,61.6314
2013-07-01,경기,수원시 팔달구,전세가율,전세가율,61.9537
2013-08-01,경기,수원시 팔달구,전세가율,전세가율,62.722
2013-09-01,경기,수원시 팔달구,전세가율,전세가율,63.4705
2013-10-01,경기,수원시 팔달구,전세가율,전세가율,64.4706
2013-11-01,경기,수원시 팔달구,전세가율,전세가율,65.4227
2013-12-01,경기,수원시 팔달구,전세가율,전세가율,65.938
2014-01-01,경기,수원시 팔달구,전세가율,전세가율,66.3278
2014-02-01,경기,수원시 팔달구,전세가율,전세가율,67.146
2014-03-01,경기,수원시 팔달구,전세가율,전세가율,67.5915
2014-04-01,경기,수원시 팔달구,전세가율,전세가율,67.8349
2014-05-01,경기,수원시 팔달구,전세가율,전세가율,67.8087
2014-06-01,경기,수원시 팔달구,전세가율,전세가율,67.9709
2014-07-01,경기,수원시 팔달구,전세가율,전세가율,67.9671
2014-08-01,경기,수원시 팔달구,전세가율,전세가율,68.0669
2014-09-01,경기,수원시 팔달구,전세가율,전세가율,69.0664
2014-10-01,경기,수원시 팔달구,전세가율,전세가율,69.1562
2014-11-01,경기,수원시 팔달구,전세가율,전세가율,69.6519
2014-12-01,경기,수원시 팔달구,전세가율,전세가율,71.9551
2015-01-01,경기,수원시 팔달구,전세가율,전세가율,72.1141
2015-02-01,경기,수원시 팔달구,전세가율,전세가율,72.1581
2015-03-01,경기,수원시 팔달구,전세가율,전세가율,72.2102
2015-04-01,경기,수원시 팔달구,전세가율,전세가율,72.8045
2015-05-01,경기,수원시 팔달구,전세가율,전세가율,73.6494
2015-06-01,경기,수원시 팔달구,전세가율,전세가율,73.5805
2015-07-01,경기,수원시 팔달구,전세가율,전세가율,74.1597
2015-08-01,경기,수원시 팔달구,전세가율,전세가율,74.3114
2015-09-01,경기,수원시 팔달구,전세가율,전세가율,74.5469
2015-10-01,경기,수원시 팔달구,전세가율,전세가율,75.0083
2015-11-01,경기,수원시 팔달구,전세가율,전세가율,75.1417
2015-12-01,경기,수원시 팔달구,전세가율,전세가율,75.4622
2016-01-01,경기,수원시 팔달구,전세가율,전세가율,76.2368
2016-02-01,경기,수원시 팔달구,전세가율,전세가율,76.1874
2016-03-01,경기,수원시 팔달구,전세가율,전세가율,76.1874
2016-04-01,경기,수원시 팔달구,전세가율,전세가율,76.9614
2016-05-01,경기,수원시 팔달구,전세가율,전세가율,77.4174
2016-06-01,경기,수원시 팔달구,전세가율,전세가율,77.6081
2016-07-01,경기,수원시 팔달구,전세가율,전세가율,77.9816
2016-08-01,경기,수원시 팔달구,전세가율,전세가율,78.0352
2016-09-01,경기,수원시 팔달구,전세가율,전세가율,78.0555
2016-10-01,경기,수원시 팔달구,전세가율,전세가율,78.0225
2016-11-01,경기,수원시 팔달구,전세가율,전세가율,78.334
2016-12-01,경기,수원시 팔달구,전세가율,전세가율,78.2906
2017-01-01,경기,수원시 팔달구,전세가율,전세가율,78.3282
2017-02-01,경기,수원시 팔달구,전세가율,전세가율,78.0163
2017-03-01,경기,수원시 팔달구,전세가율,전세가율,78.0265
2017-04-01,경기,수원시 팔달구,전세가율,전세가율,78.0695
2017-05-01,경기,수원시 팔달구,전세가율,전세가율,77.8452
2017-06-01,경기,수원시 팔달구,전세가율,전세가율,77.6389
2017-07-01,경기,수원시 팔달구,전세가율,전세가율,77.3748
2017-08-01,경기,수원시 팔달구,전세가율,전세가율,77.3533
2017-09-01,경기,수원시 팔달구,전세가율,전세가율,77.2012
2017-10-01,경기,수원시 팔달구,전세가율,전세가율,76.9689
2017-11-01,경기,수원시 팔달구,전세가율,전세가율,77.2509
2017-12-01,경기,수원시 팔달구,전세가율,전세가율,76.9486
2018-01-01,경기,수원시 팔달구,전세가율,전세가율,77.1424
2018-02-01,경기,수원시 팔달구,전세가율,전세가율,77.1318
2018-03-01,경기,수원시 팔달구,전세가율,전세가율,76.8696
2018-04-01,경기,수원시 팔달구,전세가율,전세가율,76.8385
2018-05-01,경기,수원시 팔달구,전세가율,전세가율,76.7638
2018-06-01,경기,수원시 팔달구,전세가율,전세가율,76.8788
2018-07-01,경기,수원시 팔달구,전세가율,전세가율,76.3178
2018-08-01,경기,수원시 팔달구,전세가율,전세가율,76.0033
2018-09-01,경기,수원시 팔달구,전세가율,전세가율,75.2521
2018-10-01,경기,수원시 팔달구,전세가율,전세가율,75.0931
2018-11-01,경기,수원시 팔달구,전세가율,전세가율,74.4781
2018-12-01,경기,수원시 팔달구,전세가율,전세가율,73.914
2019-01-01,경기,수원시 팔달구,전세가율,전세가율,73.3306
2019-02-01,경기,수원시 팔달구,전세가율,전세가율,73.3306
2019-03-01,경기,수원시 팔달구,전세가율,전세가율,72.8118
2019-04-01,경기,수원시 팔달구,전세가율,전세가율,72.7905
2019-05-01,경기,수원시 팔달구,전세가율,전세가율,72.1405
2019-06-01,경기,수원시 팔달구,전세가율,전세가율,71.7072
2019-07-01,경기,수원시 팔달구,전세가율,전세가율,71.4674
2019-08-01,경기,수원시 팔달구,전세가율,전세가율,71.3944
2019-09-01,경기,수원시 팔달구,전세가율,전세가율,71.2646
2019-10-01,경기,수원시 팔달구,전세가율,전세가율,71.2704
2019-11-01,경기,수원시 팔달구,전세가율,전세가율,70.4794
2019-12-01,경기,수원시 팔달구,전세가율,전세가율,69.1725
2020-01-01,경기,수원시 팔달구,전세가율,전세가율,68.0341
2020-02-01,경기,수원시 팔달구,전세가율,전세가율,64.693
2020-03-01,경기,수원시 팔달구,전세가율,전세가율,64.693
2020-04-01,경기,수원시 팔달구,전세가율,전세가율,61.8053
2020-05-01,경기,수원시 팔달구,전세가율,전세가율,61.3667
2020-06-01,경기,수원시 팔달구,전세가율,전세가율,61.318
2020-07-01,경기,수원시 팔달구,전세가율,전세가율,61.1162
2020-08-01,경기,수원시 팔달구,전세가율,전세가율,60.8716
2020-09-01,경기,수원시 팔달구,전세가율,전세가율,60.8716
2020-10-01,경기,수원시 팔달구,전세가율,전세가율,63.2358
2020-11-01,경기,수원시 팔달구,전세가율,전세가율,65.0194
2020-12-01,경기,수원시 팔달구,전세가율,전세가율,65.3345
2021-01-01,경기,수원시 팔달구,전세가율,전세가율,64.9598
2021-02-01,경기,수원시 팔달구,전세가율,전세가율,64.9391
2021-03-01,경기,수원시 팔달구,전세가율,전세가율,64.414
2021-04-01,경기,수원시 팔달구,전세가율,전세가율,63.388
2021-05-01,경기,수원시 팔달구,전세가율,전세가율,62.7915
2021-06-01,경기,수원시 팔달구,전세가율,전세가율,61.0121
2021-07-01,경기,수원시 팔달구,전세가율,전세가율,60.292
2021-08-01,경기,수원시 팔달구,전세가율,전세가율,59.3456
2021-09-01,경기,수원시 팔달구,전세가율,전세가율,57.9646
2021-10-01,경기,수원시 팔달구,전세가율,전세가율,57.4443
2021-11-01,경기,수원시 팔달구,전세가율,전세가율,56.4428
2021-12-01,경기,수원시 팔달구,전세가율,전세가율,56.3599
2022-01-01,경기,수원시 팔달구,전세가율,전세가율,56.4805
2022-02-01,경기,수원시 팔달구,전세가율,전세가율,56.7089
2022-03-01,경기,수원시 팔달구,전세가율,전세가율,57.0281
2022-04-01,경기,수원시 팔달구,전세가율,전세가율,57.6559
2022-05-01,경기,수원시 팔달구,전세가율,전세가율,57.8338
2022-06-01,경기,수원시 팔달구,전세가율,전세가율,57.8841
2022-07-01,경기,수원시 팔달구,전세가율,전세가율,57.794
2022-08-01,경기,수원시 팔달구,전세가율,전세가율,57.6934
2022-09-01,경기,수원시 팔달구,전세가율,전세가율,57.6864
2022-10-01,경기,수원시 팔달구,전세가율,전세가율,57.7093
2022-11-01,경기,수원시 팔달구,전세가율,전세가율,55.6562
2022-12-01,경기,수원시 팔달구,전세가율,전세가율,55.578
2023-01-01,경기,수원시 팔달구,전세가율,전세가율,54.9856
2023-02-01,경기,수원시 팔달구,전세가율,전세가율,54.3224
2023-03-01,경기,수원시 팔달구,전세가율,전세가율,54.2449
2023-04-01,경기,수원시 팔달구,전세가율,전세가율,54.4826
2023-05-01,경기,수원시 팔달구,전세가율,전세가율,54.2448
2023-06-01,경기,수원시 팔달구,전세가율,전세가율,54.4306
2023-07-01,경기,수원시 팔달구,전세가율,전세가율,54.4484
2023-08-01,경기,수원시 팔달구,전세가율,전세가율,54.2974
2023-09-01,경기,수원시 팔달구,전세가율,전세가율,54.2438
2023-10-01,경기,수원시 팔달구,전세가율,전세가율,54.2213
2023-11-01,경기,수원시 팔달구,전세가율,전세가율,54.5076
2023-12-01,경기,수원시 팔달구,전세가율,전세가율,55.2182
2024-01-01,경기,수원시 팔달구,전세가율,전세가율,55.7903
2024-02-01,경기,수원시 팔달구,전세가율,전세가율,56.3636
2024-03-01,경기,수원시 팔달구,전세가율,전세가율,56.5766
2024-04-01,경기,수원시 팔달구,전세가율,전세가율,57.0239
2024-05-01,경기,수원시 팔달구,전세가율,전세가율,57.2553
2024-06-01,경기,수원시 팔달구,전세가율,전세가율,57.2534
2024-07-01,경기,수원시 팔달구,전세가율,전세가율,57.4165
2024-08-01,경기,수원시 팔달구,전세가율,전세가율,57.7643
2024-09-01,경기,수원시 팔달구,전세가율,전세가율,58.2469
2024-10-01,경기,수원시 팔달구,전세가율,전세가율,58.3752
2024-11-01,경기,수원시 팔달구,전세가율,전세가율,58.4834
2024-12-01,경기,수원시 팔달구,전세가율,전세가율,58.6807
2025-01-01,경기,수원시 팔달구,전세가율,전세가율,58.7071
2025-02-01,경기,수원시 팔달구,전세가율,전세가율,58.8654
2025-03-01,경기,수원시 팔달구,전세가율,전세가율,58.9507
2025-04-01,경기,수원시 팔달구,전세가율,전세가율,58.999
2025-05-01,경기,수원시 팔달구,전세가율,전세가율,59.2755
2025-06-01,경기,수원시 팔달구,전세가율,전세가율,59.2087
2025-07-01,경기,수원시 팔달구,전세가율,전세가율,59.0207
2025-08-01,경기,수원시 팔달구,전세가율,전세가율,58.9406
2025-09-01,경기,수원시 팔달구,전세가율,전세가율,58.9713
2025-10-01,경기,수원시 팔달구,전세가율,전세가율,58.8389
2025-11-01,경기,수원시 팔달구,전세가율,전세가율,58.805
2025-12-01,경기,수원시 팔달구,전세가율,전세가율,59.5378
2026-01-01,경기,수원시 팔달구,전세가율,전세가율,59.7061
2026-02-01,경기,수원시 팔달구,전세가율,전세가율,59.7277
2026-03-01,경기,수원시 팔달구,전세가율,전세가율,59.6605
2026-04-01,경기,수원시 팔달구,전세가율,전세가율,59.8266
2026-05-01,경기,수원시 팔달구,전세가율,전세가율,60.1538
2026-06-01,경기,수원시 팔달구,전세가율,전세가율,59.9438
2013-04-01,경기,시흥시,전세가율,전세가율,54.5425
2013-05-01,경기,시흥시,전세가율,전세가율,54.7822
2013-06-01,경기,시흥시,전세가율,전세가율,55.3391
2013-07-01,경기,시흥시,전세가율,전세가율,55.9887
2013-08-01,경기,시흥시,전세가율,전세가율,56.7205
2013-09-01,경기,시흥시,전세가율,전세가율,57.2436
2013-10-01,경기,시흥시,전세가율,전세가율,58.7549
2013-11-01,경기,시흥시,전세가율,전세가율,59.2091
2013-12-01,경기,시흥시,전세가율,전세가율,59.8084
2014-01-01,경기,시흥시,전세가율,전세가율,60.1595
2014-02-01,경기,시흥시,전세가율,전세가율,61.0429
2014-03-01,경기,시흥시,전세가율,전세가율,61.6115
2014-04-01,경기,시흥시,전세가율,전세가율,62.9294
2014-05-01,경기,시흥시,전세가율,전세가율,63.1545
2014-06-01,경기,시흥시,전세가율,전세가율,63.274
2014-07-01,경기,시흥시,전세가율,전세가율,63.3948
2014-08-01,경기,시흥시,전세가율,전세가율,63.5529
2014-09-01,경기,시흥시,전세가율,전세가율,64.3213
2014-10-01,경기,시흥시,전세가율,전세가율,64.6
2014-11-01,경기,시흥시,전세가율,전세가율,65.238
2014-12-01,경기,시흥시,전세가율,전세가율,65.245
2015-01-01,경기,시흥시,전세가율,전세가율,65.8617
2015-02-01,경기,시흥시,전세가율,전세가율,65.8169
2015-03-01,경기,시흥시,전세가율,전세가율,65.7331
2015-04-01,경기,시흥시,전세가율,전세가율,67.0175
2015-05-01,경기,시흥시,전세가율,전세가율,67.7136
2015-06-01,경기,시흥시,전세가율,전세가율,68.6071
2015-07-01,경기,시흥시,전세가율,전세가율,69.0765
2015-08-01,경기,시흥시,전세가율,전세가율,69.5545
2015-09-01,경기,시흥시,전세가율,전세가율,69.8046
2015-10-01,경기,시흥시,전세가율,전세가율,70.518
2015-11-01,경기,시흥시,전세가율,전세가율,71.0009
2015-12-01,경기,시흥시,전세가율,전세가율,70.9426
2016-01-01,경기,시흥시,전세가율,전세가율,73.6265
2016-02-01,경기,시흥시,전세가율,전세가율,74.2536
2016-03-01,경기,시흥시,전세가율,전세가율,74.2536
2016-04-01,경기,시흥시,전세가율,전세가율,75.5484
2016-05-01,경기,시흥시,전세가율,전세가율,76.3025
2016-06-01,경기,시흥시,전세가율,전세가율,76.3565
2016-07-01,경기,시흥시,전세가율,전세가율,76.6969
2016-08-01,경기,시흥시,전세가율,전세가율,76.6396
2016-09-01,경기,시흥시,전세가율,전세가율,76.4602
2016-10-01,경기,시흥시,전세가율,전세가율,76.2637
2016-11-01,경기,시흥시,전세가율,전세가율,75.9865
2016-12-01,경기,시흥시,전세가율,전세가율,76.1201
2017-01-01,경기,시흥시,전세가율,전세가율,76.1879
2017-02-01,경기,시흥시,전세가율,전세가율,76.4482
2017-03-01,경기,시흥시,전세가율,전세가율,77.2687
2017-04-01,경기,시흥시,전세가율,전세가율,77.0745
2017-05-01,경기,시흥시,전세가율,전세가율,77.0137
2017-06-01,경기,시흥시,전세가율,전세가율,77.0987
2017-07-01,경기,시흥시,전세가율,전세가율,77.0915
2017-08-01,경기,시흥시,전세가율,전세가율,76.9623
2017-09-01,경기,시흥시,전세가율,전세가율,76.7782
2017-10-01,경기,시흥시,전세가율,전세가율,76.7957
2017-11-01,경기,시흥시,전세가율,전세가율,76.7726
2017-12-01,경기,시흥시,전세가율,전세가율,76.3337
2018-01-01,경기,시흥시,전세가율,전세가율,75.817
2018-02-01,경기,시흥시,전세가율,전세가율,75.7853
2018-03-01,경기,시흥시,전세가율,전세가율,75.4609
2018-04-01,경기,시흥시,전세가율,전세가율,74.6884
2018-05-01,경기,시흥시,전세가율,전세가율,74.3985
2018-06-01,경기,시흥시,전세가율,전세가율,73.9511
2018-07-01,경기,시흥시,전세가율,전세가율,73.6675
2018-08-01,경기,시흥시,전세가율,전세가율,73.5058
2018-09-01,경기,시흥시,전세가율,전세가율,73.5605
2018-10-01,경기,시흥시,전세가율,전세가율,73.7085
2018-11-01,경기,시흥시,전세가율,전세가율,73.2285
2018-12-01,경기,시흥시,전세가율,전세가율,73.1073
2019-01-01,경기,시흥시,전세가율,전세가율,73.4365
2019-02-01,경기,시흥시,전세가율,전세가율,73.4365
2019-03-01,경기,시흥시,전세가율,전세가율,73.1355
2019-04-01,경기,시흥시,전세가율,전세가율,72.8407
2019-05-01,경기,시흥시,전세가율,전세가율,72.811
2019-06-01,경기,시흥시,전세가율,전세가율,72.9453
2019-07-01,경기,시흥시,전세가율,전세가율,73.0719
2019-08-01,경기,시흥시,전세가율,전세가율,72.9753
2019-09-01,경기,시흥시,전세가율,전세가율,73.165
2019-10-01,경기,시흥시,전세가율,전세가율,73.1324
2019-11-01,경기,시흥시,전세가율,전세가율,73.0967
2019-12-01,경기,시흥시,전세가율,전세가율,73.1133
2020-01-01,경기,시흥시,전세가율,전세가율,73.0881
2020-02-01,경기,시흥시,전세가율,전세가율,72.8417
2020-03-01,경기,시흥시,전세가율,전세가율,72.8417
2020-04-01,경기,시흥시,전세가율,전세가율,71.3951
2020-05-01,경기,시흥시,전세가율,전세가율,71.1625
2020-06-01,경기,시흥시,전세가율,전세가율,70.4585
2020-07-01,경기,시흥시,전세가율,전세가율,69.9897
2020-08-01,경기,시흥시,전세가율,전세가율,69.7164
2020-09-01,경기,시흥시,전세가율,전세가율,69.7164
2020-10-01,경기,시흥시,전세가율,전세가율,69.8227
2020-11-01,경기,시흥시,전세가율,전세가율,70.4154
2020-12-01,경기,시흥시,전세가율,전세가율,70.2038
2021-01-01,경기,시흥시,전세가율,전세가율,70.5465
2021-02-01,경기,시흥시,전세가율,전세가율,69.9889
2021-03-01,경기,시흥시,전세가율,전세가율,68.3229
2021-04-01,경기,시흥시,전세가율,전세가율,66.1542
2021-05-01,경기,시흥시,전세가율,전세가율,67.2547
2021-06-01,경기,시흥시,전세가율,전세가율,65.5058
2021-07-01,경기,시흥시,전세가율,전세가율,66.3018
2021-08-01,경기,시흥시,전세가율,전세가율,67.4697
2021-09-01,경기,시흥시,전세가율,전세가율,66.5811
2021-10-01,경기,시흥시,전세가율,전세가율,67.2847
2021-11-01,경기,시흥시,전세가율,전세가율,68.7381
2021-12-01,경기,시흥시,전세가율,전세가율,68.8187
2022-01-01,경기,시흥시,전세가율,전세가율,69.0923
2022-02-01,경기,시흥시,전세가율,전세가율,68.68
2022-03-01,경기,시흥시,전세가율,전세가율,68.813
2022-04-01,경기,시흥시,전세가율,전세가율,68.8205
2022-05-01,경기,시흥시,전세가율,전세가율,69.6154
2022-06-01,경기,시흥시,전세가율,전세가율,69.6278
2022-07-01,경기,시흥시,전세가율,전세가율,69.7051
2022-08-01,경기,시흥시,전세가율,전세가율,70.3547
2022-09-01,경기,시흥시,전세가율,전세가율,70.312
2022-10-01,경기,시흥시,전세가율,전세가율,70.3462
2022-11-01,경기,시흥시,전세가율,전세가율,66.8624
2022-12-01,경기,시흥시,전세가율,전세가율,65.3031
2023-01-01,경기,시흥시,전세가율,전세가율,63.7417
2023-02-01,경기,시흥시,전세가율,전세가율,62.0103
2023-03-01,경기,시흥시,전세가율,전세가율,61.7909
2023-04-01,경기,시흥시,전세가율,전세가율,61.4269
2023-05-01,경기,시흥시,전세가율,전세가율,61.2139
2023-06-01,경기,시흥시,전세가율,전세가율,61.2831
2023-07-01,경기,시흥시,전세가율,전세가율,61.647
2023-08-01,경기,시흥시,전세가율,전세가율,62.0518
2023-09-01,경기,시흥시,전세가율,전세가율,62.3202
2023-10-01,경기,시흥시,전세가율,전세가율,62.6797
2023-11-01,경기,시흥시,전세가율,전세가율,62.8545
2023-12-01,경기,시흥시,전세가율,전세가율,63.0586
2024-01-01,경기,시흥시,전세가율,전세가율,63.2521
2024-02-01,경기,시흥시,전세가율,전세가율,63.6691
2024-03-01,경기,시흥시,전세가율,전세가율,64.2618
2024-04-01,경기,시흥시,전세가율,전세가율,64.9047
2024-05-01,경기,시흥시,전세가율,전세가율,65.3392
2024-06-01,경기,시흥시,전세가율,전세가율,65.7913
2024-07-01,경기,시흥시,전세가율,전세가율,66.1016
2024-08-01,경기,시흥시,전세가율,전세가율,66.215
2024-09-01,경기,시흥시,전세가율,전세가율,66.3711
2024-10-01,경기,시흥시,전세가율,전세가율,66.637
2024-11-01,경기,시흥시,전세가율,전세가율,66.7925
2024-12-01,경기,시흥시,전세가율,전세가율,66.9012
2025-01-01,경기,시흥시,전세가율,전세가율,67.045
2025-02-01,경기,시흥시,전세가율,전세가율,67.2644
2025-03-01,경기,시흥시,전세가율,전세가율,67.268
2025-04-01,경기,시흥시,전세가율,전세가율,67.3968
2025-05-01,경기,시흥시,전세가율,전세가율,67.4544
2025-06-01,경기,시흥시,전세가율,전세가율,67.5224
2025-07-01,경기,시흥시,전세가율,전세가율,67.6199
2025-08-01,경기,시흥시,전세가율,전세가율,67.7466
2025-09-01,경기,시흥시,전세가율,전세가율,67.7565
2025-10-01,경기,시흥시,전세가율,전세가율,67.8291
2025-11-01,경기,시흥시,전세가율,전세가율,67.8295
2025-12-01,경기,시흥시,전세가율,전세가율,67.8572
2026-01-01,경기,시흥시,전세가율,전세가율,67.8749
2026-02-01,경기,시흥시,전세가율,전세가율,67.9404
2026-03-01,경기,시흥시,전세가율,전세가율,68.1795
2026-04-01,경기,시흥시,전세가율,전세가율,68.3258
2026-05-01,경기,시흥시,전세가율,전세가율,68.6141
2026-06-01,경기,시흥시,전세가율,전세가율,69.0102
2013-04-01,경기,안산시,전세가율,전세가율,61.1845
2013-05-01,경기,안산시,전세가율,전세가율,61.776
2013-06-01,경기,안산시,전세가율,전세가율,62.1039
2013-07-01,경기,안산시,전세가율,전세가율,62.2881
2013-08-01,경기,안산시,전세가율,전세가율,62.5986
2013-09-01,경기,안산시,전세가율,전세가율,63.5852
2013-10-01,경기,안산시,전세가율,전세가율,64.7843
2013-11-01,경기,안산시,전세가율,전세가율,65.4267
2013-12-01,경기,안산시,전세가율,전세가율,65.7565
2014-01-01,경기,안산시,전세가율,전세가율,65.9292
2014-02-01,경기,안산시,전세가율,전세가율,66.5179
2014-03-01,경기,안산시,전세가율,전세가율,66.4852
2014-04-01,경기,안산시,전세가율,전세가율,66.727
2014-05-01,경기,안산시,전세가율,전세가율,66.7471
2014-06-01,경기,안산시,전세가율,전세가율,67.0159
2014-07-01,경기,안산시,전세가율,전세가율,67.1345
2014-08-01,경기,안산시,전세가율,전세가율,67.3213
2014-09-01,경기,안산시,전세가율,전세가율,67.1204
2014-10-01,경기,안산시,전세가율,전세가율,67.0972
2014-11-01,경기,안산시,전세가율,전세가율,67.5209
2014-12-01,경기,안산시,전세가율,전세가율,67.9032
2015-01-01,경기,안산시,전세가율,전세가율,68.0567
2015-02-01,경기,안산시,전세가율,전세가율,69.3369
2015-03-01,경기,안산시,전세가율,전세가율,69.6478
2015-04-01,경기,안산시,전세가율,전세가율,70.3085
2015-05-01,경기,안산시,전세가율,전세가율,70.4479
2015-06-01,경기,안산시,전세가율,전세가율,71.6576
2015-07-01,경기,안산시,전세가율,전세가율,72.323
2015-08-01,경기,안산시,전세가율,전세가율,72.3054
2015-09-01,경기,안산시,전세가율,전세가율,72.8732
2015-10-01,경기,안산시,전세가율,전세가율,72.4928
2015-11-01,경기,안산시,전세가율,전세가율,72.9482
2015-12-01,경기,안산시,전세가율,전세가율,73.5923
2016-01-01,경기,안산시,전세가율,전세가율,73.2599
2016-02-01,경기,안산시,전세가율,전세가율,73.542
2016-03-01,경기,안산시,전세가율,전세가율,73.6355
2016-04-01,경기,안산시,전세가율,전세가율,73.7352
2016-05-01,경기,안산시,전세가율,전세가율,73.8569
2016-06-01,경기,안산시,전세가율,전세가율,74.3055
2016-07-01,경기,안산시,전세가율,전세가율,75.0953
2016-08-01,경기,안산시,전세가율,전세가율,75.357
2016-09-01,경기,안산시,전세가율,전세가율,75.5748
2016-10-01,경기,안산시,전세가율,전세가율,76.0034
2016-11-01,경기,안산시,전세가율,전세가율,76.174
2016-12-01,경기,안산시,전세가율,전세가율,76.5221
2017-01-01,경기,안산시,전세가율,전세가율,76.6679
2017-02-01,경기,안산시,전세가율,전세가율,76.8241
2017-03-01,경기,안산시,전세가율,전세가율,76.8683
2017-04-01,경기,안산시,전세가율,전세가율,77.0476
2017-05-01,경기,안산시,전세가율,전세가율,77.1914
2017-06-01,경기,안산시,전세가율,전세가율,77.4014
2017-07-01,경기,안산시,전세가율,전세가율,77.4612
2017-08-01,경기,안산시,전세가율,전세가율,77.3913
2017-09-01,경기,안산시,전세가율,전세가율,77.3779
2017-10-01,경기,안산시,전세가율,전세가율,77.4941
2017-11-01,경기,안산시,전세가율,전세가율,77.4525
2017-12-01,경기,안산시,전세가율,전세가율,77.3799
2018-01-01,경기,안산시,전세가율,전세가율,77.188
2018-02-01,경기,안산시,전세가율,전세가율,76.8805
2018-03-01,경기,안산시,전세가율,전세가율,76.7098
2018-04-01,경기,안산시,전세가율,전세가율,75.7571
2018-05-01,경기,안산시,전세가율,전세가율,74.9692
2018-06-01,경기,안산시,전세가율,전세가율,74.7667
2018-07-01,경기,안산시,전세가율,전세가율,73.5518
2018-08-01,경기,안산시,전세가율,전세가율,73.4733
2018-09-01,경기,안산시,전세가율,전세가율,73.246
2018-10-01,경기,안산시,전세가율,전세가율,73.4546
2018-11-01,경기,안산시,전세가율,전세가율,72.8934
2018-12-01,경기,안산시,전세가율,전세가율,72.7046
2019-01-01,경기,안산시,전세가율,전세가율,72.9673
2019-02-01,경기,안산시,전세가율,전세가율,73.0466
2019-03-01,경기,안산시,전세가율,전세가율,73.2614
2019-04-01,경기,안산시,전세가율,전세가율,73.6121
2019-05-01,경기,안산시,전세가율,전세가율,73.6857
2019-06-01,경기,안산시,전세가율,전세가율,74.1416
2019-07-01,경기,안산시,전세가율,전세가율,74.1498
2019-08-01,경기,안산시,전세가율,전세가율,74.3252
2019-09-01,경기,안산시,전세가율,전세가율,74.3817
2019-10-01,경기,안산시,전세가율,전세가율,74.3977
2019-11-01,경기,안산시,전세가율,전세가율,74.5591
2019-12-01,경기,안산시,전세가율,전세가율,74.2522
2020-01-01,경기,안산시,전세가율,전세가율,73.9301
2020-02-01,경기,안산시,전세가율,전세가율,73.1529
2020-03-01,경기,안산시,전세가율,전세가율,71.2858
2020-04-01,경기,안산시,전세가율,전세가율,70.2403
2020-05-01,경기,안산시,전세가율,전세가율,69.6671
2020-06-01,경기,안산시,전세가율,전세가율,68.6333
2020-07-01,경기,안산시,전세가율,전세가율,67.5423
2020-08-01,경기,안산시,전세가율,전세가율,67.7178
2020-09-01,경기,안산시,전세가율,전세가율,68.8363
2020-10-01,경기,안산시,전세가율,전세가율,70.5002
2020-11-01,경기,안산시,전세가율,전세가율,71.2341
2020-12-01,경기,안산시,전세가율,전세가율,71.8637
2021-01-01,경기,안산시,전세가율,전세가율,71.212
2021-02-01,경기,안산시,전세가율,전세가율,70.326
2021-03-01,경기,안산시,전세가율,전세가율,68.1084
2021-04-01,경기,안산시,전세가율,전세가율,64.5297
2021-05-01,경기,안산시,전세가율,전세가율,61.2976
2021-06-01,경기,안산시,전세가율,전세가율,60.2891
2021-07-01,경기,안산시,전세가율,전세가율,60.5217
2021-08-01,경기,안산시,전세가율,전세가율,64.0421
2021-09-01,경기,안산시,전세가율,전세가율,64.5166
2021-10-01,경기,안산시,전세가율,전세가율,64.3366
2021-11-01,경기,안산시,전세가율,전세가율,64.2293
2021-12-01,경기,안산시,전세가율,전세가율,64.2391
2022-01-01,경기,안산시,전세가율,전세가율,64.4712
2022-02-01,경기,안산시,전세가율,전세가율,64.8631
2022-03-01,경기,안산시,전세가율,전세가율,65.0799
2022-04-01,경기,안산시,전세가율,전세가율,64.8725
2022-05-01,경기,안산시,전세가율,전세가율,64.9837
2022-06-01,경기,안산시,전세가율,전세가율,64.9954
2022-07-01,경기,안산시,전세가율,전세가율,65.1106
2022-08-01,경기,안산시,전세가율,전세가율,65.0694
2022-09-01,경기,안산시,전세가율,전세가율,65.1153
2022-10-01,경기,안산시,전세가율,전세가율,64.9336
2022-11-01,경기,안산시,전세가율,전세가율,63.3284
2022-12-01,경기,안산시,전세가율,전세가율,62.7978
2023-01-01,경기,안산시,전세가율,전세가율,61.0132
2023-02-01,경기,안산시,전세가율,전세가율,59.3612
2023-03-01,경기,안산시,전세가율,전세가율,58.9847
2023-04-01,경기,안산시,전세가율,전세가율,58.5208
2023-05-01,경기,안산시,전세가율,전세가율,58.1509
2023-06-01,경기,안산시,전세가율,전세가율,58.186
2023-07-01,경기,안산시,전세가율,전세가율,57.9136
2023-08-01,경기,안산시,전세가율,전세가율,58.1246
2023-09-01,경기,안산시,전세가율,전세가율,58.3966
2023-10-01,경기,안산시,전세가율,전세가율,58.5568
2023-11-01,경기,안산시,전세가율,전세가율,58.918
2023-12-01,경기,안산시,전세가율,전세가율,59.0968
2024-01-01,경기,안산시,전세가율,전세가율,59.2599
2024-02-01,경기,안산시,전세가율,전세가율,59.3613
2024-03-01,경기,안산시,전세가율,전세가율,59.5915
2024-04-01,경기,안산시,전세가율,전세가율,59.9198
2024-05-01,경기,안산시,전세가율,전세가율,60.1441
2024-06-01,경기,안산시,전세가율,전세가율,60.2986
2024-07-01,경기,안산시,전세가율,전세가율,60.8029
2024-08-01,경기,안산시,전세가율,전세가율,61.0899
2024-09-01,경기,안산시,전세가율,전세가율,61.4147
2024-10-01,경기,안산시,전세가율,전세가율,61.7597
2024-11-01,경기,안산시,전세가율,전세가율,61.9903
2024-12-01,경기,안산시,전세가율,전세가율,62.8462
2025-01-01,경기,안산시,전세가율,전세가율,63.0414
2025-02-01,경기,안산시,전세가율,전세가율,63.221
2025-03-01,경기,안산시,전세가율,전세가율,63.4258
2025-04-01,경기,안산시,전세가율,전세가율,63.536
2025-05-01,경기,안산시,전세가율,전세가율,63.5459
2025-06-01,경기,안산시,전세가율,전세가율,63.5383
2025-07-01,경기,안산시,전세가율,전세가율,63.4855
2025-08-01,경기,안산시,전세가율,전세가율,63.3982
2025-09-01,경기,안산시,전세가율,전세가율,63.4453
2025-10-01,경기,안산시,전세가율,전세가율,63.5017
2025-11-01,경기,안산시,전세가율,전세가율,63.6117
2025-12-01,경기,안산시,전세가율,전세가율,63.9097
2026-01-01,경기,안산시,전세가율,전세가율,63.9238
2026-02-01,경기,안산시,전세가율,전세가율,64.0314
2026-03-01,경기,안산시,전세가율,전세가율,64.2098
2026-04-01,경기,안산시,전세가율,전세가율,64.3156
2026-05-01,경기,안산시,전세가율,전세가율,64.5179
2026-06-01,경기,안산시,전세가율,전세가율,64.8127
2013-04-01,경기,안산시 단원구,전세가율,전세가율,60.6964
2013-05-01,경기,안산시 단원구,전세가율,전세가율,61.5538
2013-06-01,경기,안산시 단원구,전세가율,전세가율,61.8708
2013-07-01,경기,안산시 단원구,전세가율,전세가율,62.0224
2013-08-01,경기,안산시 단원구,전세가율,전세가율,62.4395
2013-09-01,경기,안산시 단원구,전세가율,전세가율,63.2048
2013-10-01,경기,안산시 단원구,전세가율,전세가율,64.365
2013-11-01,경기,안산시 단원구,전세가율,전세가율,64.9188
2013-12-01,경기,안산시 단원구,전세가율,전세가율,65.2812
2014-01-01,경기,안산시 단원구,전세가율,전세가율,65.2135
2014-02-01,경기,안산시 단원구,전세가율,전세가율,65.721
2014-03-01,경기,안산시 단원구,전세가율,전세가율,65.5346
2014-04-01,경기,안산시 단원구,전세가율,전세가율,65.8357
2014-05-01,경기,안산시 단원구,전세가율,전세가율,65.8088
2014-06-01,경기,안산시 단원구,전세가율,전세가율,65.982
2014-07-01,경기,안산시 단원구,전세가율,전세가율,66.1366
2014-08-01,경기,안산시 단원구,전세가율,전세가율,66.4571
2014-09-01,경기,안산시 단원구,전세가율,전세가율,66.2473
2014-10-01,경기,안산시 단원구,전세가율,전세가율,66.391
2014-11-01,경기,안산시 단원구,전세가율,전세가율,66.8856
2014-12-01,경기,안산시 단원구,전세가율,전세가율,67.198
2015-01-01,경기,안산시 단원구,전세가율,전세가율,67.1752
2015-02-01,경기,안산시 단원구,전세가율,전세가율,68.6516
2015-03-01,경기,안산시 단원구,전세가율,전세가율,68.8926
2015-04-01,경기,안산시 단원구,전세가율,전세가율,70.0723
2015-05-01,경기,안산시 단원구,전세가율,전세가율,69.8909
2015-06-01,경기,안산시 단원구,전세가율,전세가율,70.5637
2015-07-01,경기,안산시 단원구,전세가율,전세가율,71.0905
2015-08-01,경기,안산시 단원구,전세가율,전세가율,71.243
2015-09-01,경기,안산시 단원구,전세가율,전세가율,71.8925
2015-10-01,경기,안산시 단원구,전세가율,전세가율,71.4626
2015-11-01,경기,안산시 단원구,전세가율,전세가율,71.8783
2015-12-01,경기,안산시 단원구,전세가율,전세가율,72.4749
2016-01-01,경기,안산시 단원구,전세가율,전세가율,72.4019
2016-02-01,경기,안산시 단원구,전세가율,전세가율,73.0124
2016-03-01,경기,안산시 단원구,전세가율,전세가율,73.0124
2016-04-01,경기,안산시 단원구,전세가율,전세가율,73.381
2016-05-01,경기,안산시 단원구,전세가율,전세가율,73.5597
2016-06-01,경기,안산시 단원구,전세가율,전세가율,74.1942
2016-07-01,경기,안산시 단원구,전세가율,전세가율,74.9243
2016-08-01,경기,안산시 단원구,전세가율,전세가율,75.2499
2016-09-01,경기,안산시 단원구,전세가율,전세가율,75.5091
2016-10-01,경기,안산시 단원구,전세가율,전세가율,76.2325
2016-11-01,경기,안산시 단원구,전세가율,전세가율,76.3477
2016-12-01,경기,안산시 단원구,전세가율,전세가율,76.3646
2017-01-01,경기,안산시 단원구,전세가율,전세가율,76.3846
2017-02-01,경기,안산시 단원구,전세가율,전세가율,76.5321
2017-03-01,경기,안산시 단원구,전세가율,전세가율,76.6116
2017-04-01,경기,안산시 단원구,전세가율,전세가율,76.946
2017-05-01,경기,안산시 단원구,전세가율,전세가율,77.1198
2017-06-01,경기,안산시 단원구,전세가율,전세가율,77.3615
2017-07-01,경기,안산시 단원구,전세가율,전세가율,77.3856
2017-08-01,경기,안산시 단원구,전세가율,전세가율,77.2654
2017-09-01,경기,안산시 단원구,전세가율,전세가율,77.261
2017-10-01,경기,안산시 단원구,전세가율,전세가율,77.3833
2017-11-01,경기,안산시 단원구,전세가율,전세가율,77.4459
2017-12-01,경기,안산시 단원구,전세가율,전세가율,77.3297
2018-01-01,경기,안산시 단원구,전세가율,전세가율,77.1166
2018-02-01,경기,안산시 단원구,전세가율,전세가율,76.5872
2018-03-01,경기,안산시 단원구,전세가율,전세가율,76.4016
2018-04-01,경기,안산시 단원구,전세가율,전세가율,75.4507
2018-05-01,경기,안산시 단원구,전세가율,전세가율,74.9678
2018-06-01,경기,안산시 단원구,전세가율,전세가율,74.7766
2018-07-01,경기,안산시 단원구,전세가율,전세가율,72.777
2018-08-01,경기,안산시 단원구,전세가율,전세가율,72.5339
2018-09-01,경기,안산시 단원구,전세가율,전세가율,72.3033
2018-10-01,경기,안산시 단원구,전세가율,전세가율,72.1799
2018-11-01,경기,안산시 단원구,전세가율,전세가율,72.1368
2018-12-01,경기,안산시 단원구,전세가율,전세가율,72.0557
2019-01-01,경기,안산시 단원구,전세가율,전세가율,72.3861
2019-02-01,경기,안산시 단원구,전세가율,전세가율,72.3861
2019-03-01,경기,안산시 단원구,전세가율,전세가율,72.6206
2019-04-01,경기,안산시 단원구,전세가율,전세가율,73.1552
2019-05-01,경기,안산시 단원구,전세가율,전세가율,72.9702
2019-06-01,경기,안산시 단원구,전세가율,전세가율,73.572
2019-07-01,경기,안산시 단원구,전세가율,전세가율,73.5596
2019-08-01,경기,안산시 단원구,전세가율,전세가율,73.7009
2019-09-01,경기,안산시 단원구,전세가율,전세가율,73.8361
2019-10-01,경기,안산시 단원구,전세가율,전세가율,73.8306
2019-11-01,경기,안산시 단원구,전세가율,전세가율,73.9471
2019-12-01,경기,안산시 단원구,전세가율,전세가율,73.777
2020-01-01,경기,안산시 단원구,전세가율,전세가율,73.2368
2020-02-01,경기,안산시 단원구,전세가율,전세가율,72.1827
2020-03-01,경기,안산시 단원구,전세가율,전세가율,72.1827
2020-04-01,경기,안산시 단원구,전세가율,전세가율,69.0575
2020-05-01,경기,안산시 단원구,전세가율,전세가율,68.5378
2020-06-01,경기,안산시 단원구,전세가율,전세가율,67.3299
2020-07-01,경기,안산시 단원구,전세가율,전세가율,66.9626
2020-08-01,경기,안산시 단원구,전세가율,전세가율,67.5989
2020-09-01,경기,안산시 단원구,전세가율,전세가율,67.5989
2020-10-01,경기,안산시 단원구,전세가율,전세가율,70.0342
2020-11-01,경기,안산시 단원구,전세가율,전세가율,70.6819
2020-12-01,경기,안산시 단원구,전세가율,전세가율,71.7996
2021-01-01,경기,안산시 단원구,전세가율,전세가율,70.9171
2021-02-01,경기,안산시 단원구,전세가율,전세가율,70.3911
2021-03-01,경기,안산시 단원구,전세가율,전세가율,68.4359
2021-04-01,경기,안산시 단원구,전세가율,전세가율,64.2467
2021-05-01,경기,안산시 단원구,전세가율,전세가율,61.3149
2021-06-01,경기,안산시 단원구,전세가율,전세가율,60.1619
2021-07-01,경기,안산시 단원구,전세가율,전세가율,60.4105
2021-08-01,경기,안산시 단원구,전세가율,전세가율,64.6141
2021-09-01,경기,안산시 단원구,전세가율,전세가율,65.2572
2021-10-01,경기,안산시 단원구,전세가율,전세가율,65.5906
2021-11-01,경기,안산시 단원구,전세가율,전세가율,65.5718
2021-12-01,경기,안산시 단원구,전세가율,전세가율,65.3559
2022-01-01,경기,안산시 단원구,전세가율,전세가율,65.4184
2022-02-01,경기,안산시 단원구,전세가율,전세가율,65.8585
2022-03-01,경기,안산시 단원구,전세가율,전세가율,66.0853
2022-04-01,경기,안산시 단원구,전세가율,전세가율,66.1032
2022-05-01,경기,안산시 단원구,전세가율,전세가율,66.3484
2022-06-01,경기,안산시 단원구,전세가율,전세가율,66.3827
2022-07-01,경기,안산시 단원구,전세가율,전세가율,66.5473
2022-08-01,경기,안산시 단원구,전세가율,전세가율,66.4746
2022-09-01,경기,안산시 단원구,전세가율,전세가율,66.6437
2022-10-01,경기,안산시 단원구,전세가율,전세가율,66.4501
2022-11-01,경기,안산시 단원구,전세가율,전세가율,63.2471
2022-12-01,경기,안산시 단원구,전세가율,전세가율,62.5284
2023-01-01,경기,안산시 단원구,전세가율,전세가율,60.0817
2023-02-01,경기,안산시 단원구,전세가율,전세가율,58.2289
2023-03-01,경기,안산시 단원구,전세가율,전세가율,58.1749
2023-04-01,경기,안산시 단원구,전세가율,전세가율,57.0652
2023-05-01,경기,안산시 단원구,전세가율,전세가율,56.8996
2023-06-01,경기,안산시 단원구,전세가율,전세가율,56.9463
2023-07-01,경기,안산시 단원구,전세가율,전세가율,56.8352
2023-08-01,경기,안산시 단원구,전세가율,전세가율,57.266
2023-09-01,경기,안산시 단원구,전세가율,전세가율,57.9512
2023-10-01,경기,안산시 단원구,전세가율,전세가율,58.2492
2023-11-01,경기,안산시 단원구,전세가율,전세가율,58.8768
2023-12-01,경기,안산시 단원구,전세가율,전세가율,59.2047
2024-01-01,경기,안산시 단원구,전세가율,전세가율,59.5637
2024-02-01,경기,안산시 단원구,전세가율,전세가율,59.7611
2024-03-01,경기,안산시 단원구,전세가율,전세가율,60.1052
2024-04-01,경기,안산시 단원구,전세가율,전세가율,60.6402
2024-05-01,경기,안산시 단원구,전세가율,전세가율,61.0253
2024-06-01,경기,안산시 단원구,전세가율,전세가율,61.1354
2024-07-01,경기,안산시 단원구,전세가율,전세가율,61.5812
2024-08-01,경기,안산시 단원구,전세가율,전세가율,61.9006
2024-09-01,경기,안산시 단원구,전세가율,전세가율,62.2705
2024-10-01,경기,안산시 단원구,전세가율,전세가율,62.6529
2024-11-01,경기,안산시 단원구,전세가율,전세가율,62.713
2024-12-01,경기,안산시 단원구,전세가율,전세가율,63.5828
2025-01-01,경기,안산시 단원구,전세가율,전세가율,63.7328
2025-02-01,경기,안산시 단원구,전세가율,전세가율,63.9077
2025-03-01,경기,안산시 단원구,전세가율,전세가율,64.1098
2025-04-01,경기,안산시 단원구,전세가율,전세가율,64.2908
2025-05-01,경기,안산시 단원구,전세가율,전세가율,64.3319
2025-06-01,경기,안산시 단원구,전세가율,전세가율,64.2511
2025-07-01,경기,안산시 단원구,전세가율,전세가율,64.1304
2025-08-01,경기,안산시 단원구,전세가율,전세가율,63.9353
2025-09-01,경기,안산시 단원구,전세가율,전세가율,63.9337
2025-10-01,경기,안산시 단원구,전세가율,전세가율,64.0042
2025-11-01,경기,안산시 단원구,전세가율,전세가율,64.1251
2025-12-01,경기,안산시 단원구,전세가율,전세가율,64.2099
2026-01-01,경기,안산시 단원구,전세가율,전세가율,64.2048
2026-02-01,경기,안산시 단원구,전세가율,전세가율,64.3117
2026-03-01,경기,안산시 단원구,전세가율,전세가율,64.5163
2026-04-01,경기,안산시 단원구,전세가율,전세가율,64.6504
2026-05-01,경기,안산시 단원구,전세가율,전세가율,64.8907
2026-06-01,경기,안산시 단원구,전세가율,전세가율,65.0248
2013-04-01,경기,안산시 상록구,전세가율,전세가율,61.8217
2013-05-01,경기,안산시 상록구,전세가율,전세가율,62.0661
2013-06-01,경기,안산시 상록구,전세가율,전세가율,62.4082
2013-07-01,경기,안산시 상록구,전세가율,전세가율,62.6351
2013-08-01,경기,안산시 상록구,전세가율,전세가율,62.8062
2013-09-01,경기,안산시 상록구,전세가율,전세가율,64.0818
2013-10-01,경기,안산시 상록구,전세가율,전세가율,65.3316
2013-11-01,경기,안산시 상록구,전세가율,전세가율,66.0897
2013-12-01,경기,안산시 상록구,전세가율,전세가율,66.3771
2014-01-01,경기,안산시 상록구,전세가율,전세가율,66.8634
2014-02-01,경기,안산시 상록구,전세가율,전세가율,67.5584
2014-03-01,경기,안산시 상록구,전세가율,전세가율,67.7263
2014-04-01,경기,안산시 상록구,전세가율,전세가율,67.8907
2014-05-01,경기,안산시 상록구,전세가율,전세가율,67.9722
2014-06-01,경기,안산시 상록구,전세가율,전세가율,68.3657
2014-07-01,경기,안산시 상록구,전세가율,전세가율,68.4374
2014-08-01,경기,안산시 상록구,전세가율,전세가율,68.4496
2014-09-01,경기,안산시 상록구,전세가율,전세가율,68.2603
2014-10-01,경기,안산시 상록구,전세가율,전세가율,68.0191
2014-11-01,경기,안산시 상록구,전세가율,전세가율,68.3505
2014-12-01,경기,안산시 상록구,전세가율,전세가율,68.824
2015-01-01,경기,안산시 상록구,전세가율,전세가율,69.2075
2015-02-01,경기,안산시 상록구,전세가율,전세가율,70.2316
2015-03-01,경기,안산시 상록구,전세가율,전세가율,70.6338
2015-04-01,경기,안산시 상록구,전세가율,전세가율,70.6169
2015-05-01,경기,안산시 상록구,전세가율,전세가율,71.1752
2015-06-01,경기,안산시 상록구,전세가율,전세가율,73.0859
2015-07-01,경기,안산시 상록구,전세가율,전세가율,73.9321
2015-08-01,경기,안산시 상록구,전세가율,전세가율,73.6924
2015-09-01,경기,안산시 상록구,전세가율,전세가율,74.1536
2015-10-01,경기,안산시 상록구,전세가율,전세가율,73.8378
2015-11-01,경기,안산시 상록구,전세가율,전세가율,74.345
2015-12-01,경기,안산시 상록구,전세가율,전세가율,75.0511
2016-01-01,경기,안산시 상록구,전세가율,전세가율,74.3548
2016-02-01,경기,안산시 상록구,전세가율,전세가율,74.2177
2016-03-01,경기,안산시 상록구,전세가율,전세가율,74.2177
2016-04-01,경기,안산시 상록구,전세가율,전세가율,74.1871
2016-05-01,경기,안산시 상록구,전세가율,전세가율,74.2362
2016-06-01,경기,안산시 상록구,전세가율,전세가율,74.4475
2016-07-01,경기,안산시 상록구,전세가율,전세가율,75.3134
2016-08-01,경기,안산시 상록구,전세가율,전세가율,75.4937
2016-09-01,경기,안산시 상록구,전세가율,전세가율,75.6587
2016-10-01,경기,안산시 상록구,전세가율,전세가율,75.711
2016-11-01,경기,안산시 상록구,전세가율,전세가율,75.9525
2016-12-01,경기,안산시 상록구,전세가율,전세가율,76.7231
2017-01-01,경기,안산시 상록구,전세가율,전세가율,77.0294
2017-02-01,경기,안산시 상록구,전세가율,전세가율,77.1968
2017-03-01,경기,안산시 상록구,전세가율,전세가율,77.1959
2017-04-01,경기,안산시 상록구,전세가율,전세가율,77.1771
2017-05-01,경기,안산시 상록구,전세가율,전세가율,77.2829
2017-06-01,경기,안산시 상록구,전세가율,전세가율,77.4523
2017-07-01,경기,안산시 상록구,전세가율,전세가율,77.5577
2017-08-01,경기,안산시 상록구,전세가율,전세가율,77.5519
2017-09-01,경기,안산시 상록구,전세가율,전세가율,77.5271
2017-10-01,경기,안산시 상록구,전세가율,전세가율,77.6354
2017-11-01,경기,안산시 상록구,전세가율,전세가율,77.461
2017-12-01,경기,안산시 상록구,전세가율,전세가율,77.444
2018-01-01,경기,안산시 상록구,전세가율,전세가율,77.279
2018-02-01,경기,안산시 상록구,전세가율,전세가율,77.2547
2018-03-01,경기,안산시 상록구,전세가율,전세가율,77.1032
2018-04-01,경기,안산시 상록구,전세가율,전세가율,76.1481
2018-05-01,경기,안산시 상록구,전세가율,전세가율,74.971
2018-06-01,경기,안산시 상록구,전세가율,전세가율,74.7541
2018-07-01,경기,안산시 상록구,전세가율,전세가율,74.5405
2018-08-01,경기,안산시 상록구,전세가율,전세가율,74.672
2018-09-01,경기,안산시 상록구,전세가율,전세가율,74.4491
2018-10-01,경기,안산시 상록구,전세가율,전세가율,75.0812
2018-11-01,경기,안산시 상록구,전세가율,전세가율,73.8589
2018-12-01,경기,안산시 상록구,전세가율,전세가율,73.5326
2019-01-01,경기,안산시 상록구,전세가율,전세가율,73.7279
2019-02-01,경기,안산시 상록구,전세가율,전세가율,73.7279
2019-03-01,경기,안산시 상록구,전세가율,전세가율,74.1001
2019-04-01,경기,안산시 상록구,전세가율,전세가율,74.2099
2019-05-01,경기,안산시 상록구,전세가율,전세가율,74.6221
2019-06-01,경기,안산시 상록구,전세가율,전세가율,74.8869
2019-07-01,경기,안산시 상록구,전세가율,전세가율,74.9222
2019-08-01,경기,안산시 상록구,전세가율,전세가율,75.1421
2019-09-01,경기,안산시 상록구,전세가율,전세가율,75.0957
2019-10-01,경기,안산시 상록구,전세가율,전세가율,75.1398
2019-11-01,경기,안산시 상록구,전세가율,전세가율,75.3601
2019-12-01,경기,안산시 상록구,전세가율,전세가율,74.8742
2020-01-01,경기,안산시 상록구,전세가율,전세가율,74.8373
2020-02-01,경기,안산시 상록구,전세가율,전세가율,74.4225
2020-03-01,경기,안산시 상록구,전세가율,전세가율,74.4225
2020-04-01,경기,안산시 상록구,전세가율,전세가율,71.7882
2020-05-01,경기,안산시 상록구,전세가율,전세가율,71.145
2020-06-01,경기,안산시 상록구,전세가율,전세가율,70.339
2020-07-01,경기,안산시 상록구,전세가율,전세가율,68.3009
2020-08-01,경기,안산시 상록구,전세가율,전세가율,67.8735
2020-09-01,경기,안산시 상록구,전세가율,전세가율,67.8735
2020-10-01,경기,안산시 상록구,전세가율,전세가율,71.1101
2020-11-01,경기,안산시 상록구,전세가율,전세가율,71.9567
2020-12-01,경기,안산시 상록구,전세가율,전세가율,71.9475
2021-01-01,경기,안산시 상록구,전세가율,전세가율,71.598
2021-02-01,경기,안산시 상록구,전세가율,전세가율,70.2408
2021-03-01,경기,안산시 상록구,전세가율,전세가율,67.6799
2021-04-01,경기,안산시 상록구,전세가율,전세가율,64.8999
2021-05-01,경기,안산시 상록구,전세가율,전세가율,61.275
2021-06-01,경기,안산시 상록구,전세가율,전세가율,60.4554
2021-07-01,경기,안산시 상록구,전세가율,전세가율,60.6672
2021-08-01,경기,안산시 상록구,전세가율,전세가율,63.2936
2021-09-01,경기,안산시 상록구,전세가율,전세가율,63.5473
2021-10-01,경기,안산시 상록구,전세가율,전세가율,62.6956
2021-11-01,경기,안산시 상록구,전세가율,전세가율,62.4724
2021-12-01,경기,안산시 상록구,전세가율,전세가율,62.7775
2022-01-01,경기,안산시 상록구,전세가율,전세가율,63.2318
2022-02-01,경기,안산시 상록구,전세가율,전세가율,63.5603
2022-03-01,경기,안산시 상록구,전세가율,전세가율,63.7641
2022-04-01,경기,안산시 상록구,전세가율,전세가율,63.2619
2022-05-01,경기,안산시 상록구,전세가율,전세가율,63.1978
2022-06-01,경기,안산시 상록구,전세가율,전세가율,63.1798
2022-07-01,경기,안산시 상록구,전세가율,전세가율,63.2305
2022-08-01,경기,안산시 상록구,전세가율,전세가율,63.2305
2022-09-01,경기,안산시 상록구,전세가율,전세가율,63.1151
2022-10-01,경기,안산시 상록구,전세가율,전세가율,62.9489
2022-11-01,경기,안산시 상록구,전세가율,전세가율,63.4356
2022-12-01,경기,안산시 상록구,전세가율,전세가율,63.1532
2023-01-01,경기,안산시 상록구,전세가율,전세가율,62.2315
2023-02-01,경기,안산시 상록구,전세가율,전세가율,60.8422
2023-03-01,경기,안산시 상록구,전세가율,전세가율,60.0439
2023-04-01,경기,안산시 상록구,전세가율,전세가율,60.4247
2023-05-01,경기,안산시 상록구,전세가율,전세가율,59.8168
2023-06-01,경기,안산시 상록구,전세가율,전세가율,59.8364
2023-07-01,경기,안산시 상록구,전세가율,전세가율,59.3493
2023-08-01,경기,안산시 상록구,전세가율,전세가율,59.2771
2023-09-01,경기,안산시 상록구,전세가율,전세가율,58.9943
2023-10-01,경기,안산시 상록구,전세가율,전세가율,58.9696
2023-11-01,경기,안산시 상록구,전세가율,전세가율,58.9733
2023-12-01,경기,안산시 상록구,전세가율,전세가율,58.9521
2024-01-01,경기,안산시 상록구,전세가율,전세가율,58.8523
2024-02-01,경기,안산시 상록구,전세가율,전세가율,58.825
2024-03-01,경기,안산시 상록구,전세가율,전세가율,58.9022
2024-04-01,경기,안산시 상록구,전세가율,전세가율,58.9533
2024-05-01,경기,안산시 상록구,전세가율,전세가율,58.9619
2024-06-01,경기,안산시 상록구,전세가율,전세가율,59.1759
2024-07-01,경기,안산시 상록구,전세가율,전세가율,59.76
2024-08-01,경기,안산시 상록구,전세가율,전세가율,60.0035
2024-09-01,경기,안산시 상록구,전세가율,전세가율,60.2642
2024-10-01,경기,안산시 상록구,전세가율,전세가율,60.5515
2024-11-01,경기,안산시 상록구,전세가율,전세가율,61.013
2024-12-01,경기,안산시 상록구,전세가율,전세가율,61.8589
2025-01-01,경기,안산시 상록구,전세가율,전세가율,62.1147
2025-02-01,경기,안산시 상록구,전세가율,전세가율,62.2775
2025-03-01,경기,안산시 상록구,전세가율,전세가율,62.4774
2025-04-01,경기,안산시 상록구,전세가율,전세가율,62.4894
2025-05-01,경기,안산시 상록구,전세가율,전세가율,62.4562
2025-06-01,경기,안산시 상록구,전세가율,전세가율,62.5478
2025-07-01,경기,안산시 상록구,전세가율,전세가율,62.5893
2025-08-01,경기,안산시 상록구,전세가율,전세가율,62.6518
2025-09-01,경기,안산시 상록구,전세가율,전세가율,62.7666
2025-10-01,경기,안산시 상록구,전세가율,전세가율,62.8035
2025-11-01,경기,안산시 상록구,전세가율,전세가율,62.8983
2025-12-01,경기,안산시 상록구,전세가율,전세가율,63.4927
2026-01-01,경기,안산시 상록구,전세가율,전세가율,63.5335
2026-02-01,경기,안산시 상록구,전세가율,전세가율,63.6419
2026-03-01,경기,안산시 상록구,전세가율,전세가율,63.784
2026-04-01,경기,안산시 상록구,전세가율,전세가율,63.8477
2026-05-01,경기,안산시 상록구,전세가율,전세가율,63.9968
2026-06-01,경기,안산시 상록구,전세가율,전세가율,64.5163
2013-04-01,경기,안성시,전세가율,전세가율,61.9869
2013-05-01,경기,안성시,전세가율,전세가율,61.9848
2013-06-01,경기,안성시,전세가율,전세가율,62.0788
2013-07-01,경기,안성시,전세가율,전세가율,62.2075
2013-08-01,경기,안성시,전세가율,전세가율,62.4951
2013-09-01,경기,안성시,전세가율,전세가율,62.3059
2013-10-01,경기,안성시,전세가율,전세가율,62.2951
2013-11-01,경기,안성시,전세가율,전세가율,62.6644
2013-12-01,경기,안성시,전세가율,전세가율,63.6155
2014-01-01,경기,안성시,전세가율,전세가율,64.9709
2014-02-01,경기,안성시,전세가율,전세가율,65.4875
2014-03-01,경기,안성시,전세가율,전세가율,65.9295
2014-04-01,경기,안성시,전세가율,전세가율,67.3517
2014-05-01,경기,안성시,전세가율,전세가율,67.5441
2014-06-01,경기,안성시,전세가율,전세가율,67.9743
2014-07-01,경기,안성시,전세가율,전세가율,67.981
2014-08-01,경기,안성시,전세가율,전세가율,70.0459
2014-09-01,경기,안성시,전세가율,전세가율,70.2482
2014-10-01,경기,안성시,전세가율,전세가율,70.7731
2014-11-01,경기,안성시,전세가율,전세가율,71.1155
2014-12-01,경기,안성시,전세가율,전세가율,71.1458
2015-01-01,경기,안성시,전세가율,전세가율,71.4797
2015-02-01,경기,안성시,전세가율,전세가율,71.542
2015-03-01,경기,안성시,전세가율,전세가율,71.8348
2015-04-01,경기,안성시,전세가율,전세가율,71.671
2015-05-01,경기,안성시,전세가율,전세가율,71.7332
2015-06-01,경기,안성시,전세가율,전세가율,71.7983
2015-07-01,경기,안성시,전세가율,전세가율,71.7983
2015-08-01,경기,안성시,전세가율,전세가율,71.5849
2015-09-01,경기,안성시,전세가율,전세가율,71.7271
2015-10-01,경기,안성시,전세가율,전세가율,71.6519
2015-11-01,경기,안성시,전세가율,전세가율,71.6518
2015-12-01,경기,안성시,전세가율,전세가율,71.6449
2016-01-01,경기,안성시,전세가율,전세가율,72.0584
2016-02-01,경기,안성시,전세가율,전세가율,72.4069
2016-03-01,경기,안성시,전세가율,전세가율,72.4069
2016-04-01,경기,안성시,전세가율,전세가율,72.195
2016-05-01,경기,안성시,전세가율,전세가율,72.2179
2016-06-01,경기,안성시,전세가율,전세가율,72.2983
2016-07-01,경기,안성시,전세가율,전세가율,72.2983
2016-08-01,경기,안성시,전세가율,전세가율,72.5369
2016-09-01,경기,안성시,전세가율,전세가율,72.5461
2016-10-01,경기,안성시,전세가율,전세가율,73.1385
2016-11-01,경기,안성시,전세가율,전세가율,73.1385
2016-12-01,경기,안성시,전세가율,전세가율,72.9544
2017-01-01,경기,안성시,전세가율,전세가율,72.9002
2017-02-01,경기,안성시,전세가율,전세가율,72.8427
2017-03-01,경기,안성시,전세가율,전세가율,73.044
2017-04-01,경기,안성시,전세가율,전세가율,73.2097
2017-05-01,경기,안성시,전세가율,전세가율,73.2097
2017-06-01,경기,안성시,전세가율,전세가율,73.3676
2017-07-01,경기,안성시,전세가율,전세가율,73.4191
2017-08-01,경기,안성시,전세가율,전세가율,73.4493
2017-09-01,경기,안성시,전세가율,전세가율,73.5316
2017-10-01,경기,안성시,전세가율,전세가율,73.8253
2017-11-01,경기,안성시,전세가율,전세가율,73.9721
2017-12-01,경기,안성시,전세가율,전세가율,73.9208
2018-01-01,경기,안성시,전세가율,전세가율,73.8382
2018-02-01,경기,안성시,전세가율,전세가율,73.2547
2018-03-01,경기,안성시,전세가율,전세가율,72.503
2018-04-01,경기,안성시,전세가율,전세가율,72.8153
2018-05-01,경기,안성시,전세가율,전세가율,72.3575
2018-06-01,경기,안성시,전세가율,전세가율,72.2248
2018-07-01,경기,안성시,전세가율,전세가율,71.9166
2018-08-01,경기,안성시,전세가율,전세가율,71.86
2018-09-01,경기,안성시,전세가율,전세가율,72.0587
2018-10-01,경기,안성시,전세가율,전세가율,72.5577
2018-11-01,경기,안성시,전세가율,전세가율,72.6955
2018-12-01,경기,안성시,전세가율,전세가율,72.7532
2019-01-01,경기,안성시,전세가율,전세가율,73.2272
2019-02-01,경기,안성시,전세가율,전세가율,73.2272
2019-03-01,경기,안성시,전세가율,전세가율,71.8888
2019-04-01,경기,안성시,전세가율,전세가율,72.0259
2019-05-01,경기,안성시,전세가율,전세가율,71.8153
2019-06-01,경기,안성시,전세가율,전세가율,71.0852
2019-07-01,경기,안성시,전세가율,전세가율,71.6475
2019-08-01,경기,안성시,전세가율,전세가율,71.2098
2019-09-01,경기,안성시,전세가율,전세가율,71.0078
2019-10-01,경기,안성시,전세가율,전세가율,71.1345
2019-11-01,경기,안성시,전세가율,전세가율,71.5283
2019-12-01,경기,안성시,전세가율,전세가율,71.5283
2020-01-01,경기,안성시,전세가율,전세가율,72.045
2020-02-01,경기,안성시,전세가율,전세가율,71.939
2020-03-01,경기,안성시,전세가율,전세가율,71.939
2020-04-01,경기,안성시,전세가율,전세가율,72.8356
2020-05-01,경기,안성시,전세가율,전세가율,73.2913
2020-06-01,경기,안성시,전세가율,전세가율,73.5032
2020-07-01,경기,안성시,전세가율,전세가율,73.3212
2020-08-01,경기,안성시,전세가율,전세가율,73.1066
2020-09-01,경기,안성시,전세가율,전세가율,73.1066
2020-10-01,경기,안성시,전세가율,전세가율,72.9689
2020-11-01,경기,안성시,전세가율,전세가율,73.6343
2020-12-01,경기,안성시,전세가율,전세가율,73.7239
2021-01-01,경기,안성시,전세가율,전세가율,73.8597
2021-02-01,경기,안성시,전세가율,전세가율,75.4559
2021-03-01,경기,안성시,전세가율,전세가율,76.3995
2021-04-01,경기,안성시,전세가율,전세가율,77.2464
2021-05-01,경기,안성시,전세가율,전세가율,76.9278
2021-06-01,경기,안성시,전세가율,전세가율,76.9716
2021-07-01,경기,안성시,전세가율,전세가율,74.3715
2021-08-01,경기,안성시,전세가율,전세가율,73.1439
2021-09-01,경기,안성시,전세가율,전세가율,73.3296
2021-10-01,경기,안성시,전세가율,전세가율,73.2604
2021-11-01,경기,안성시,전세가율,전세가율,72.4956
2021-12-01,경기,안성시,전세가율,전세가율,73.4952
2022-01-01,경기,안성시,전세가율,전세가율,75.0165
2022-02-01,경기,안성시,전세가율,전세가율,74.7112
2022-03-01,경기,안성시,전세가율,전세가율,75.2954
2022-04-01,경기,안성시,전세가율,전세가율,75.5684
2022-05-01,경기,안성시,전세가율,전세가율,77.048
2022-06-01,경기,안성시,전세가율,전세가율,76.5787
2022-07-01,경기,안성시,전세가율,전세가율,76.6601
2022-08-01,경기,안성시,전세가율,전세가율,76.8974
2022-09-01,경기,안성시,전세가율,전세가율,76.8974
2022-10-01,경기,안성시,전세가율,전세가율,77.3485
2022-11-01,경기,안성시,전세가율,전세가율,80.1486
2022-12-01,경기,안성시,전세가율,전세가율,79.8451
2023-01-01,경기,안성시,전세가율,전세가율,80.0833
2023-02-01,경기,안성시,전세가율,전세가율,79.662
2023-03-01,경기,안성시,전세가율,전세가율,79.3919
2023-04-01,경기,안성시,전세가율,전세가율,79.6149
2023-05-01,경기,안성시,전세가율,전세가율,78.7353
2023-06-01,경기,안성시,전세가율,전세가율,78.3708
2023-07-01,경기,안성시,전세가율,전세가율,78.0704
2023-08-01,경기,안성시,전세가율,전세가율,77.9137
2023-09-01,경기,안성시,전세가율,전세가율,77.9011
2023-10-01,경기,안성시,전세가율,전세가율,77.9439
2023-11-01,경기,안성시,전세가율,전세가율,77.948
2023-12-01,경기,안성시,전세가율,전세가율,77.6842
2024-01-01,경기,안성시,전세가율,전세가율,77.6266
2024-02-01,경기,안성시,전세가율,전세가율,77.4319
2024-03-01,경기,안성시,전세가율,전세가율,77.1913
2024-04-01,경기,안성시,전세가율,전세가율,76.8228
2024-05-01,경기,안성시,전세가율,전세가율,76.4683
2024-06-01,경기,안성시,전세가율,전세가율,76.5582
2024-07-01,경기,안성시,전세가율,전세가율,76.454
2024-08-01,경기,안성시,전세가율,전세가율,76.2683
2024-09-01,경기,안성시,전세가율,전세가율,76.2264
2024-10-01,경기,안성시,전세가율,전세가율,76.0946
2024-11-01,경기,안성시,전세가율,전세가율,75.9642
2024-12-01,경기,안성시,전세가율,전세가율,75.8022
2025-01-01,경기,안성시,전세가율,전세가율,76.1503
2025-02-01,경기,안성시,전세가율,전세가율,76.265
2025-03-01,경기,안성시,전세가율,전세가율,76.1011
2025-04-01,경기,안성시,전세가율,전세가율,76.3521
2025-05-01,경기,안성시,전세가율,전세가율,76.3629
2025-06-01,경기,안성시,전세가율,전세가율,76.4413
2025-07-01,경기,안성시,전세가율,전세가율,76.4894
2025-08-01,경기,안성시,전세가율,전세가율,76.4073
2025-09-01,경기,안성시,전세가율,전세가율,76.6487
2025-10-01,경기,안성시,전세가율,전세가율,76.6383
2025-11-01,경기,안성시,전세가율,전세가율,76.0453
2025-12-01,경기,안성시,전세가율,전세가율,76.2829
2026-01-01,경기,안성시,전세가율,전세가율,76.3705
2026-02-01,경기,안성시,전세가율,전세가율,76.726
2026-03-01,경기,안성시,전세가율,전세가율,76.9893
2026-04-01,경기,안성시,전세가율,전세가율,77.5407
2026-05-01,경기,안성시,전세가율,전세가율,77.8217
2026-06-01,경기,안성시,전세가율,전세가율,78.4792
2013-04-01,경기,안양시,전세가율,전세가율,60.9354
2013-05-01,경기,안양시,전세가율,전세가율,61.198
2013-06-01,경기,안양시,전세가율,전세가율,61.4396
2013-07-01,경기,안양시,전세가율,전세가율,61.9324
2013-08-01,경기,안양시,전세가율,전세가율,62.9633
2013-09-01,경기,안양시,전세가율,전세가율,64.6437
2013-10-01,경기,안양시,전세가율,전세가율,66.2257
2013-11-01,경기,안양시,전세가율,전세가율,67.0107
2013-12-01,경기,안양시,전세가율,전세가율,68.1499
2014-01-01,경기,안양시,전세가율,전세가율,69.0747
2014-02-01,경기,안양시,전세가율,전세가율,69.6533
2014-03-01,경기,안양시,전세가율,전세가율,70.2496
2014-04-01,경기,안양시,전세가율,전세가율,70.3978
2014-05-01,경기,안양시,전세가율,전세가율,70.351
2014-06-01,경기,안양시,전세가율,전세가율,70.4351
2014-07-01,경기,안양시,전세가율,전세가율,70.4792
2014-08-01,경기,안양시,전세가율,전세가율,70.6255
2014-09-01,경기,안양시,전세가율,전세가율,71.0776
2014-10-01,경기,안양시,전세가율,전세가율,71.0955
2014-11-01,경기,안양시,전세가율,전세가율,71.2531
2014-12-01,경기,안양시,전세가율,전세가율,71.6403
2015-01-01,경기,안양시,전세가율,전세가율,71.601
2015-02-01,경기,안양시,전세가율,전세가율,72.1815
2015-03-01,경기,안양시,전세가율,전세가율,72.5745
2015-04-01,경기,안양시,전세가율,전세가율,72.7525
2015-05-01,경기,안양시,전세가율,전세가율,73.6028
2015-06-01,경기,안양시,전세가율,전세가율,74.5381
2015-07-01,경기,안양시,전세가율,전세가율,75.0826
2015-08-01,경기,안양시,전세가율,전세가율,75.6384
2015-09-01,경기,안양시,전세가율,전세가율,76.8984
2015-10-01,경기,안양시,전세가율,전세가율,77.7035
2015-11-01,경기,안양시,전세가율,전세가율,78.5192
2015-12-01,경기,안양시,전세가율,전세가율,78.7013
2016-01-01,경기,안양시,전세가율,전세가율,79.0883
2016-02-01,경기,안양시,전세가율,전세가율,79.4196
2016-03-01,경기,안양시,전세가율,전세가율,80.0873
2016-04-01,경기,안양시,전세가율,전세가율,81.1517
2016-05-01,경기,안양시,전세가율,전세가율,82.0932
2016-06-01,경기,안양시,전세가율,전세가율,82.0454
2016-07-01,경기,안양시,전세가율,전세가율,81.8279
2016-08-01,경기,안양시,전세가율,전세가율,81.589
2016-09-01,경기,안양시,전세가율,전세가율,81.3504
2016-10-01,경기,안양시,전세가율,전세가율,81.223
2016-11-01,경기,안양시,전세가율,전세가율,81.064
2016-12-01,경기,안양시,전세가율,전세가율,81.1287
2017-01-01,경기,안양시,전세가율,전세가율,81.2819
2017-02-01,경기,안양시,전세가율,전세가율,81.4048
2017-03-01,경기,안양시,전세가율,전세가율,81.3513
2017-04-01,경기,안양시,전세가율,전세가율,81.4557
2017-05-01,경기,안양시,전세가율,전세가율,81.5391
2017-06-01,경기,안양시,전세가율,전세가율,81.2421
2017-07-01,경기,안양시,전세가율,전세가율,80.849
2017-08-01,경기,안양시,전세가율,전세가율,80.0844
2017-09-01,경기,안양시,전세가율,전세가율,79.9793
2017-10-01,경기,안양시,전세가율,전세가율,79.6171
2017-11-01,경기,안양시,전세가율,전세가율,79.3909
2017-12-01,경기,안양시,전세가율,전세가율,79.0663
2018-01-01,경기,안양시,전세가율,전세가율,78.5569
2018-02-01,경기,안양시,전세가율,전세가율,78.3686
2018-03-01,경기,안양시,전세가율,전세가율,77.6721
2018-04-01,경기,안양시,전세가율,전세가율,76.621
2018-05-01,경기,안양시,전세가율,전세가율,76.2154
2018-06-01,경기,안양시,전세가율,전세가율,75.8322
2018-07-01,경기,안양시,전세가율,전세가율,75.1658
2018-08-01,경기,안양시,전세가율,전세가율,74.7149
2018-09-01,경기,안양시,전세가율,전세가율,72.9928
2018-10-01,경기,안양시,전세가율,전세가율,71.2872
2018-11-01,경기,안양시,전세가율,전세가율,70.7763
2018-12-01,경기,안양시,전세가율,전세가율,70.669
2019-01-01,경기,안양시,전세가율,전세가율,70.5475
2019-02-01,경기,안양시,전세가율,전세가율,69.8445
2019-03-01,경기,안양시,전세가율,전세가율,69.5666
2019-04-01,경기,안양시,전세가율,전세가율,69.3451
2019-05-01,경기,안양시,전세가율,전세가율,68.8596
2019-06-01,경기,안양시,전세가율,전세가율,68.4649
2019-07-01,경기,안양시,전세가율,전세가율,68.5762
2019-08-01,경기,안양시,전세가율,전세가율,69.1969
2019-09-01,경기,안양시,전세가율,전세가율,69.0156
2019-10-01,경기,안양시,전세가율,전세가율,69.1339
2019-11-01,경기,안양시,전세가율,전세가율,69.3904
2019-12-01,경기,안양시,전세가율,전세가율,69.0455
2020-01-01,경기,안양시,전세가율,전세가율,69.4667
2020-02-01,경기,안양시,전세가율,전세가율,68.6973
2020-03-01,경기,안양시,전세가율,전세가율,67.1349
2020-04-01,경기,안양시,전세가율,전세가율,66.6987
2020-05-01,경기,안양시,전세가율,전세가율,66.6233
2020-06-01,경기,안양시,전세가율,전세가율,65.4186
2020-07-01,경기,안양시,전세가율,전세가율,64.6515
2020-08-01,경기,안양시,전세가율,전세가율,64.2657
2020-09-01,경기,안양시,전세가율,전세가율,65.3856
2020-10-01,경기,안양시,전세가율,전세가율,65.3521
2020-11-01,경기,안양시,전세가율,전세가율,66.3689
2020-12-01,경기,안양시,전세가율,전세가율,66.7251
2021-01-01,경기,안양시,전세가율,전세가율,66.5474
2021-02-01,경기,안양시,전세가율,전세가율,65.2289
2021-03-01,경기,안양시,전세가율,전세가율,63.9294
2021-04-01,경기,안양시,전세가율,전세가율,64.1086
2021-05-01,경기,안양시,전세가율,전세가율,63.8485
2021-06-01,경기,안양시,전세가율,전세가율,63.297
2021-07-01,경기,안양시,전세가율,전세가율,63.1606
2021-08-01,경기,안양시,전세가율,전세가율,62.3979
2021-09-01,경기,안양시,전세가율,전세가율,61.1884
2021-10-01,경기,안양시,전세가율,전세가율,60.5442
2021-11-01,경기,안양시,전세가율,전세가율,59.8845
2021-12-01,경기,안양시,전세가율,전세가율,59.804
2022-01-01,경기,안양시,전세가율,전세가율,59.0976
2022-02-01,경기,안양시,전세가율,전세가율,58.8574
2022-03-01,경기,안양시,전세가율,전세가율,58.5769
2022-04-01,경기,안양시,전세가율,전세가율,58.4251
2022-05-01,경기,안양시,전세가율,전세가율,58.3685
2022-06-01,경기,안양시,전세가율,전세가율,58.4518
2022-07-01,경기,안양시,전세가율,전세가율,58.609
2022-08-01,경기,안양시,전세가율,전세가율,58.7898
2022-09-01,경기,안양시,전세가율,전세가율,58.9909
2022-10-01,경기,안양시,전세가율,전세가율,59.5259
2022-11-01,경기,안양시,전세가율,전세가율,59.1939
2022-12-01,경기,안양시,전세가율,전세가율,58.9016
2023-01-01,경기,안양시,전세가율,전세가율,58.4927
2023-02-01,경기,안양시,전세가율,전세가율,58.4967
2023-03-01,경기,안양시,전세가율,전세가율,58.5682
2023-04-01,경기,안양시,전세가율,전세가율,59.1152
2023-05-01,경기,안양시,전세가율,전세가율,59.6047
2023-06-01,경기,안양시,전세가율,전세가율,59.6103
2023-07-01,경기,안양시,전세가율,전세가율,59.676
2023-08-01,경기,안양시,전세가율,전세가율,59.618
2023-09-01,경기,안양시,전세가율,전세가율,59.615
2023-10-01,경기,안양시,전세가율,전세가율,59.6642
2023-11-01,경기,안양시,전세가율,전세가율,59.7698
2023-12-01,경기,안양시,전세가율,전세가율,60.0918
2024-01-01,경기,안양시,전세가율,전세가율,60.2891
2024-02-01,경기,안양시,전세가율,전세가율,60.4111
2024-03-01,경기,안양시,전세가율,전세가율,60.6506
2024-04-01,경기,안양시,전세가율,전세가율,61.1125
2024-05-01,경기,안양시,전세가율,전세가율,61.1365
2024-06-01,경기,안양시,전세가율,전세가율,61.1706
2024-07-01,경기,안양시,전세가율,전세가율,61.1702
2024-08-01,경기,안양시,전세가율,전세가율,61.0542
2024-09-01,경기,안양시,전세가율,전세가율,60.8644
2024-10-01,경기,안양시,전세가율,전세가율,60.7148
2024-11-01,경기,안양시,전세가율,전세가율,60.6053
2024-12-01,경기,안양시,전세가율,전세가율,60.5094
2025-01-01,경기,안양시,전세가율,전세가율,60.3488
2025-02-01,경기,안양시,전세가율,전세가율,60.2633
2025-03-01,경기,안양시,전세가율,전세가율,60.1456
2025-04-01,경기,안양시,전세가율,전세가율,60.1915
2025-05-01,경기,안양시,전세가율,전세가율,60.3248
2025-06-01,경기,안양시,전세가율,전세가율,60.5669
2025-07-01,경기,안양시,전세가율,전세가율,60.5636
2025-08-01,경기,안양시,전세가율,전세가율,60.5873
2025-09-01,경기,안양시,전세가율,전세가율,60.6144
2025-10-01,경기,안양시,전세가율,전세가율,60.3295
2025-11-01,경기,안양시,전세가율,전세가율,59.9432
2025-12-01,경기,안양시,전세가율,전세가율,60.1357
2026-01-01,경기,안양시,전세가율,전세가율,60.2725
2026-02-01,경기,안양시,전세가율,전세가율,59.8808
2026-03-01,경기,안양시,전세가율,전세가율,59.1433
2026-04-01,경기,안양시,전세가율,전세가율,59.1073
2026-05-01,경기,안양시,전세가율,전세가율,59.0418
2026-06-01,경기,안양시,전세가율,전세가율,58.9969
2013-04-01,경기,안양시 동안구,전세가율,전세가율,60.6601
2013-05-01,경기,안양시 동안구,전세가율,전세가율,60.9266
2013-06-01,경기,안양시 동안구,전세가율,전세가율,61.1754
2013-07-01,경기,안양시 동안구,전세가율,전세가율,61.6679
2013-08-01,경기,안양시 동안구,전세가율,전세가율,62.8477
2013-09-01,경기,안양시 동안구,전세가율,전세가율,64.7781
2013-10-01,경기,안양시 동안구,전세가율,전세가율,66.742
2013-11-01,경기,안양시 동안구,전세가율,전세가율,67.7495
2013-12-01,경기,안양시 동안구,전세가율,전세가율,69.0923
2014-01-01,경기,안양시 동안구,전세가율,전세가율,70.0212
2014-02-01,경기,안양시 동안구,전세가율,전세가율,70.7009
2014-03-01,경기,안양시 동안구,전세가율,전세가율,71.2086
2014-04-01,경기,안양시 동안구,전세가율,전세가율,71.2032
2014-05-01,경기,안양시 동안구,전세가율,전세가율,71.1583
2014-06-01,경기,안양시 동안구,전세가율,전세가율,71.1557
2014-07-01,경기,안양시 동안구,전세가율,전세가율,71.1464
2014-08-01,경기,안양시 동안구,전세가율,전세가율,71.1329
2014-09-01,경기,안양시 동안구,전세가율,전세가율,71.2985
2014-10-01,경기,안양시 동안구,전세가율,전세가율,71.2673
2014-11-01,경기,안양시 동안구,전세가율,전세가율,71.3135
2014-12-01,경기,안양시 동안구,전세가율,전세가율,71.8987
2015-01-01,경기,안양시 동안구,전세가율,전세가율,71.752
2015-02-01,경기,안양시 동안구,전세가율,전세가율,72.1992
2015-03-01,경기,안양시 동안구,전세가율,전세가율,72.5788
2015-04-01,경기,안양시 동안구,전세가율,전세가율,72.6523
2015-05-01,경기,안양시 동안구,전세가율,전세가율,73.6526
2015-06-01,경기,안양시 동안구,전세가율,전세가율,74.7867
2015-07-01,경기,안양시 동안구,전세가율,전세가율,75.2746
2015-08-01,경기,안양시 동안구,전세가율,전세가율,75.9143
2015-09-01,경기,안양시 동안구,전세가율,전세가율,77.1967
2015-10-01,경기,안양시 동안구,전세가율,전세가율,78.273
2015-11-01,경기,안양시 동안구,전세가율,전세가율,79.1518
2015-12-01,경기,안양시 동안구,전세가율,전세가율,79.4701
2016-01-01,경기,안양시 동안구,전세가율,전세가율,79.4888
2016-02-01,경기,안양시 동안구,전세가율,전세가율,79.799
2016-03-01,경기,안양시 동안구,전세가율,전세가율,79.799
2016-04-01,경기,안양시 동안구,전세가율,전세가율,82.0115
2016-05-01,경기,안양시 동안구,전세가율,전세가율,83.0459
2016-06-01,경기,안양시 동안구,전세가율,전세가율,82.916
2016-07-01,경기,안양시 동안구,전세가율,전세가율,82.5667
2016-08-01,경기,안양시 동안구,전세가율,전세가율,82.2001
2016-09-01,경기,안양시 동안구,전세가율,전세가율,81.9213
2016-10-01,경기,안양시 동안구,전세가율,전세가율,81.717
2016-11-01,경기,안양시 동안구,전세가율,전세가율,81.4938
2016-12-01,경기,안양시 동안구,전세가율,전세가율,81.5979
2017-01-01,경기,안양시 동안구,전세가율,전세가율,81.5551
2017-02-01,경기,안양시 동안구,전세가율,전세가율,81.4246
2017-03-01,경기,안양시 동안구,전세가율,전세가율,81.2634
2017-04-01,경기,안양시 동안구,전세가율,전세가율,81.4439
2017-05-01,경기,안양시 동안구,전세가율,전세가율,81.3123
2017-06-01,경기,안양시 동안구,전세가율,전세가율,81.0476
2017-07-01,경기,안양시 동안구,전세가율,전세가율,80.9026
2017-08-01,경기,안양시 동안구,전세가율,전세가율,80.3093
2017-09-01,경기,안양시 동안구,전세가율,전세가율,80.2904
2017-10-01,경기,안양시 동안구,전세가율,전세가율,79.838
2017-11-01,경기,안양시 동안구,전세가율,전세가율,79.5335
2017-12-01,경기,안양시 동안구,전세가율,전세가율,79.1759
2018-01-01,경기,안양시 동안구,전세가율,전세가율,78.5802
2018-02-01,경기,안양시 동안구,전세가율,전세가율,78.3652
2018-03-01,경기,안양시 동안구,전세가율,전세가율,77.5524
2018-04-01,경기,안양시 동안구,전세가율,전세가율,76.4354
2018-05-01,경기,안양시 동안구,전세가율,전세가율,75.9433
2018-06-01,경기,안양시 동안구,전세가율,전세가율,75.5067
2018-07-01,경기,안양시 동안구,전세가율,전세가율,74.7407
2018-08-01,경기,안양시 동안구,전세가율,전세가율,74.1141
2018-09-01,경기,안양시 동안구,전세가율,전세가율,72.4457
2018-10-01,경기,안양시 동안구,전세가율,전세가율,70.7352
2018-11-01,경기,안양시 동안구,전세가율,전세가율,70.2035
2018-12-01,경기,안양시 동안구,전세가율,전세가율,70.0982
2019-01-01,경기,안양시 동안구,전세가율,전세가율,70.0995
2019-02-01,경기,안양시 동안구,전세가율,전세가율,70.0995
2019-03-01,경기,안양시 동안구,전세가율,전세가율,68.9915
2019-04-01,경기,안양시 동안구,전세가율,전세가율,68.6241
2019-05-01,경기,안양시 동안구,전세가율,전세가율,67.8567
2019-06-01,경기,안양시 동안구,전세가율,전세가율,67.4288
2019-07-01,경기,안양시 동안구,전세가율,전세가율,67.7379
2019-08-01,경기,안양시 동안구,전세가율,전세가율,67.8376
2019-09-01,경기,안양시 동안구,전세가율,전세가율,67.6944
2019-10-01,경기,안양시 동안구,전세가율,전세가율,67.9175
2019-11-01,경기,안양시 동안구,전세가율,전세가율,68.3099
2019-12-01,경기,안양시 동안구,전세가율,전세가율,68.0452
2020-01-01,경기,안양시 동안구,전세가율,전세가율,68.8598
2020-02-01,경기,안양시 동안구,전세가율,전세가율,68.3908
2020-03-01,경기,안양시 동안구,전세가율,전세가율,68.3908
2020-04-01,경기,안양시 동안구,전세가율,전세가율,66.5486
2020-05-01,경기,안양시 동안구,전세가율,전세가율,66.6033
2020-06-01,경기,안양시 동안구,전세가율,전세가율,65.5467
2020-07-01,경기,안양시 동안구,전세가율,전세가율,64.9227
2020-08-01,경기,안양시 동안구,전세가율,전세가율,64.1534
2020-09-01,경기,안양시 동안구,전세가율,전세가율,64.1534
2020-10-01,경기,안양시 동안구,전세가율,전세가율,64.606
2020-11-01,경기,안양시 동안구,전세가율,전세가율,65.3016
2020-12-01,경기,안양시 동안구,전세가율,전세가율,65.5205
2021-01-01,경기,안양시 동안구,전세가율,전세가율,65.1539
2021-02-01,경기,안양시 동안구,전세가율,전세가율,63.6402
2021-03-01,경기,안양시 동안구,전세가율,전세가율,62.3147
2021-04-01,경기,안양시 동안구,전세가율,전세가율,62.8718
2021-05-01,경기,안양시 동안구,전세가율,전세가율,62.8155
2021-06-01,경기,안양시 동안구,전세가율,전세가율,62.014
2021-07-01,경기,안양시 동안구,전세가율,전세가율,61.9816
2021-08-01,경기,안양시 동안구,전세가율,전세가율,60.7971
2021-09-01,경기,안양시 동안구,전세가율,전세가율,59.64
2021-10-01,경기,안양시 동안구,전세가율,전세가율,59.0157
2021-11-01,경기,안양시 동안구,전세가율,전세가율,58.1264
2021-12-01,경기,안양시 동안구,전세가율,전세가율,57.95
2022-01-01,경기,안양시 동안구,전세가율,전세가율,57.0905
2022-02-01,경기,안양시 동안구,전세가율,전세가율,56.6444
2022-03-01,경기,안양시 동안구,전세가율,전세가율,56.3966
2022-04-01,경기,안양시 동안구,전세가율,전세가율,56.1235
2022-05-01,경기,안양시 동안구,전세가율,전세가율,56.1511
2022-06-01,경기,안양시 동안구,전세가율,전세가율,56.3153
2022-07-01,경기,안양시 동안구,전세가율,전세가율,56.5287
2022-08-01,경기,안양시 동안구,전세가율,전세가율,56.6985
2022-09-01,경기,안양시 동안구,전세가율,전세가율,56.9061
2022-10-01,경기,안양시 동안구,전세가율,전세가율,57.5091
2022-11-01,경기,안양시 동안구,전세가율,전세가율,56.8815
2022-12-01,경기,안양시 동안구,전세가율,전세가율,56.6006
2023-01-01,경기,안양시 동안구,전세가율,전세가율,56.1654
2023-02-01,경기,안양시 동안구,전세가율,전세가율,56.3083
2023-03-01,경기,안양시 동안구,전세가율,전세가율,56.4993
2023-04-01,경기,안양시 동안구,전세가율,전세가율,57.2576
2023-05-01,경기,안양시 동안구,전세가율,전세가율,57.8401
2023-06-01,경기,안양시 동안구,전세가율,전세가율,57.8443
2023-07-01,경기,안양시 동안구,전세가율,전세가율,57.8403
2023-08-01,경기,안양시 동안구,전세가율,전세가율,57.7592
2023-09-01,경기,안양시 동안구,전세가율,전세가율,57.6776
2023-10-01,경기,안양시 동안구,전세가율,전세가율,57.7676
2023-11-01,경기,안양시 동안구,전세가율,전세가율,57.9611
2023-12-01,경기,안양시 동안구,전세가율,전세가율,58.3054
2024-01-01,경기,안양시 동안구,전세가율,전세가율,58.4587
2024-02-01,경기,안양시 동안구,전세가율,전세가율,58.562
2024-03-01,경기,안양시 동안구,전세가율,전세가율,58.81
2024-04-01,경기,안양시 동안구,전세가율,전세가율,59.1932
2024-05-01,경기,안양시 동안구,전세가율,전세가율,59.2912
2024-06-01,경기,안양시 동안구,전세가율,전세가율,59.3537
2024-07-01,경기,안양시 동안구,전세가율,전세가율,59.3495
2024-08-01,경기,안양시 동안구,전세가율,전세가율,59.1664
2024-09-01,경기,안양시 동안구,전세가율,전세가율,58.9484
2024-10-01,경기,안양시 동안구,전세가율,전세가율,58.6916
2024-11-01,경기,안양시 동안구,전세가율,전세가율,58.598
2024-12-01,경기,안양시 동안구,전세가율,전세가율,58.5186
2025-01-01,경기,안양시 동안구,전세가율,전세가율,58.3772
2025-02-01,경기,안양시 동안구,전세가율,전세가율,58.37
2025-03-01,경기,안양시 동안구,전세가율,전세가율,58.414
2025-04-01,경기,안양시 동안구,전세가율,전세가율,58.421
2025-05-01,경기,안양시 동안구,전세가율,전세가율,58.4535
2025-06-01,경기,안양시 동안구,전세가율,전세가율,58.6269
2025-07-01,경기,안양시 동안구,전세가율,전세가율,58.4682
2025-08-01,경기,안양시 동안구,전세가율,전세가율,58.4517
2025-09-01,경기,안양시 동안구,전세가율,전세가율,58.3974
2025-10-01,경기,안양시 동안구,전세가율,전세가율,57.9288
2025-11-01,경기,안양시 동안구,전세가율,전세가율,57.488
2025-12-01,경기,안양시 동안구,전세가율,전세가율,57.72
2026-01-01,경기,안양시 동안구,전세가율,전세가율,57.7874
2026-02-01,경기,안양시 동안구,전세가율,전세가율,57.303
2026-03-01,경기,안양시 동안구,전세가율,전세가율,56.3433
2026-04-01,경기,안양시 동안구,전세가율,전세가율,56.1616
2026-05-01,경기,안양시 동안구,전세가율,전세가율,56.0863
2026-06-01,경기,안양시 동안구,전세가율,전세가율,56.0693
2013-04-01,경기,안양시 만안구,전세가율,전세가율,61.532
2013-05-01,경기,안양시 만안구,전세가율,전세가율,61.7861
2013-06-01,경기,안양시 만안구,전세가율,전세가율,62.0121
2013-07-01,경기,안양시 만안구,전세가율,전세가율,62.5055
2013-08-01,경기,안양시 만안구,전세가율,전세가율,63.2137
2013-09-01,경기,안양시 만안구,전세가율,전세가율,64.3523
2013-10-01,경기,안양시 만안구,전세가율,전세가율,65.1068
2013-11-01,경기,안양시 만안구,전세가율,전세가율,65.4098
2013-12-01,경기,안양시 만안구,전세가율,전세가율,66.1076
2014-01-01,경기,안양시 만안구,전세가율,전세가율,67.0237
2014-02-01,경기,안양시 만안구,전세가율,전세가율,67.3831
2014-03-01,경기,안양시 만안구,전세가율,전세가율,68.1716
2014-04-01,경기,안양시 만안구,전세가율,전세가율,68.6526
2014-05-01,경기,안양시 만안구,전세가율,전세가율,68.6016
2014-06-01,경기,안양시 만안구,전세가율,전세가율,68.8735
2014-07-01,경기,안양시 만안구,전세가율,전세가율,69.0336
2014-08-01,경기,안양시 만안구,전세가율,전세가율,69.5259
2014-09-01,경기,안양시 만안구,전세가율,전세가율,70.5989
2014-10-01,경기,안양시 만안구,전세가율,전세가율,70.7231
2014-11-01,경기,안양시 만안구,전세가율,전세가율,71.1221
2014-12-01,경기,안양시 만안구,전세가율,전세가율,71.0806
2015-01-01,경기,안양시 만안구,전세가율,전세가율,71.2738
2015-02-01,경기,안양시 만안구,전세가율,전세가율,72.1431
2015-03-01,경기,안양시 만안구,전세가율,전세가율,72.5652
2015-04-01,경기,안양시 만안구,전세가율,전세가율,72.9697
2015-05-01,경기,안양시 만안구,전세가율,전세가율,73.4948
2015-06-01,경기,안양시 만안구,전세가율,전세가율,73.9993
2015-07-01,경기,안양시 만안구,전세가율,전세가율,74.6665
2015-08-01,경기,안양시 만안구,전세가율,전세가율,75.0405
2015-09-01,경기,안양시 만안구,전세가율,전세가율,76.2518
2015-10-01,경기,안양시 만안구,전세가율,전세가율,76.4696
2015-11-01,경기,안양시 만안구,전세가율,전세가율,77.1483
2015-12-01,경기,안양시 만안구,전세가율,전세가율,77.0352
2016-01-01,경기,안양시 만안구,전세가율,전세가율,78.2116
2016-02-01,경기,안양시 만안구,전세가율,전세가율,78.5889
2016-03-01,경기,안양시 만안구,전세가율,전세가율,78.5889
2016-04-01,경기,안양시 만안구,전세가율,전세가율,79.2693
2016-05-01,경기,안양시 만안구,전세가율,전세가율,80.0072
2016-06-01,경기,안양시 만안구,전세가율,전세가율,80.1393
2016-07-01,경기,안양시 만안구,전세가율,전세가율,80.2103
2016-08-01,경기,안양시 만안구,전세가율,전세가율,80.2511
2016-09-01,경기,안양시 만안구,전세가율,전세가율,80.1005
2016-10-01,경기,안양시 만안구,전세가율,전세가율,80.1417
2016-11-01,경기,안양시 만안구,전세가율,전세가율,80.1229
2016-12-01,경기,안양시 만안구,전세가율,전세가율,80.1014
2017-01-01,경기,안양시 만안구,전세가율,전세가율,80.6837
2017-02-01,경기,안양시 만안구,전세가율,전세가율,81.3613
2017-03-01,경기,안양시 만안구,전세가율,전세가율,81.5438
2017-04-01,경기,안양시 만안구,전세가율,전세가율,81.4816
2017-05-01,경기,안양시 만안구,전세가율,전세가율,82.0358
2017-06-01,경기,안양시 만안구,전세가율,전세가율,81.668
2017-07-01,경기,안양시 만안구,전세가율,전세가율,80.7316
2017-08-01,경기,안양시 만안구,전세가율,전세가율,79.5922
2017-09-01,경기,안양시 만안구,전세가율,전세가율,79.2984
2017-10-01,경기,안양시 만안구,전세가율,전세가율,79.1335
2017-11-01,경기,안양시 만안구,전세가율,전세가율,79.0787
2017-12-01,경기,안양시 만안구,전세가율,전세가율,78.8264
2018-01-01,경기,안양시 만안구,전세가율,전세가율,78.5058
2018-02-01,경기,안양시 만안구,전세가율,전세가율,78.3762
2018-03-01,경기,안양시 만안구,전세가율,전세가율,77.9342
2018-04-01,경기,안양시 만안구,전세가율,전세가율,77.0272
2018-05-01,경기,안양시 만안구,전세가율,전세가율,76.811
2018-06-01,경기,안양시 만안구,전세가율,전세가율,76.5447
2018-07-01,경기,안양시 만안구,전세가율,전세가율,76.0964
2018-08-01,경기,안양시 만안구,전세가율,전세가율,76.0303
2018-09-01,경기,안양시 만안구,전세가율,전세가율,74.1905
2018-10-01,경기,안양시 만안구,전세가율,전세가율,72.4956
2018-11-01,경기,안양시 만안구,전세가율,전세가율,72.0305
2018-12-01,경기,안양시 만안구,전세가율,전세가율,71.9187
2019-01-01,경기,안양시 만안구,전세가율,전세가율,71.4554
2019-02-01,경기,안양시 만안구,전세가율,전세가율,71.4554
2019-03-01,경기,안양시 만안구,전세가율,전세가율,70.7319
2019-04-01,경기,안양시 만안구,전세가율,전세가율,70.8058
2019-05-01,경기,안양시 만안구,전세가율,전세가율,70.8915
2019-06-01,경기,안양시 만안구,전세가율,전세가율,70.5642
2019-07-01,경기,안양시 만안구,전세가율,전세가율,70.2747
2019-08-01,경기,안양시 만안구,전세가율,전세가율,71.9509
2019-09-01,경기,안양시 만안구,전세가율,전세가율,71.6926
2019-10-01,경기,안양시 만안구,전세가율,전세가율,71.5984
2019-11-01,경기,안양시 만안구,전세가율,전세가율,71.5795
2019-12-01,경기,안양시 만안구,전세가율,전세가율,71.0723
2020-01-01,경기,안양시 만안구,전세가율,전세가율,70.6964
2020-02-01,경기,안양시 만안구,전세가율,전세가율,69.3182
2020-03-01,경기,안양시 만안구,전세가율,전세가율,69.3182
2020-04-01,경기,안양시 만안구,전세가율,전세가율,67.0028
2020-05-01,경기,안양시 만안구,전세가율,전세가율,66.6639
2020-06-01,경기,안양시 만안구,전세가율,전세가율,65.1589
2020-07-01,경기,안양시 만안구,전세가율,전세가율,64.1021
2020-08-01,경기,안양시 만안구,전세가율,전세가율,64.4931
2020-09-01,경기,안양시 만안구,전세가율,전세가율,64.4931
2020-10-01,경기,안양시 만안구,전세가율,전세가율,66.8638
2020-11-01,경기,안양시 만안구,전세가율,전세가율,68.5313
2020-12-01,경기,안양시 만안구,전세가율,전세가율,69.1657
2021-01-01,경기,안양시 만안구,전세가율,전세가율,69.3706
2021-02-01,경기,안양시 만안구,전세가율,전세가율,68.4478
2021-03-01,경기,안양시 만안구,전세가율,전세가율,67.201
2021-04-01,경기,안양시 만안구,전세가율,전세가율,66.6146
2021-05-01,경기,안양시 만안구,전세가율,전세가율,65.9414
2021-06-01,경기,안양시 만안구,전세가율,전세가율,65.8964
2021-07-01,경기,안양시 만안구,전세가율,전세가율,65.5493
2021-08-01,경기,안양시 만안구,전세가율,전세가율,65.6414
2021-09-01,경기,안양시 만안구,전세가율,전세가율,64.3257
2021-10-01,경기,안양시 만안구,전세가율,전세가율,63.6411
2021-11-01,경기,안양시 만안구,전세가율,전세가율,63.4465
2021-12-01,경기,안양시 만안구,전세가율,전세가율,63.5604
2022-01-01,경기,안양시 만안구,전세가율,전세가율,63.1641
2022-02-01,경기,안양시 만안구,전세가율,전세가율,63.341
2022-03-01,경기,안양시 만안구,전세가율,전세가율,62.9944
2022-04-01,경기,안양시 만안구,전세가율,전세가율,63.0884
2022-05-01,경기,안양시 만안구,전세가율,전세가율,62.8612
2022-06-01,경기,안양시 만안구,전세가율,전세가율,62.7805
2022-07-01,경기,안양시 만안구,전세가율,전세가율,62.8239
2022-08-01,경기,안양시 만안구,전세가율,전세가율,63.027
2022-09-01,경기,안양시 만안구,전세가율,전세가율,63.2149
2022-10-01,경기,안양시 만안구,전세가율,전세가율,63.612
2022-11-01,경기,안양시 만안구,전세가율,전세가율,63.7438
2022-12-01,경기,안양시 만안구,전세가율,전세가율,63.429
2023-01-01,경기,안양시 만안구,전세가율,전세가율,63.0717
2023-02-01,경기,안양시 만안구,전세가율,전세가율,62.8024
2023-03-01,경기,안양시 만안구,전세가율,전세가율,62.8349
2023-04-01,경기,안양시 만안구,전세가율,전세가율,62.9459
2023-05-01,경기,안양시 만안구,전세가율,전세가율,63.2347
2023-06-01,경기,안양시 만안구,전세가율,전세가율,63.2432
2023-07-01,경기,안양시 만안구,전세가율,전세가율,63.4522
2023-08-01,경기,안양시 만안구,전세가율,전세가율,63.4418
2023-09-01,경기,안양시 만안구,전세가율,전세가율,63.48
2023-10-01,경기,안양시 만안구,전세가율,전세가율,63.4478
2023-11-01,경기,안양시 만안구,전세가율,전세가율,63.4224
2023-12-01,경기,안양시 만안구,전세가율,전세가율,63.8286
2024-01-01,경기,안양시 만안구,전세가율,전세가율,64.1233
2024-02-01,경기,안양시 만안구,전세가율,전세가율,64.2845
2024-03-01,경기,안양시 만안구,전세가율,전세가율,64.5062
2024-04-01,경기,안양시 만안구,전세가율,전세가율,65.1328
2024-05-01,경기,안양시 만안구,전세가율,전세가율,65.0087
2024-06-01,경기,안양시 만안구,전세가율,전세가율,64.9955
2024-07-01,경기,안양시 만안구,전세가율,전세가율,65.0031
2024-08-01,경기,안양시 만안구,전세가율,전세가율,65.0428
2024-09-01,경기,안양시 만안구,전세가율,전세가율,64.9171
2024-10-01,경기,안양시 만안구,전세가율,전세가율,64.9842
2024-11-01,경기,안양시 만안구,전세가율,전세가율,64.8411
2024-12-01,경기,안양시 만안구,전세가율,전세가율,64.6171
2025-01-01,경기,안양시 만안구,전세가율,전세가율,64.4167
2025-02-01,경기,안양시 만안구,전세가율,전세가율,64.1793
2025-03-01,경기,안양시 만안구,전세가율,전세가율,63.7779
2025-04-01,경기,안양시 만안구,전세가율,전세가율,63.9171
2025-05-01,경기,안양시 만안구,전세가율,전세가율,64.2495
2025-06-01,경기,안양시 만안구,전세가율,전세가율,64.6306
2025-07-01,경기,안양시 만안구,전세가율,전세가율,64.9528
2025-08-01,경기,안양시 만안구,전세가율,전세가율,65.0608
2025-09-01,경기,안양시 만안구,전세가율,전세가율,65.2244
2025-10-01,경기,안양시 만안구,전세가율,전세가율,65.3214
2025-11-01,경기,안양시 만안구,전세가율,전세가율,65.0619
2025-12-01,경기,안양시 만안구,전세가율,전세가율,65.1721
2026-01-01,경기,안양시 만안구,전세가율,전세가율,65.4536
2026-02-01,경기,안양시 만안구,전세가율,전세가율,65.2589
2026-03-01,경기,안양시 만안구,전세가율,전세가율,64.9804
2026-04-01,경기,안양시 만안구,전세가율,전세가율,65.2481
2026-05-01,경기,안양시 만안구,전세가율,전세가율,65.1774
2026-06-01,경기,안양시 만안구,전세가율,전세가율,65.0696
2013-04-01,경기,양주시,전세가율,전세가율,46.0048
2013-05-01,경기,양주시,전세가율,전세가율,46.5607
2013-06-01,경기,양주시,전세가율,전세가율,47.4182
2013-07-01,경기,양주시,전세가율,전세가율,47.7716
2013-08-01,경기,양주시,전세가율,전세가율,49.0415
2013-09-01,경기,양주시,전세가율,전세가율,49.8784
2013-10-01,경기,양주시,전세가율,전세가율,50.2867
2013-11-01,경기,양주시,전세가율,전세가율,50.977
2013-12-01,경기,양주시,전세가율,전세가율,51.1213
2014-01-01,경기,양주시,전세가율,전세가율,51.1953
2014-02-01,경기,양주시,전세가율,전세가율,51.8613
2014-03-01,경기,양주시,전세가율,전세가율,52.4916
2014-04-01,경기,양주시,전세가율,전세가율,53.1424
2014-05-01,경기,양주시,전세가율,전세가율,53.1544
2014-06-01,경기,양주시,전세가율,전세가율,53.3331
2014-07-01,경기,양주시,전세가율,전세가율,53.6795
2014-08-01,경기,양주시,전세가율,전세가율,53.7901
2014-09-01,경기,양주시,전세가율,전세가율,54.023
2014-10-01,경기,양주시,전세가율,전세가율,54.1255
2014-11-01,경기,양주시,전세가율,전세가율,54.2055
2014-12-01,경기,양주시,전세가율,전세가율,54.4309
2015-01-01,경기,양주시,전세가율,전세가율,54.5248
2015-02-01,경기,양주시,전세가율,전세가율,54.613
2015-03-01,경기,양주시,전세가율,전세가율,55.1038
2015-04-01,경기,양주시,전세가율,전세가율,55.9843
2015-05-01,경기,양주시,전세가율,전세가율,56.8732
2015-06-01,경기,양주시,전세가율,전세가율,58.9204
2015-07-01,경기,양주시,전세가율,전세가율,59.1472
2015-08-01,경기,양주시,전세가율,전세가율,59.2594
2015-09-01,경기,양주시,전세가율,전세가율,59.9805
2015-10-01,경기,양주시,전세가율,전세가율,61.9435
2015-11-01,경기,양주시,전세가율,전세가율,62.59
2015-12-01,경기,양주시,전세가율,전세가율,63.0166
2016-01-01,경기,양주시,전세가율,전세가율,64.8092
2016-02-01,경기,양주시,전세가율,전세가율,66.7042
2016-03-01,경기,양주시,전세가율,전세가율,66.7042
2016-04-01,경기,양주시,전세가율,전세가율,67.6531
2016-05-01,경기,양주시,전세가율,전세가율,68.1827
2016-06-01,경기,양주시,전세가율,전세가율,68.4309
2016-07-01,경기,양주시,전세가율,전세가율,68.2075
2016-08-01,경기,양주시,전세가율,전세가율,69.3916
2016-09-01,경기,양주시,전세가율,전세가율,70.4781
2016-10-01,경기,양주시,전세가율,전세가율,70.524
2016-11-01,경기,양주시,전세가율,전세가율,70.8314
2016-12-01,경기,양주시,전세가율,전세가율,71.2679
2017-01-01,경기,양주시,전세가율,전세가율,70.9116
2017-02-01,경기,양주시,전세가율,전세가율,70.602
2017-03-01,경기,양주시,전세가율,전세가율,71.2074
2017-04-01,경기,양주시,전세가율,전세가율,71.186
2017-05-01,경기,양주시,전세가율,전세가율,71.2728
2017-06-01,경기,양주시,전세가율,전세가율,71.1361
2017-07-01,경기,양주시,전세가율,전세가율,71.0212
2017-08-01,경기,양주시,전세가율,전세가율,71.036
2017-09-01,경기,양주시,전세가율,전세가율,71.038
2017-10-01,경기,양주시,전세가율,전세가율,71.1104
2017-11-01,경기,양주시,전세가율,전세가율,71.2448
2017-12-01,경기,양주시,전세가율,전세가율,71.2714
2018-01-01,경기,양주시,전세가율,전세가율,71.4261
2018-02-01,경기,양주시,전세가율,전세가율,71.3902
2018-03-01,경기,양주시,전세가율,전세가율,71.337
2018-04-01,경기,양주시,전세가율,전세가율,71.2553
2018-05-01,경기,양주시,전세가율,전세가율,71.1886
2018-06-01,경기,양주시,전세가율,전세가율,70.7677
2018-07-01,경기,양주시,전세가율,전세가율,70.5501
2018-08-01,경기,양주시,전세가율,전세가율,70.5688
2018-09-01,경기,양주시,전세가율,전세가율,70.6094
2018-10-01,경기,양주시,전세가율,전세가율,70.5099
2018-11-01,경기,양주시,전세가율,전세가율,70.54
2018-12-01,경기,양주시,전세가율,전세가율,70.6427
2019-01-01,경기,양주시,전세가율,전세가율,71.087
2019-02-01,경기,양주시,전세가율,전세가율,71.087
2019-03-01,경기,양주시,전세가율,전세가율,71.1702
2019-04-01,경기,양주시,전세가율,전세가율,71.2615
2019-05-01,경기,양주시,전세가율,전세가율,71.4486
2019-06-01,경기,양주시,전세가율,전세가율,71.5999
2019-07-01,경기,양주시,전세가율,전세가율,71.5772
2019-08-01,경기,양주시,전세가율,전세가율,71.5386
2019-09-01,경기,양주시,전세가율,전세가율,71.5843
2019-10-01,경기,양주시,전세가율,전세가율,71.569
2019-11-01,경기,양주시,전세가율,전세가율,71.5776
2019-12-01,경기,양주시,전세가율,전세가율,71.7656
2020-01-01,경기,양주시,전세가율,전세가율,71.8062
2020-02-01,경기,양주시,전세가율,전세가율,71.7506
2020-03-01,경기,양주시,전세가율,전세가율,71.7506
2020-04-01,경기,양주시,전세가율,전세가율,71.8889
2020-05-01,경기,양주시,전세가율,전세가율,71.9445
2020-06-01,경기,양주시,전세가율,전세가율,71.9441
2020-07-01,경기,양주시,전세가율,전세가율,71.6407
2020-08-01,경기,양주시,전세가율,전세가율,71.5251
2020-09-01,경기,양주시,전세가율,전세가율,71.5251
2020-10-01,경기,양주시,전세가율,전세가율,73.0485
2020-11-01,경기,양주시,전세가율,전세가율,73.6249
2020-12-01,경기,양주시,전세가율,전세가율,74.6123
2021-01-01,경기,양주시,전세가율,전세가율,74.1248
2021-02-01,경기,양주시,전세가율,전세가율,70.6182
2021-03-01,경기,양주시,전세가율,전세가율,67.1159
2021-04-01,경기,양주시,전세가율,전세가율,66.6001
2021-05-01,경기,양주시,전세가율,전세가율,67.8276
2021-06-01,경기,양주시,전세가율,전세가율,67.9659
2021-07-01,경기,양주시,전세가율,전세가율,67.804
2021-08-01,경기,양주시,전세가율,전세가율,69.7449
2021-09-01,경기,양주시,전세가율,전세가율,69.72
2021-10-01,경기,양주시,전세가율,전세가율,69.2948
2021-11-01,경기,양주시,전세가율,전세가율,67.9699
2021-12-01,경기,양주시,전세가율,전세가율,68.2096
2022-01-01,경기,양주시,전세가율,전세가율,69.9324
2022-02-01,경기,양주시,전세가율,전세가율,67.9392
2022-03-01,경기,양주시,전세가율,전세가율,67.7633
2022-04-01,경기,양주시,전세가율,전세가율,67.73
2022-05-01,경기,양주시,전세가율,전세가율,67.4653
2022-06-01,경기,양주시,전세가율,전세가율,67.3215
2022-07-01,경기,양주시,전세가율,전세가율,67.1161
2022-08-01,경기,양주시,전세가율,전세가율,66.3362
2022-09-01,경기,양주시,전세가율,전세가율,65.7751
2022-10-01,경기,양주시,전세가율,전세가율,65.6405
2022-11-01,경기,양주시,전세가율,전세가율,65.0645
2022-12-01,경기,양주시,전세가율,전세가율,64.7525
2023-01-01,경기,양주시,전세가율,전세가율,62.1804
2023-02-01,경기,양주시,전세가율,전세가율,59.7669
2023-03-01,경기,양주시,전세가율,전세가율,59.2813
2023-04-01,경기,양주시,전세가율,전세가율,60.4267
2023-05-01,경기,양주시,전세가율,전세가율,59.9453
2023-06-01,경기,양주시,전세가율,전세가율,59.8121
2023-07-01,경기,양주시,전세가율,전세가율,59.4602
2023-08-01,경기,양주시,전세가율,전세가율,59.2296
2023-09-01,경기,양주시,전세가율,전세가율,58.8299
2023-10-01,경기,양주시,전세가율,전세가율,58.9466
2023-11-01,경기,양주시,전세가율,전세가율,59.035
2023-12-01,경기,양주시,전세가율,전세가율,58.9649
2024-01-01,경기,양주시,전세가율,전세가율,59.4931
2024-02-01,경기,양주시,전세가율,전세가율,59.8333
2024-03-01,경기,양주시,전세가율,전세가율,59.9968
2024-04-01,경기,양주시,전세가율,전세가율,60.1442
2024-05-01,경기,양주시,전세가율,전세가율,60.3315
2024-06-01,경기,양주시,전세가율,전세가율,60.4511
2024-07-01,경기,양주시,전세가율,전세가율,60.8194
2024-08-01,경기,양주시,전세가율,전세가율,61.1639
2024-09-01,경기,양주시,전세가율,전세가율,61.5062
2024-10-01,경기,양주시,전세가율,전세가율,61.9459
2024-11-01,경기,양주시,전세가율,전세가율,62.8272
2024-12-01,경기,양주시,전세가율,전세가율,63.1988
2025-01-01,경기,양주시,전세가율,전세가율,63.9302
2025-02-01,경기,양주시,전세가율,전세가율,64.3436
2025-03-01,경기,양주시,전세가율,전세가율,64.4668
2025-04-01,경기,양주시,전세가율,전세가율,65.3415
2025-05-01,경기,양주시,전세가율,전세가율,65.5481
2025-06-01,경기,양주시,전세가율,전세가율,65.8356
2025-07-01,경기,양주시,전세가율,전세가율,66.5073
2025-08-01,경기,양주시,전세가율,전세가율,66.3753
2025-09-01,경기,양주시,전세가율,전세가율,66.5296
2025-10-01,경기,양주시,전세가율,전세가율,67.0114
2025-11-01,경기,양주시,전세가율,전세가율,67.4484
2025-12-01,경기,양주시,전세가율,전세가율,67.7876
2026-01-01,경기,양주시,전세가율,전세가율,68.1706
2026-02-01,경기,양주시,전세가율,전세가율,68.9942
2026-03-01,경기,양주시,전세가율,전세가율,69.8847
2026-04-01,경기,양주시,전세가율,전세가율,70.5774
2026-05-01,경기,양주시,전세가율,전세가율,70.9605
2026-06-01,경기,양주시,전세가율,전세가율,71.7758
2022-11-01,경기,양평군,전세가율,전세가율,78.3608
2022-12-01,경기,양평군,전세가율,전세가율,78.1197
2023-01-01,경기,양평군,전세가율,전세가율,77.2706
2023-02-01,경기,양평군,전세가율,전세가율,76.9632
2023-03-01,경기,양평군,전세가율,전세가율,75.7998
2023-04-01,경기,양평군,전세가율,전세가율,75.5406
2023-05-01,경기,양평군,전세가율,전세가율,75.4718
2023-06-01,경기,양평군,전세가율,전세가율,75.0233
2023-07-01,경기,양평군,전세가율,전세가율,74.8445
2023-08-01,경기,양평군,전세가율,전세가율,73.0296
2023-09-01,경기,양평군,전세가율,전세가율,72.398
2023-10-01,경기,양평군,전세가율,전세가율,72.398
2023-11-01,경기,양평군,전세가율,전세가율,72.219
2023-12-01,경기,양평군,전세가율,전세가율,70.9722
2024-01-01,경기,양평군,전세가율,전세가율,70.9754
2024-02-01,경기,양평군,전세가율,전세가율,71.0318
2024-03-01,경기,양평군,전세가율,전세가율,71.2282
2024-04-01,경기,양평군,전세가율,전세가율,70.9158
2024-05-01,경기,양평군,전세가율,전세가율,70.8759
2024-06-01,경기,양평군,전세가율,전세가율,69.9474
2024-07-01,경기,양평군,전세가율,전세가율,69.4709
2024-08-01,경기,양평군,전세가율,전세가율,69.8973
2024-09-01,경기,양평군,전세가율,전세가율,70.96
2024-10-01,경기,양평군,전세가율,전세가율,71.7297
2024-11-01,경기,양평군,전세가율,전세가율,72.6992
2024-12-01,경기,양평군,전세가율,전세가율,73.0481
2025-01-01,경기,양평군,전세가율,전세가율,73.1178
2025-02-01,경기,양평군,전세가율,전세가율,73.406
2025-03-01,경기,양평군,전세가율,전세가율,73.3248
2025-04-01,경기,양평군,전세가율,전세가율,73.2948
2025-05-01,경기,양평군,전세가율,전세가율,73.2329
2025-06-01,경기,양평군,전세가율,전세가율,73.6345
2025-07-01,경기,양평군,전세가율,전세가율,73.566
2025-08-01,경기,양평군,전세가율,전세가율,73.5244
2025-09-01,경기,양평군,전세가율,전세가율,73.5865
2025-10-01,경기,양평군,전세가율,전세가율,74.169
2025-11-01,경기,양평군,전세가율,전세가율,74.4478
2025-12-01,경기,양평군,전세가율,전세가율,74.7068
2026-01-01,경기,양평군,전세가율,전세가율,74.5194
2026-02-01,경기,양평군,전세가율,전세가율,74.5115
2026-03-01,경기,양평군,전세가율,전세가율,74.7757
2026-04-01,경기,양평군,전세가율,전세가율,74.8041
2026-05-01,경기,양평군,전세가율,전세가율,74.6751
2026-06-01,경기,양평군,전세가율,전세가율,74.8432
2022-11-01,경기,여주시,전세가율,전세가율,81.6268
2022-12-01,경기,여주시,전세가율,전세가율,81.6384
2023-01-01,경기,여주시,전세가율,전세가율,81.587
2023-02-01,경기,여주시,전세가율,전세가율,81.3707
2023-03-01,경기,여주시,전세가율,전세가율,81.7492
2023-04-01,경기,여주시,전세가율,전세가율,81.3011
2023-05-01,경기,여주시,전세가율,전세가율,80.6165
2023-06-01,경기,여주시,전세가율,전세가율,80.3929
2023-07-01,경기,여주시,전세가율,전세가율,80.1724
2023-08-01,경기,여주시,전세가율,전세가율,80.263
2023-09-01,경기,여주시,전세가율,전세가율,80.2736
2023-10-01,경기,여주시,전세가율,전세가율,79.6768
2023-11-01,경기,여주시,전세가율,전세가율,79.8733
2023-12-01,경기,여주시,전세가율,전세가율,79.938
2024-01-01,경기,여주시,전세가율,전세가율,80.2129
2024-02-01,경기,여주시,전세가율,전세가율,80.7225
2024-03-01,경기,여주시,전세가율,전세가율,81.3998
2024-04-01,경기,여주시,전세가율,전세가율,81.2546
2024-05-01,경기,여주시,전세가율,전세가율,81.3588
2024-06-01,경기,여주시,전세가율,전세가율,81.2646
2024-07-01,경기,여주시,전세가율,전세가율,81.4402
2024-08-01,경기,여주시,전세가율,전세가율,81.5362
2024-09-01,경기,여주시,전세가율,전세가율,81.3199
2024-10-01,경기,여주시,전세가율,전세가율,81.5358
2024-11-01,경기,여주시,전세가율,전세가율,81.7031
2024-12-01,경기,여주시,전세가율,전세가율,80.6792
2025-01-01,경기,여주시,전세가율,전세가율,80.8817
2025-02-01,경기,여주시,전세가율,전세가율,80.9802
2025-03-01,경기,여주시,전세가율,전세가율,81.1725
2025-04-01,경기,여주시,전세가율,전세가율,80.8544
2025-05-01,경기,여주시,전세가율,전세가율,80.8564
2025-06-01,경기,여주시,전세가율,전세가율,80.2629
2025-07-01,경기,여주시,전세가율,전세가율,80.1608
2025-08-01,경기,여주시,전세가율,전세가율,80.2142
2025-09-01,경기,여주시,전세가율,전세가율,80.3184
2025-10-01,경기,여주시,전세가율,전세가율,80.3726
2025-11-01,경기,여주시,전세가율,전세가율,80.5824
2025-12-01,경기,여주시,전세가율,전세가율,80.6392
2026-01-01,경기,여주시,전세가율,전세가율,80.5424
2026-02-01,경기,여주시,전세가율,전세가율,80.6114
2026-03-01,경기,여주시,전세가율,전세가율,80.7844
2026-04-01,경기,여주시,전세가율,전세가율,81.1548
2026-05-01,경기,여주시,전세가율,전세가율,81.2966
2026-06-01,경기,여주시,전세가율,전세가율,81.0894
2022-11-01,경기,연천군,전세가율,전세가율,65.5213
2022-12-01,경기,연천군,전세가율,전세가율,65.5213
2023-01-01,경기,연천군,전세가율,전세가율,65.5213
2023-02-01,경기,연천군,전세가율,전세가율,65.5213
2023-03-01,경기,연천군,전세가율,전세가율,65.5213
2023-04-01,경기,연천군,전세가율,전세가율,65.5317
2023-05-01,경기,연천군,전세가율,전세가율,65.5317
2023-06-01,경기,연천군,전세가율,전세가율,65.3074
2023-07-01,경기,연천군,전세가율,전세가율,65.3074
2023-08-01,경기,연천군,전세가율,전세가율,65.3074
2023-09-01,경기,연천군,전세가율,전세가율,65.7384
2023-10-01,경기,연천군,전세가율,전세가율,65.5399
2023-11-01,경기,연천군,전세가율,전세가율,65.5399
2023-12-01,경기,연천군,전세가율,전세가율,65.5399
2024-01-01,경기,연천군,전세가율,전세가율,65.1512
2024-02-01,경기,연천군,전세가율,전세가율,65.1405
2024-03-01,경기,연천군,전세가율,전세가율,65.4382
2024-04-01,경기,연천군,전세가율,전세가율,65.4382
2024-05-01,경기,연천군,전세가율,전세가율,65.4382
2024-06-01,경기,연천군,전세가율,전세가율,65.2566
2024-07-01,경기,연천군,전세가율,전세가율,65.2566
2024-08-01,경기,연천군,전세가율,전세가율,65.2566
2024-09-01,경기,연천군,전세가율,전세가율,65.0621
2024-10-01,경기,연천군,전세가율,전세가율,65.0621
2024-11-01,경기,연천군,전세가율,전세가율,65.2488
2024-12-01,경기,연천군,전세가율,전세가율,65.3059
2025-01-01,경기,연천군,전세가율,전세가율,65.3443
2025-02-01,경기,연천군,전세가율,전세가율,64.8648
2025-03-01,경기,연천군,전세가율,전세가율,65.3205
2025-04-01,경기,연천군,전세가율,전세가율,65.5736
2025-05-01,경기,연천군,전세가율,전세가율,65.536
2025-06-01,경기,연천군,전세가율,전세가율,65.536
2025-07-01,경기,연천군,전세가율,전세가율,65.536
2025-08-01,경기,연천군,전세가율,전세가율,66.0803
2025-09-01,경기,연천군,전세가율,전세가율,66.9857
2025-10-01,경기,연천군,전세가율,전세가율,67.3778
2025-11-01,경기,연천군,전세가율,전세가율,67.3554
2025-12-01,경기,연천군,전세가율,전세가율,67.3554
2026-01-01,경기,연천군,전세가율,전세가율,67.3554
2026-02-01,경기,연천군,전세가율,전세가율,67.4815
2026-03-01,경기,연천군,전세가율,전세가율,67.4815
2026-04-01,경기,연천군,전세가율,전세가율,67.4397
2026-05-01,경기,연천군,전세가율,전세가율,68.1298
2026-06-01,경기,연천군,전세가율,전세가율,67.5569
2013-04-01,경기,오산시,전세가율,전세가율,62.9694
2013-05-01,경기,오산시,전세가율,전세가율,63.0343
2013-06-01,경기,오산시,전세가율,전세가율,63.0698
2013-07-01,경기,오산시,전세가율,전세가율,63.1937
2013-08-01,경기,오산시,전세가율,전세가율,63.3007
2013-09-01,경기,오산시,전세가율,전세가율,63.43
2013-10-01,경기,오산시,전세가율,전세가율,63.5022
2013-11-01,경기,오산시,전세가율,전세가율,63.6665
2013-12-01,경기,오산시,전세가율,전세가율,64.5471
2014-01-01,경기,오산시,전세가율,전세가율,64.7366
2014-02-01,경기,오산시,전세가율,전세가율,64.7901
2014-03-01,경기,오산시,전세가율,전세가율,66.3219
2014-04-01,경기,오산시,전세가율,전세가율,67.0859
2014-05-01,경기,오산시,전세가율,전세가율,68.6345
2014-06-01,경기,오산시,전세가율,전세가율,70.7155
2014-07-01,경기,오산시,전세가율,전세가율,70.8911
2014-08-01,경기,오산시,전세가율,전세가율,71.119
2014-09-01,경기,오산시,전세가율,전세가율,71.7392
2014-10-01,경기,오산시,전세가율,전세가율,72.1658
2014-11-01,경기,오산시,전세가율,전세가율,73.0269
2014-12-01,경기,오산시,전세가율,전세가율,74.3293
2015-01-01,경기,오산시,전세가율,전세가율,74.4391
2015-02-01,경기,오산시,전세가율,전세가율,74.4613
2015-03-01,경기,오산시,전세가율,전세가율,74.5923
2015-04-01,경기,오산시,전세가율,전세가율,74.9108
2015-05-01,경기,오산시,전세가율,전세가율,75.0255
2015-06-01,경기,오산시,전세가율,전세가율,75.2206
2015-07-01,경기,오산시,전세가율,전세가율,75.648
2015-08-01,경기,오산시,전세가율,전세가율,75.7216
2015-09-01,경기,오산시,전세가율,전세가율,75.7857
2015-10-01,경기,오산시,전세가율,전세가율,75.8622
2015-11-01,경기,오산시,전세가율,전세가율,75.867
2015-12-01,경기,오산시,전세가율,전세가율,76.1395
2016-01-01,경기,오산시,전세가율,전세가율,76.4357
2016-02-01,경기,오산시,전세가율,전세가율,76.8476
2016-03-01,경기,오산시,전세가율,전세가율,76.8476
2016-04-01,경기,오산시,전세가율,전세가율,77.4086
2016-05-01,경기,오산시,전세가율,전세가율,77.5878
2016-06-01,경기,오산시,전세가율,전세가율,77.551
2016-07-01,경기,오산시,전세가율,전세가율,77.4735
2016-08-01,경기,오산시,전세가율,전세가율,77.5486
2016-09-01,경기,오산시,전세가율,전세가율,77.5421
2016-10-01,경기,오산시,전세가율,전세가율,78.4785
2016-11-01,경기,오산시,전세가율,전세가율,78.6545
2016-12-01,경기,오산시,전세가율,전세가율,78.6135
2017-01-01,경기,오산시,전세가율,전세가율,79.4113
2017-02-01,경기,오산시,전세가율,전세가율,79.3861
2017-03-01,경기,오산시,전세가율,전세가율,79.3761
2017-04-01,경기,오산시,전세가율,전세가율,79.3567
2017-05-01,경기,오산시,전세가율,전세가율,79.3336
2017-06-01,경기,오산시,전세가율,전세가율,80.0077
2017-07-01,경기,오산시,전세가율,전세가율,80.0217
2017-08-01,경기,오산시,전세가율,전세가율,80.1471
2017-09-01,경기,오산시,전세가율,전세가율,80.0572
2017-10-01,경기,오산시,전세가율,전세가율,79.9695
2017-11-01,경기,오산시,전세가율,전세가율,79.6842
2017-12-01,경기,오산시,전세가율,전세가율,79.4884
2018-01-01,경기,오산시,전세가율,전세가율,78.6949
2018-02-01,경기,오산시,전세가율,전세가율,78.0736
2018-03-01,경기,오산시,전세가율,전세가율,78.1425
2018-04-01,경기,오산시,전세가율,전세가율,78.1996
2018-05-01,경기,오산시,전세가율,전세가율,78.0798
2018-06-01,경기,오산시,전세가율,전세가율,78.0313
2018-07-01,경기,오산시,전세가율,전세가율,77.9398
2018-08-01,경기,오산시,전세가율,전세가율,77.8118
2018-09-01,경기,오산시,전세가율,전세가율,77.848
2018-10-01,경기,오산시,전세가율,전세가율,76.8445
2018-11-01,경기,오산시,전세가율,전세가율,77.3534
2018-12-01,경기,오산시,전세가율,전세가율,77.1527
2019-01-01,경기,오산시,전세가율,전세가율,77.2781
2019-02-01,경기,오산시,전세가율,전세가율,77.2781
2019-03-01,경기,오산시,전세가율,전세가율,77.7691
2019-04-01,경기,오산시,전세가율,전세가율,77.7597
2019-05-01,경기,오산시,전세가율,전세가율,77.8328
2019-06-01,경기,오산시,전세가율,전세가율,77.9538
2019-07-01,경기,오산시,전세가율,전세가율,78.3852
2019-08-01,경기,오산시,전세가율,전세가율,78.3458
2019-09-01,경기,오산시,전세가율,전세가율,78.5206
2019-10-01,경기,오산시,전세가율,전세가율,78.8155
2019-11-01,경기,오산시,전세가율,전세가율,78.9467
2019-12-01,경기,오산시,전세가율,전세가율,78.9665
2020-01-01,경기,오산시,전세가율,전세가율,79.1559
2020-02-01,경기,오산시,전세가율,전세가율,79.1667
2020-03-01,경기,오산시,전세가율,전세가율,79.1667
2020-04-01,경기,오산시,전세가율,전세가율,77.541
2020-05-01,경기,오산시,전세가율,전세가율,77.2734
2020-06-01,경기,오산시,전세가율,전세가율,75.2997
2020-07-01,경기,오산시,전세가율,전세가율,74.4635
2020-08-01,경기,오산시,전세가율,전세가율,74.5835
2020-09-01,경기,오산시,전세가율,전세가율,74.5835
2020-10-01,경기,오산시,전세가율,전세가율,78.1639
2020-11-01,경기,오산시,전세가율,전세가율,78.2142
2020-12-01,경기,오산시,전세가율,전세가율,78.4217
2021-01-01,경기,오산시,전세가율,전세가율,77.0985
2021-02-01,경기,오산시,전세가율,전세가율,76.4703
2021-03-01,경기,오산시,전세가율,전세가율,74.1461
2021-04-01,경기,오산시,전세가율,전세가율,73.7857
2021-05-01,경기,오산시,전세가율,전세가율,72.7965
2021-06-01,경기,오산시,전세가율,전세가율,72.1801
2021-07-01,경기,오산시,전세가율,전세가율,71.6274
2021-08-01,경기,오산시,전세가율,전세가율,70.8183
2021-09-01,경기,오산시,전세가율,전세가율,70.0306
2021-10-01,경기,오산시,전세가율,전세가율,70.1645
2021-11-01,경기,오산시,전세가율,전세가율,69.8582
2021-12-01,경기,오산시,전세가율,전세가율,69.173
2022-01-01,경기,오산시,전세가율,전세가율,68.4228
2022-02-01,경기,오산시,전세가율,전세가율,68.8636
2022-03-01,경기,오산시,전세가율,전세가율,68.9166
2022-04-01,경기,오산시,전세가율,전세가율,68.9757
2022-05-01,경기,오산시,전세가율,전세가율,69.0464
2022-06-01,경기,오산시,전세가율,전세가율,69.4179
2022-07-01,경기,오산시,전세가율,전세가율,69.6882
2022-08-01,경기,오산시,전세가율,전세가율,70.3901
2022-09-01,경기,오산시,전세가율,전세가율,70.6962
2022-10-01,경기,오산시,전세가율,전세가율,70.6169
2022-11-01,경기,오산시,전세가율,전세가율,71.7115
2022-12-01,경기,오산시,전세가율,전세가율,71.8077
2023-01-01,경기,오산시,전세가율,전세가율,70.9825
2023-02-01,경기,오산시,전세가율,전세가율,69.7746
2023-03-01,경기,오산시,전세가율,전세가율,69.5074
2023-04-01,경기,오산시,전세가율,전세가율,69.3607
2023-05-01,경기,오산시,전세가율,전세가율,69.404
2023-06-01,경기,오산시,전세가율,전세가율,69.5818
2023-07-01,경기,오산시,전세가율,전세가율,69.5383
2023-08-01,경기,오산시,전세가율,전세가율,69.5584
2023-09-01,경기,오산시,전세가율,전세가율,69.5687
2023-10-01,경기,오산시,전세가율,전세가율,69.8628
2023-11-01,경기,오산시,전세가율,전세가율,70.1392
2023-12-01,경기,오산시,전세가율,전세가율,70.2216
2024-01-01,경기,오산시,전세가율,전세가율,70.3402
2024-02-01,경기,오산시,전세가율,전세가율,70.3495
2024-03-01,경기,오산시,전세가율,전세가율,70.3544
2024-04-01,경기,오산시,전세가율,전세가율,70.2937
2024-05-01,경기,오산시,전세가율,전세가율,70.3815
2024-06-01,경기,오산시,전세가율,전세가율,70.5324
2024-07-01,경기,오산시,전세가율,전세가율,70.4735
2024-08-01,경기,오산시,전세가율,전세가율,70.6378
2024-09-01,경기,오산시,전세가율,전세가율,70.658
2024-10-01,경기,오산시,전세가율,전세가율,70.7157
2024-11-01,경기,오산시,전세가율,전세가율,70.6957
2024-12-01,경기,오산시,전세가율,전세가율,70.793
2025-01-01,경기,오산시,전세가율,전세가율,70.8996
2025-02-01,경기,오산시,전세가율,전세가율,71.1953
2025-03-01,경기,오산시,전세가율,전세가율,71.4084
2025-04-01,경기,오산시,전세가율,전세가율,71.451
2025-05-01,경기,오산시,전세가율,전세가율,71.7413
2025-06-01,경기,오산시,전세가율,전세가율,71.91
2025-07-01,경기,오산시,전세가율,전세가율,72.0928
2025-08-01,경기,오산시,전세가율,전세가율,72.1816
2025-09-01,경기,오산시,전세가율,전세가율,72.3793
2025-10-01,경기,오산시,전세가율,전세가율,72.3875
2025-11-01,경기,오산시,전세가율,전세가율,72.4997
2025-12-01,경기,오산시,전세가율,전세가율,72.5296
2026-01-01,경기,오산시,전세가율,전세가율,72.5401
2026-02-01,경기,오산시,전세가율,전세가율,72.6232
2026-03-01,경기,오산시,전세가율,전세가율,72.821
2026-04-01,경기,오산시,전세가율,전세가율,72.854
2026-05-01,경기,오산시,전세가율,전세가율,73.0049
2026-06-01,경기,오산시,전세가율,전세가율,73.3754
2013-04-01,경기,용인시,전세가율,전세가율,57.0845
2013-05-01,경기,용인시,전세가율,전세가율,57.2688
2013-06-01,경기,용인시,전세가율,전세가율,58.2847
2013-07-01,경기,용인시,전세가율,전세가율,58.9077
2013-08-01,경기,용인시,전세가율,전세가율,59.7092
2013-09-01,경기,용인시,전세가율,전세가율,62.1152
2013-10-01,경기,용인시,전세가율,전세가율,63.8311
2013-11-01,경기,용인시,전세가율,전세가율,64.4142
2013-12-01,경기,용인시,전세가율,전세가율,64.9682
2014-01-01,경기,용인시,전세가율,전세가율,66.1279
2014-02-01,경기,용인시,전세가율,전세가율,66.5433
2014-03-01,경기,용인시,전세가율,전세가율,67.0875
2014-04-01,경기,용인시,전세가율,전세가율,67.0969
2014-05-01,경기,용인시,전세가율,전세가율,67.3564
2014-06-01,경기,용인시,전세가율,전세가율,67.4266
2014-07-01,경기,용인시,전세가율,전세가율,67.4659
2014-08-01,경기,용인시,전세가율,전세가율,67.3946
2014-09-01,경기,용인시,전세가율,전세가율,67.703
2014-10-01,경기,용인시,전세가율,전세가율,67.7988
2014-11-01,경기,용인시,전세가율,전세가율,68.4491
2014-12-01,경기,용인시,전세가율,전세가율,69.6993
2015-01-01,경기,용인시,전세가율,전세가율,70.5283
2015-02-01,경기,용인시,전세가율,전세가율,71.5642
2015-03-01,경기,용인시,전세가율,전세가율,72.0928
2015-04-01,경기,용인시,전세가율,전세가율,72.7491
2015-05-01,경기,용인시,전세가율,전세가율,73.1116
2015-06-01,경기,용인시,전세가율,전세가율,73.7075
2015-07-01,경기,용인시,전세가율,전세가율,73.8569
2015-08-01,경기,용인시,전세가율,전세가율,74.0798
2015-09-01,경기,용인시,전세가율,전세가율,75.6138
2015-10-01,경기,용인시,전세가율,전세가율,76.3164
2015-11-01,경기,용인시,전세가율,전세가율,77.0221
2015-12-01,경기,용인시,전세가율,전세가율,77.3191
2016-01-01,경기,용인시,전세가율,전세가율,77.6425
2016-02-01,경기,용인시,전세가율,전세가율,78.5735
2016-03-01,경기,용인시,전세가율,전세가율,79.1822
2016-04-01,경기,용인시,전세가율,전세가율,79.4937
2016-05-01,경기,용인시,전세가율,전세가율,79.8747
2016-06-01,경기,용인시,전세가율,전세가율,80.0876
2016-07-01,경기,용인시,전세가율,전세가율,80.3398
2016-08-01,경기,용인시,전세가율,전세가율,80.5075
2016-09-01,경기,용인시,전세가율,전세가율,80.5953
2016-10-01,경기,용인시,전세가율,전세가율,80.8726
2016-11-01,경기,용인시,전세가율,전세가율,81.139
2016-12-01,경기,용인시,전세가율,전세가율,81.3261
2017-01-01,경기,용인시,전세가율,전세가율,81.6344
2017-02-01,경기,용인시,전세가율,전세가율,81.6715
2017-03-01,경기,용인시,전세가율,전세가율,81.7887
2017-04-01,경기,용인시,전세가율,전세가율,81.804
2017-05-01,경기,용인시,전세가율,전세가율,81.8765
2017-06-01,경기,용인시,전세가율,전세가율,81.7432
2017-07-01,경기,용인시,전세가율,전세가율,81.7698
2017-08-01,경기,용인시,전세가율,전세가율,81.7497
2017-09-01,경기,용인시,전세가율,전세가율,82.05
2017-10-01,경기,용인시,전세가율,전세가율,82.1979
2017-11-01,경기,용인시,전세가율,전세가율,82.1743
2017-12-01,경기,용인시,전세가율,전세가율,81.9376
2018-01-01,경기,용인시,전세가율,전세가율,81.5691
2018-02-01,경기,용인시,전세가율,전세가율,81.2404
2018-03-01,경기,용인시,전세가율,전세가율,80.4914
2018-04-01,경기,용인시,전세가율,전세가율,79.7865
2018-05-01,경기,용인시,전세가율,전세가율,79.034
2018-06-01,경기,용인시,전세가율,전세가율,78.4782
2018-07-01,경기,용인시,전세가율,전세가율,77.705
2018-08-01,경기,용인시,전세가율,전세가율,77.2863
2018-09-01,경기,용인시,전세가율,전세가율,75.738
2018-10-01,경기,용인시,전세가율,전세가율,73.6149
2018-11-01,경기,용인시,전세가율,전세가율,72.8983
2018-12-01,경기,용인시,전세가율,전세가율,72.6688
2019-01-01,경기,용인시,전세가율,전세가율,72.4891
2019-02-01,경기,용인시,전세가율,전세가율,72.1477
2019-03-01,경기,용인시,전세가율,전세가율,71.9045
2019-04-01,경기,용인시,전세가율,전세가율,71.8289
2019-05-01,경기,용인시,전세가율,전세가율,71.6719
2019-06-01,경기,용인시,전세가율,전세가율,71.6468
2019-07-01,경기,용인시,전세가율,전세가율,71.278
2019-08-01,경기,용인시,전세가율,전세가율,71.1762
2019-09-01,경기,용인시,전세가율,전세가율,70.9736
2019-10-01,경기,용인시,전세가율,전세가율,70.8907
2019-11-01,경기,용인시,전세가율,전세가율,71.0638
2019-12-01,경기,용인시,전세가율,전세가율,71.283
2020-01-01,경기,용인시,전세가율,전세가율,71.4883
2020-02-01,경기,용인시,전세가율,전세가율,70.6613
2020-03-01,경기,용인시,전세가율,전세가율,69.0027
2020-04-01,경기,용인시,전세가율,전세가율,68.6264
2020-05-01,경기,용인시,전세가율,전세가율,68.6213
2020-06-01,경기,용인시,전세가율,전세가율,68.6195
2020-07-01,경기,용인시,전세가율,전세가율,68.4153
2020-08-01,경기,용인시,전세가율,전세가율,68.9275
2020-09-01,경기,용인시,전세가율,전세가율,69.8607
2020-10-01,경기,용인시,전세가율,전세가율,71.1974
2020-11-01,경기,용인시,전세가율,전세가율,74.2741
2020-12-01,경기,용인시,전세가율,전세가율,74.5286
2021-01-01,경기,용인시,전세가율,전세가율,73.6083
2021-02-01,경기,용인시,전세가율,전세가율,72.3841
2021-03-01,경기,용인시,전세가율,전세가율,71.5191
2021-04-01,경기,용인시,전세가율,전세가율,71.1163
2021-05-01,경기,용인시,전세가율,전세가율,70.6467
2021-06-01,경기,용인시,전세가율,전세가율,70.1753
2021-07-01,경기,용인시,전세가율,전세가율,69.5397
2021-08-01,경기,용인시,전세가율,전세가율,68.7129
2021-09-01,경기,용인시,전세가율,전세가율,67.5947
2021-10-01,경기,용인시,전세가율,전세가율,66.9514
2021-11-01,경기,용인시,전세가율,전세가율,66.7058
2021-12-01,경기,용인시,전세가율,전세가율,66.8861
2022-01-01,경기,용인시,전세가율,전세가율,67.059
2022-02-01,경기,용인시,전세가율,전세가율,67.0719
2022-03-01,경기,용인시,전세가율,전세가율,67.0189
2022-04-01,경기,용인시,전세가율,전세가율,67.0707
2022-05-01,경기,용인시,전세가율,전세가율,67.0944
2022-06-01,경기,용인시,전세가율,전세가율,67.0985
2022-07-01,경기,용인시,전세가율,전세가율,67.1214
2022-08-01,경기,용인시,전세가율,전세가율,67.1299
2022-09-01,경기,용인시,전세가율,전세가율,67.1778
2022-10-01,경기,용인시,전세가율,전세가율,67.0725
2022-11-01,경기,용인시,전세가율,전세가율,67.3912
2022-12-01,경기,용인시,전세가율,전세가율,66.3648
2023-01-01,경기,용인시,전세가율,전세가율,64.917
2023-02-01,경기,용인시,전세가율,전세가율,63.4888
2023-03-01,경기,용인시,전세가율,전세가율,63.6959
2023-04-01,경기,용인시,전세가율,전세가율,64.0455
2023-05-01,경기,용인시,전세가율,전세가율,64.0707
2023-06-01,경기,용인시,전세가율,전세가율,64.3354
2023-07-01,경기,용인시,전세가율,전세가율,64.2252
2023-08-01,경기,용인시,전세가율,전세가율,64.0956
2023-09-01,경기,용인시,전세가율,전세가율,64.0232
2023-10-01,경기,용인시,전세가율,전세가율,64.1382
2023-11-01,경기,용인시,전세가율,전세가율,64.5019
2023-12-01,경기,용인시,전세가율,전세가율,64.7919
2024-01-01,경기,용인시,전세가율,전세가율,65.0333
2024-02-01,경기,용인시,전세가율,전세가율,65.2344
2024-03-01,경기,용인시,전세가율,전세가율,65.4692
2024-04-01,경기,용인시,전세가율,전세가율,65.6923
2024-05-01,경기,용인시,전세가율,전세가율,65.8885
2024-06-01,경기,용인시,전세가율,전세가율,66.0504
2024-07-01,경기,용인시,전세가율,전세가율,66.0789
2024-08-01,경기,용인시,전세가율,전세가율,66.0481
2024-09-01,경기,용인시,전세가율,전세가율,65.9695
2024-10-01,경기,용인시,전세가율,전세가율,66.0025
2024-11-01,경기,용인시,전세가율,전세가율,66.1037
2024-12-01,경기,용인시,전세가율,전세가율,66.444
2025-01-01,경기,용인시,전세가율,전세가율,66.5853
2025-02-01,경기,용인시,전세가율,전세가율,66.7528
2025-03-01,경기,용인시,전세가율,전세가율,66.861
2025-04-01,경기,용인시,전세가율,전세가율,66.8458
2025-05-01,경기,용인시,전세가율,전세가율,66.8876
2025-06-01,경기,용인시,전세가율,전세가율,66.9213
2025-07-01,경기,용인시,전세가율,전세가율,66.8355
2025-08-01,경기,용인시,전세가율,전세가율,66.8636
2025-09-01,경기,용인시,전세가율,전세가율,66.8463
2025-10-01,경기,용인시,전세가율,전세가율,66.7339
2025-11-01,경기,용인시,전세가율,전세가율,66.4615
2025-12-01,경기,용인시,전세가율,전세가율,66.4553
2026-01-01,경기,용인시,전세가율,전세가율,66.4466
2026-02-01,경기,용인시,전세가율,전세가율,66.315
2026-03-01,경기,용인시,전세가율,전세가율,66.1831
2026-04-01,경기,용인시,전세가율,전세가율,66.181
2026-05-01,경기,용인시,전세가율,전세가율,66.2526
2026-06-01,경기,용인시,전세가율,전세가율,66.1475
2013-04-01,경기,용인시 기흥구,전세가율,전세가율,57.3684
2013-05-01,경기,용인시 기흥구,전세가율,전세가율,57.534
2013-06-01,경기,용인시 기흥구,전세가율,전세가율,58.2707
2013-07-01,경기,용인시 기흥구,전세가율,전세가율,58.4855
2013-08-01,경기,용인시 기흥구,전세가율,전세가율,59.1596
2013-09-01,경기,용인시 기흥구,전세가율,전세가율,60.9911
2013-10-01,경기,용인시 기흥구,전세가율,전세가율,63.2554
2013-11-01,경기,용인시 기흥구,전세가율,전세가율,64.1823
2013-12-01,경기,용인시 기흥구,전세가율,전세가율,64.6433
2014-01-01,경기,용인시 기흥구,전세가율,전세가율,66.4718
2014-02-01,경기,용인시 기흥구,전세가율,전세가율,67.1845
2014-03-01,경기,용인시 기흥구,전세가율,전세가율,68.2105
2014-04-01,경기,용인시 기흥구,전세가율,전세가율,68.0435
2014-05-01,경기,용인시 기흥구,전세가율,전세가율,68.7314
2014-06-01,경기,용인시 기흥구,전세가율,전세가율,68.9412
2014-07-01,경기,용인시 기흥구,전세가율,전세가율,69.031
2014-08-01,경기,용인시 기흥구,전세가율,전세가율,69.1058
2014-09-01,경기,용인시 기흥구,전세가율,전세가율,69.7238
2014-10-01,경기,용인시 기흥구,전세가율,전세가율,70.0632
2014-11-01,경기,용인시 기흥구,전세가율,전세가율,70.9312
2014-12-01,경기,용인시 기흥구,전세가율,전세가율,71.7489
2015-01-01,경기,용인시 기흥구,전세가율,전세가율,72.2516
2015-02-01,경기,용인시 기흥구,전세가율,전세가율,72.9247
2015-03-01,경기,용인시 기흥구,전세가율,전세가율,73.5473
2015-04-01,경기,용인시 기흥구,전세가율,전세가율,74.5405
2015-05-01,경기,용인시 기흥구,전세가율,전세가율,74.9875
2015-06-01,경기,용인시 기흥구,전세가율,전세가율,75.5682
2015-07-01,경기,용인시 기흥구,전세가율,전세가율,75.7234
2015-08-01,경기,용인시 기흥구,전세가율,전세가율,75.7055
2015-09-01,경기,용인시 기흥구,전세가율,전세가율,76.9012
2015-10-01,경기,용인시 기흥구,전세가율,전세가율,77.8025
2015-11-01,경기,용인시 기흥구,전세가율,전세가율,78.5137
2015-12-01,경기,용인시 기흥구,전세가율,전세가율,78.74
2016-01-01,경기,용인시 기흥구,전세가율,전세가율,79.217
2016-02-01,경기,용인시 기흥구,전세가율,전세가율,79.6663
2016-03-01,경기,용인시 기흥구,전세가율,전세가율,79.6663
2016-04-01,경기,용인시 기흥구,전세가율,전세가율,81.0864
2016-05-01,경기,용인시 기흥구,전세가율,전세가율,81.2494
2016-06-01,경기,용인시 기흥구,전세가율,전세가율,81.4694
2016-07-01,경기,용인시 기흥구,전세가율,전세가율,81.6382
2016-08-01,경기,용인시 기흥구,전세가율,전세가율,81.8357
2016-09-01,경기,용인시 기흥구,전세가율,전세가율,81.8415
2016-10-01,경기,용인시 기흥구,전세가율,전세가율,82.3177
2016-11-01,경기,용인시 기흥구,전세가율,전세가율,82.41
2016-12-01,경기,용인시 기흥구,전세가율,전세가율,82.5024
2017-01-01,경기,용인시 기흥구,전세가율,전세가율,82.8816
2017-02-01,경기,용인시 기흥구,전세가율,전세가율,82.8775
2017-03-01,경기,용인시 기흥구,전세가율,전세가율,82.9802
2017-04-01,경기,용인시 기흥구,전세가율,전세가율,82.9559
2017-05-01,경기,용인시 기흥구,전세가율,전세가율,83.1514
2017-06-01,경기,용인시 기흥구,전세가율,전세가율,83.1016
2017-07-01,경기,용인시 기흥구,전세가율,전세가율,83.0497
2017-08-01,경기,용인시 기흥구,전세가율,전세가율,83.0331
2017-09-01,경기,용인시 기흥구,전세가율,전세가율,83.6459
2017-10-01,경기,용인시 기흥구,전세가율,전세가율,83.546
2017-11-01,경기,용인시 기흥구,전세가율,전세가율,83.4839
2017-12-01,경기,용인시 기흥구,전세가율,전세가율,83.0053
2018-01-01,경기,용인시 기흥구,전세가율,전세가율,82.7919
2018-02-01,경기,용인시 기흥구,전세가율,전세가율,82.7708
2018-03-01,경기,용인시 기흥구,전세가율,전세가율,82.3424
2018-04-01,경기,용인시 기흥구,전세가율,전세가율,81.6525
2018-05-01,경기,용인시 기흥구,전세가율,전세가율,80.8416
2018-06-01,경기,용인시 기흥구,전세가율,전세가율,80.0631
2018-07-01,경기,용인시 기흥구,전세가율,전세가율,78.7143
2018-08-01,경기,용인시 기흥구,전세가율,전세가율,78.2285
2018-09-01,경기,용인시 기흥구,전세가율,전세가율,76.8083
2018-10-01,경기,용인시 기흥구,전세가율,전세가율,74.8039
2018-11-01,경기,용인시 기흥구,전세가율,전세가율,73.5434
2018-12-01,경기,용인시 기흥구,전세가율,전세가율,73.2344
2019-01-01,경기,용인시 기흥구,전세가율,전세가율,72.7169
2019-02-01,경기,용인시 기흥구,전세가율,전세가율,72.7169
2019-03-01,경기,용인시 기흥구,전세가율,전세가율,71.683
2019-04-01,경기,용인시 기흥구,전세가율,전세가율,71.7222
2019-05-01,경기,용인시 기흥구,전세가율,전세가율,71.4325
2019-06-01,경기,용인시 기흥구,전세가율,전세가율,71.4129
2019-07-01,경기,용인시 기흥구,전세가율,전세가율,71.4329
2019-08-01,경기,용인시 기흥구,전세가율,전세가율,71.2838
2019-09-01,경기,용인시 기흥구,전세가율,전세가율,71.2034
2019-10-01,경기,용인시 기흥구,전세가율,전세가율,71.1794
2019-11-01,경기,용인시 기흥구,전세가율,전세가율,71.4298
2019-12-01,경기,용인시 기흥구,전세가율,전세가율,71.914
2020-01-01,경기,용인시 기흥구,전세가율,전세가율,71.707
2020-02-01,경기,용인시 기흥구,전세가율,전세가율,71.2916
2020-03-01,경기,용인시 기흥구,전세가율,전세가율,71.2916
2020-04-01,경기,용인시 기흥구,전세가율,전세가율,69.1643
2020-05-01,경기,용인시 기흥구,전세가율,전세가율,68.9783
2020-06-01,경기,용인시 기흥구,전세가율,전세가율,68.7042
2020-07-01,경기,용인시 기흥구,전세가율,전세가율,68.8291
2020-08-01,경기,용인시 기흥구,전세가율,전세가율,70.2844
2020-09-01,경기,용인시 기흥구,전세가율,전세가율,70.2844
2020-10-01,경기,용인시 기흥구,전세가율,전세가율,71.9259
2020-11-01,경기,용인시 기흥구,전세가율,전세가율,76.2705
2020-12-01,경기,용인시 기흥구,전세가율,전세가율,76.3614
2021-01-01,경기,용인시 기흥구,전세가율,전세가율,74.9045
2021-02-01,경기,용인시 기흥구,전세가율,전세가율,74.1825
2021-03-01,경기,용인시 기흥구,전세가율,전세가율,73.6091
2021-04-01,경기,용인시 기흥구,전세가율,전세가율,72.8473
2021-05-01,경기,용인시 기흥구,전세가율,전세가율,72.348
2021-06-01,경기,용인시 기흥구,전세가율,전세가율,71.732
2021-07-01,경기,용인시 기흥구,전세가율,전세가율,70.7806
2021-08-01,경기,용인시 기흥구,전세가율,전세가율,69.5786
2021-09-01,경기,용인시 기흥구,전세가율,전세가율,68.4796
2021-10-01,경기,용인시 기흥구,전세가율,전세가율,67.8216
2021-11-01,경기,용인시 기흥구,전세가율,전세가율,67.4301
2021-12-01,경기,용인시 기흥구,전세가율,전세가율,67.7279
2022-01-01,경기,용인시 기흥구,전세가율,전세가율,67.916
2022-02-01,경기,용인시 기흥구,전세가율,전세가율,67.9204
2022-03-01,경기,용인시 기흥구,전세가율,전세가율,67.7515
2022-04-01,경기,용인시 기흥구,전세가율,전세가율,67.8686
2022-05-01,경기,용인시 기흥구,전세가율,전세가율,67.9289
2022-06-01,경기,용인시 기흥구,전세가율,전세가율,67.9176
2022-07-01,경기,용인시 기흥구,전세가율,전세가율,67.9535
2022-08-01,경기,용인시 기흥구,전세가율,전세가율,67.9342
2022-09-01,경기,용인시 기흥구,전세가율,전세가율,67.94
2022-10-01,경기,용인시 기흥구,전세가율,전세가율,67.8626
2022-11-01,경기,용인시 기흥구,전세가율,전세가율,67.4596
2022-12-01,경기,용인시 기흥구,전세가율,전세가율,66.044
2023-01-01,경기,용인시 기흥구,전세가율,전세가율,64.5798
2023-02-01,경기,용인시 기흥구,전세가율,전세가율,63.43
2023-03-01,경기,용인시 기흥구,전세가율,전세가율,63.5806
2023-04-01,경기,용인시 기흥구,전세가율,전세가율,64.0239
2023-05-01,경기,용인시 기흥구,전세가율,전세가율,64.1878
2023-06-01,경기,용인시 기흥구,전세가율,전세가율,64.3131
2023-07-01,경기,용인시 기흥구,전세가율,전세가율,64.1343
2023-08-01,경기,용인시 기흥구,전세가율,전세가율,63.9607
2023-09-01,경기,용인시 기흥구,전세가율,전세가율,63.7958
2023-10-01,경기,용인시 기흥구,전세가율,전세가율,63.8187
2023-11-01,경기,용인시 기흥구,전세가율,전세가율,64.0956
2023-12-01,경기,용인시 기흥구,전세가율,전세가율,64.3207
2024-01-01,경기,용인시 기흥구,전세가율,전세가율,64.5112
2024-02-01,경기,용인시 기흥구,전세가율,전세가율,64.6802
2024-03-01,경기,용인시 기흥구,전세가율,전세가율,65.0971
2024-04-01,경기,용인시 기흥구,전세가율,전세가율,65.3653
2024-05-01,경기,용인시 기흥구,전세가율,전세가율,65.645
2024-06-01,경기,용인시 기흥구,전세가율,전세가율,65.9883
2024-07-01,경기,용인시 기흥구,전세가율,전세가율,66.1301
2024-08-01,경기,용인시 기흥구,전세가율,전세가율,66.1983
2024-09-01,경기,용인시 기흥구,전세가율,전세가율,66.2351
2024-10-01,경기,용인시 기흥구,전세가율,전세가율,66.3447
2024-11-01,경기,용인시 기흥구,전세가율,전세가율,66.5635
2024-12-01,경기,용인시 기흥구,전세가율,전세가율,67.1602
2025-01-01,경기,용인시 기흥구,전세가율,전세가율,67.3559
2025-02-01,경기,용인시 기흥구,전세가율,전세가율,67.436
2025-03-01,경기,용인시 기흥구,전세가율,전세가율,67.523
2025-04-01,경기,용인시 기흥구,전세가율,전세가율,67.622
2025-05-01,경기,용인시 기흥구,전세가율,전세가율,67.6772
2025-06-01,경기,용인시 기흥구,전세가율,전세가율,67.7781
2025-07-01,경기,용인시 기흥구,전세가율,전세가율,67.8985
2025-08-01,경기,용인시 기흥구,전세가율,전세가율,67.9728
2025-09-01,경기,용인시 기흥구,전세가율,전세가율,68.1361
2025-10-01,경기,용인시 기흥구,전세가율,전세가율,68.1714
2025-11-01,경기,용인시 기흥구,전세가율,전세가율,68.2194
2025-12-01,경기,용인시 기흥구,전세가율,전세가율,68.4058
2026-01-01,경기,용인시 기흥구,전세가율,전세가율,68.3843
2026-02-01,경기,용인시 기흥구,전세가율,전세가율,68.2308
2026-03-01,경기,용인시 기흥구,전세가율,전세가율,68.2626
2026-04-01,경기,용인시 기흥구,전세가율,전세가율,68.2231
2026-05-01,경기,용인시 기흥구,전세가율,전세가율,68.3351
2026-06-01,경기,용인시 기흥구,전세가율,전세가율,68.2184
2013-04-01,경기,용인시 수지구,전세가율,전세가율,56.5612
2013-05-01,경기,용인시 수지구,전세가율,전세가율,56.6987
2013-06-01,경기,용인시 수지구,전세가율,전세가율,58.1352
2013-07-01,경기,용인시 수지구,전세가율,전세가율,59.2875
2013-08-01,경기,용인시 수지구,전세가율,전세가율,60.2984
2013-09-01,경기,용인시 수지구,전세가율,전세가율,63.7453
2013-10-01,경기,용인시 수지구,전세가율,전세가율,65.2283
2013-11-01,경기,용인시 수지구,전세가율,전세가율,65.5543
2013-12-01,경기,용인시 수지구,전세가율,전세가율,66.1415
2014-01-01,경기,용인시 수지구,전세가율,전세가율,66.8415
2014-02-01,경기,용인시 수지구,전세가율,전세가율,67.0448
2014-03-01,경기,용인시 수지구,전세가율,전세가율,67.1934
2014-04-01,경기,용인시 수지구,전세가율,전세가율,67.2055
2014-05-01,경기,용인시 수지구,전세가율,전세가율,67.0836
2014-06-01,경기,용인시 수지구,전세가율,전세가율,66.9982
2014-07-01,경기,용인시 수지구,전세가율,전세가율,66.9459
2014-08-01,경기,용인시 수지구,전세가율,전세가율,66.6344
2014-09-01,경기,용인시 수지구,전세가율,전세가율,66.6948
2014-10-01,경기,용인시 수지구,전세가율,전세가율,66.5482
2014-11-01,경기,용인시 수지구,전세가율,전세가율,66.636
2014-12-01,경기,용인시 수지구,전세가율,전세가율,68.3687
2015-01-01,경기,용인시 수지구,전세가율,전세가율,69.6639
2015-02-01,경기,용인시 수지구,전세가율,전세가율,71.2067
2015-03-01,경기,용인시 수지구,전세가율,전세가율,71.5581
2015-04-01,경기,용인시 수지구,전세가율,전세가율,72.0051
2015-05-01,경기,용인시 수지구,전세가율,전세가율,72.2339
2015-06-01,경기,용인시 수지구,전세가율,전세가율,72.9383
2015-07-01,경기,용인시 수지구,전세가율,전세가율,73.1113
2015-08-01,경기,용인시 수지구,전세가율,전세가율,73.6302
2015-09-01,경기,용인시 수지구,전세가율,전세가율,75.7096
2015-10-01,경기,용인시 수지구,전세가율,전세가율,76.3311
2015-11-01,경기,용인시 수지구,전세가율,전세가율,77.0378
2015-12-01,경기,용인시 수지구,전세가율,전세가율,77.3922
2016-01-01,경기,용인시 수지구,전세가율,전세가율,77.5016
2016-02-01,경기,용인시 수지구,전세가율,전세가율,79.0027
2016-03-01,경기,용인시 수지구,전세가율,전세가율,79.0027
2016-04-01,경기,용인시 수지구,전세가율,전세가율,79.4689
2016-05-01,경기,용인시 수지구,전세가율,전세가율,79.8844
2016-06-01,경기,용인시 수지구,전세가율,전세가율,80.1166
2016-07-01,경기,용인시 수지구,전세가율,전세가율,80.4271
2016-08-01,경기,용인시 수지구,전세가율,전세가율,80.5162
2016-09-01,경기,용인시 수지구,전세가율,전세가율,80.6751
2016-10-01,경기,용인시 수지구,전세가율,전세가율,80.8209
2016-11-01,경기,용인시 수지구,전세가율,전세가율,81.317
2016-12-01,경기,용인시 수지구,전세가율,전세가율,81.6047
2017-01-01,경기,용인시 수지구,전세가율,전세가율,81.8009
2017-02-01,경기,용인시 수지구,전세가율,전세가율,81.8893
2017-03-01,경기,용인시 수지구,전세가율,전세가율,82.0296
2017-04-01,경기,용인시 수지구,전세가율,전세가율,82.0731
2017-05-01,경기,용인시 수지구,전세가율,전세가율,81.9462
2017-06-01,경기,용인시 수지구,전세가율,전세가율,81.7027
2017-07-01,경기,용인시 수지구,전세가율,전세가율,81.8104
2017-08-01,경기,용인시 수지구,전세가율,전세가율,81.766
2017-09-01,경기,용인시 수지구,전세가율,전세가율,81.7924
2017-10-01,경기,용인시 수지구,전세가율,전세가율,81.9128
2017-11-01,경기,용인시 수지구,전세가율,전세가율,81.9962
2017-12-01,경기,용인시 수지구,전세가율,전세가율,81.9717
2018-01-01,경기,용인시 수지구,전세가율,전세가율,81.561
2018-02-01,경기,용인시 수지구,전세가율,전세가율,80.9687
2018-03-01,경기,용인시 수지구,전세가율,전세가율,79.6504
2018-04-01,경기,용인시 수지구,전세가율,전세가율,78.8481
2018-05-01,경기,용인시 수지구,전세가율,전세가율,78.039
2018-06-01,경기,용인시 수지구,전세가율,전세가율,77.6497
2018-07-01,경기,용인시 수지구,전세가율,전세가율,77.2598
2018-08-01,경기,용인시 수지구,전세가율,전세가율,76.8878
2018-09-01,경기,용인시 수지구,전세가율,전세가율,74.8397
2018-10-01,경기,용인시 수지구,전세가율,전세가율,72.0394
2018-11-01,경기,용인시 수지구,전세가율,전세가율,71.6347
2018-12-01,경기,용인시 수지구,전세가율,전세가율,71.5166
2019-01-01,경기,용인시 수지구,전세가율,전세가율,71.5316
2019-02-01,경기,용인시 수지구,전세가율,전세가율,71.5316
2019-03-01,경기,용인시 수지구,전세가율,전세가율,71.2049
2019-04-01,경기,용인시 수지구,전세가율,전세가율,71.0052
2019-05-01,경기,용인시 수지구,전세가율,전세가율,70.9185
2019-06-01,경기,용인시 수지구,전세가율,전세가율,70.8107
2019-07-01,경기,용인시 수지구,전세가율,전세가율,70.0238
2019-08-01,경기,용인시 수지구,전세가율,전세가율,69.9481
2019-09-01,경기,용인시 수지구,전세가율,전세가율,69.5938
2019-10-01,경기,용인시 수지구,전세가율,전세가율,69.4281
2019-11-01,경기,용인시 수지구,전세가율,전세가율,69.5244
2019-12-01,경기,용인시 수지구,전세가율,전세가율,69.5129
2020-01-01,경기,용인시 수지구,전세가율,전세가율,70.2533
2020-02-01,경기,용인시 수지구,전세가율,전세가율,68.8378
2020-03-01,경기,용인시 수지구,전세가율,전세가율,68.8378
2020-04-01,경기,용인시 수지구,전세가율,전세가율,66.3309
2020-05-01,경기,용인시 수지구,전세가율,전세가율,66.4845
2020-06-01,경기,용인시 수지구,전세가율,전세가율,66.8044
2020-07-01,경기,용인시 수지구,전세가율,전세가율,66.1119
2020-08-01,경기,용인시 수지구,전세가율,전세가율,65.6775
2020-09-01,경기,용인시 수지구,전세가율,전세가율,65.6775
2020-10-01,경기,용인시 수지구,전세가율,전세가율,68.8429
2020-11-01,경기,용인시 수지구,전세가율,전세가율,71.189
2020-12-01,경기,용인시 수지구,전세가율,전세가율,71.8538
2021-01-01,경기,용인시 수지구,전세가율,전세가율,71.4094
2021-02-01,경기,용인시 수지구,전세가율,전세가율,69.4004
2021-03-01,경기,용인시 수지구,전세가율,전세가율,68.2876
2021-04-01,경기,용인시 수지구,전세가율,전세가율,68.2142
2021-05-01,경기,용인시 수지구,전세가율,전세가율,67.7971
2021-06-01,경기,용인시 수지구,전세가율,전세가율,67.4484
2021-07-01,경기,용인시 수지구,전세가율,전세가율,67.4274
2021-08-01,경기,용인시 수지구,전세가율,전세가율,66.9147
2021-09-01,경기,용인시 수지구,전세가율,전세가율,65.751
2021-10-01,경기,용인시 수지구,전세가율,전세가율,65.2228
2021-11-01,경기,용인시 수지구,전세가율,전세가율,65.0112
2021-12-01,경기,용인시 수지구,전세가율,전세가율,64.9256
2022-01-01,경기,용인시 수지구,전세가율,전세가율,64.8914
2022-02-01,경기,용인시 수지구,전세가율,전세가율,64.8985
2022-03-01,경기,용인시 수지구,전세가율,전세가율,64.9584
2022-04-01,경기,용인시 수지구,전세가율,전세가율,64.9456
2022-05-01,경기,용인시 수지구,전세가율,전세가율,65.0347
2022-06-01,경기,용인시 수지구,전세가율,전세가율,64.9536
2022-07-01,경기,용인시 수지구,전세가율,전세가율,64.9401
2022-08-01,경기,용인시 수지구,전세가율,전세가율,64.9037
2022-09-01,경기,용인시 수지구,전세가율,전세가율,64.9845
2022-10-01,경기,용인시 수지구,전세가율,전세가율,64.7793
2022-11-01,경기,용인시 수지구,전세가율,전세가율,64.7882
2022-12-01,경기,용인시 수지구,전세가율,전세가율,64.0898
2023-01-01,경기,용인시 수지구,전세가율,전세가율,62.2398
2023-02-01,경기,용인시 수지구,전세가율,전세가율,61.3518
2023-03-01,경기,용인시 수지구,전세가율,전세가율,61.5383
2023-04-01,경기,용인시 수지구,전세가율,전세가율,62.0714
2023-05-01,경기,용인시 수지구,전세가율,전세가율,62.2032
2023-06-01,경기,용인시 수지구,전세가율,전세가율,62.74
2023-07-01,경기,용인시 수지구,전세가율,전세가율,62.8184
2023-08-01,경기,용인시 수지구,전세가율,전세가율,62.7669
2023-09-01,경기,용인시 수지구,전세가율,전세가율,62.8712
2023-10-01,경기,용인시 수지구,전세가율,전세가율,63.0961
2023-11-01,경기,용인시 수지구,전세가율,전세가율,63.7244
2023-12-01,경기,용인시 수지구,전세가율,전세가율,64.1054
2024-01-01,경기,용인시 수지구,전세가율,전세가율,64.3893
2024-02-01,경기,용인시 수지구,전세가율,전세가율,64.6346
2024-03-01,경기,용인시 수지구,전세가율,전세가율,64.7803
2024-04-01,경기,용인시 수지구,전세가율,전세가율,65.0317
2024-05-01,경기,용인시 수지구,전세가율,전세가율,65.3053
2024-06-01,경기,용인시 수지구,전세가율,전세가율,65.3949
2024-07-01,경기,용인시 수지구,전세가율,전세가율,65.3515
2024-08-01,경기,용인시 수지구,전세가율,전세가율,65.2398
2024-09-01,경기,용인시 수지구,전세가율,전세가율,65.0377
2024-10-01,경기,용인시 수지구,전세가율,전세가율,65.0041
2024-11-01,경기,용인시 수지구,전세가율,전세가율,65.0786
2024-12-01,경기,용인시 수지구,전세가율,전세가율,65.2662
2025-01-01,경기,용인시 수지구,전세가율,전세가율,65.3784
2025-02-01,경기,용인시 수지구,전세가율,전세가율,65.6384
2025-03-01,경기,용인시 수지구,전세가율,전세가율,65.8086
2025-04-01,경기,용인시 수지구,전세가율,전세가율,65.7292
2025-05-01,경기,용인시 수지구,전세가율,전세가율,65.7259
2025-06-01,경기,용인시 수지구,전세가율,전세가율,65.6006
2025-07-01,경기,용인시 수지구,전세가율,전세가율,65.187
2025-08-01,경기,용인시 수지구,전세가율,전세가율,65.0956
2025-09-01,경기,용인시 수지구,전세가율,전세가율,64.762
2025-10-01,경기,용인시 수지구,전세가율,전세가율,64.3361
2025-11-01,경기,용인시 수지구,전세가율,전세가율,63.6235
2025-12-01,경기,용인시 수지구,전세가율,전세가율,63.4956
2026-01-01,경기,용인시 수지구,전세가율,전세가율,63.328
2026-02-01,경기,용인시 수지구,전세가율,전세가율,62.9724
2026-03-01,경기,용인시 수지구,전세가율,전세가율,62.589
2026-04-01,경기,용인시 수지구,전세가율,전세가율,62.5143
2026-05-01,경기,용인시 수지구,전세가율,전세가율,62.4533
2026-06-01,경기,용인시 수지구,전세가율,전세가율,62.2435
2013-04-01,경기,용인시 처인구,전세가율,전세가율,58.1692
2013-05-01,경기,용인시 처인구,전세가율,전세가율,58.642
2013-06-01,경기,용인시 처인구,전세가율,전세가율,59.0079
2013-07-01,경기,용인시 처인구,전세가율,전세가율,59.0598
2013-08-01,경기,용인시 처인구,전세가율,전세가율,59.4874
2013-09-01,경기,용인시 처인구,전세가율,전세가율,59.7779
2013-10-01,경기,용인시 처인구,전세가율,전세가율,60.1422
2013-11-01,경기,용인시 처인구,전세가율,전세가율,60.3694
2013-12-01,경기,용인시 처인구,전세가율,전세가율,61.1811
2014-01-01,경기,용인시 처인구,전세가율,전세가율,61.4716
2014-02-01,경기,용인시 처인구,전세가율,전세가율,61.5342
2014-03-01,경기,용인시 처인구,전세가율,전세가율,61.7377
2014-04-01,경기,용인시 처인구,전세가율,전세가율,62.5014
2014-05-01,경기,용인시 처인구,전세가율,전세가율,62.5898
2014-06-01,경기,용인시 처인구,전세가율,전세가율,62.7427
2014-07-01,경기,용인시 처인구,전세가율,전세가율,62.9686
2014-08-01,경기,용인시 처인구,전세가율,전세가율,63.3268
2014-09-01,경기,용인시 처인구,전세가율,전세가율,63.3885
2014-10-01,경기,용인시 처인구,전세가율,전세가율,63.4992
2014-11-01,경기,용인시 처인구,전세가율,전세가율,65.6963
2014-12-01,경기,용인시 처인구,전세가율,전세가율,66.6888
2015-01-01,경기,용인시 처인구,전세가율,전세가율,66.8697
2015-02-01,경기,용인시 처인구,전세가율,전세가율,67.236
2015-03-01,경기,용인시 처인구,전세가율,전세가율,68.1405
2015-04-01,경기,용인시 처인구,전세가율,전세가율,68.2603
2015-05-01,경기,용인시 처인구,전세가율,전세가율,68.8487
2015-06-01,경기,용인시 처인구,전세가율,전세가율,69.0293
2015-07-01,경기,용인시 처인구,전세가율,전세가율,69.0489
2015-08-01,경기,용인시 처인구,전세가율,전세가율,69.0077
2015-09-01,경기,용인시 처인구,전세가율,전세가율,69.5943
2015-10-01,경기,용인시 처인구,전세가율,전세가율,69.7928
2015-11-01,경기,용인시 처인구,전세가율,전세가율,70.4707
2015-12-01,경기,용인시 처인구,전세가율,전세가율,70.8206
2016-01-01,경기,용인시 처인구,전세가율,전세가율,71.1037
2016-02-01,경기,용인시 처인구,전세가율,전세가율,71.6521
2016-03-01,경기,용인시 처인구,전세가율,전세가율,71.6521
2016-04-01,경기,용인시 처인구,전세가율,전세가율,72.3473
2016-05-01,경기,용인시 처인구,전세가율,전세가율,73.5655
2016-06-01,경기,용인시 처인구,전세가율,전세가율,73.6594
2016-07-01,경기,용인시 처인구,전세가율,전세가율,74.0278
2016-08-01,경기,용인시 처인구,전세가율,전세가율,74.4147
2016-09-01,경기,용인시 처인구,전세가율,전세가율,74.5547
2016-10-01,경기,용인시 처인구,전세가율,전세가율,74.5202
2016-11-01,경기,용인시 처인구,전세가율,전세가율,74.5421
2016-12-01,경기,용인시 처인구,전세가율,전세가율,74.7059
2017-01-01,경기,용인시 처인구,전세가율,전세가율,75.1977
2017-02-01,경기,용인시 처인구,전세가율,전세가율,75.1905
2017-03-01,경기,용인시 처인구,전세가율,전세가율,75.2693
2017-04-01,경기,용인시 처인구,전세가율,전세가율,75.3372
2017-05-01,경기,용인시 처인구,전세가율,전세가율,75.7505
2017-06-01,경기,용인시 처인구,전세가율,전세가율,75.736
2017-07-01,경기,용인시 처인구,전세가율,전세가율,75.7532
2017-08-01,경기,용인시 처인구,전세가율,전세가율,75.8268
2017-09-01,경기,용인시 처인구,전세가율,전세가율,75.9409
2017-10-01,경기,용인시 처인구,전세가율,전세가율,77.3435
2017-11-01,경기,용인시 처인구,전세가율,전세가율,77.0113
2017-12-01,경기,용인시 처인구,전세가율,전세가율,76.9173
2018-01-01,경기,용인시 처인구,전세가율,전세가율,76.0332
2018-02-01,경기,용인시 처인구,전세가율,전세가율,75.4939
2018-03-01,경기,용인시 처인구,전세가율,전세가율,75.858
2018-04-01,경기,용인시 처인구,전세가율,전세가율,75.5251
2018-05-01,경기,용인시 처인구,전세가율,전세가율,75.2945
2018-06-01,경기,용인시 처인구,전세가율,전세가율,75.0008
2018-07-01,경기,용인시 처인구,전세가율,전세가율,75.1179
2018-08-01,경기,용인시 처인구,전세가율,전세가율,74.7943
2018-09-01,경기,용인시 처인구,전세가율,전세가율,74.9218
2018-10-01,경기,용인시 처인구,전세가율,전세가율,75.3194
2018-11-01,경기,용인시 처인구,전세가율,전세가율,75.6708
2018-12-01,경기,용인시 처인구,전세가율,전세가율,75.3001
2019-01-01,경기,용인시 처인구,전세가율,전세가율,75.7768
2019-02-01,경기,용인시 처인구,전세가율,전세가율,75.7768
2019-03-01,경기,용인시 처인구,전세가율,전세가율,76.0853
2019-04-01,경기,용인시 처인구,전세가율,전세가율,76.0441
2019-05-01,경기,용인시 처인구,전세가율,전세가율,76.178
2019-06-01,경기,용인시 처인구,전세가율,전세가율,76.5018
2019-07-01,경기,용인시 처인구,전세가율,전세가율,76.2417
2019-08-01,경기,용인시 처인구,전세가율,전세가율,76.2379
2019-09-01,경기,용인시 처인구,전세가율,전세가율,76.1621
2019-10-01,경기,용인시 처인구,전세가율,전세가율,76.1832
2019-11-01,경기,용인시 처인구,전세가율,전세가율,76.3493
2019-12-01,경기,용인시 처인구,전세가율,전세가율,76.3975
2020-01-01,경기,용인시 처인구,전세가율,전세가율,76.072
2020-02-01,경기,용인시 처인구,전세가율,전세가율,76.021
2020-03-01,경기,용인시 처인구,전세가율,전세가율,76.021
2020-04-01,경기,용인시 처인구,전세가율,전세가율,76.5444
2020-05-01,경기,용인시 처인구,전세가율,전세가율,76.6511
2020-06-01,경기,용인시 처인구,전세가율,전세가율,76.4426
2020-07-01,경기,용인시 처인구,전세가율,전세가율,76.938
2020-08-01,경기,용인시 처인구,전세가율,전세가율,77.4081
2020-09-01,경기,용인시 처인구,전세가율,전세가율,77.4081
2020-10-01,경기,용인시 처인구,전세가율,전세가율,78.5082
2020-11-01,경기,용인시 처인구,전세가율,전세가율,79.077
2020-12-01,경기,용인시 처인구,전세가율,전세가율,78.2258
2021-01-01,경기,용인시 처인구,전세가율,전세가율,77.6131
2021-02-01,경기,용인시 처인구,전세가율,전세가율,77.6368
2021-03-01,경기,용인시 처인구,전세가율,전세가율,76.5553
2021-04-01,경기,용인시 처인구,전세가율,전세가율,76.3084
2021-05-01,경기,용인시 처인구,전세가율,전세가율,75.7374
2021-06-01,경기,용인시 처인구,전세가율,전세가율,75.3735
2021-07-01,경기,용인시 처인구,전세가율,전세가율,73.406
2021-08-01,경기,용인시 처인구,전세가율,전세가율,72.8787
2021-09-01,경기,용인시 처인구,전세가율,전세가율,71.8784
2021-10-01,경기,용인시 처인구,전세가율,전세가율,70.781
2021-11-01,경기,용인시 처인구,전세가율,전세가율,71.051
2021-12-01,경기,용인시 처인구,전세가율,전세가율,71.8951
2022-01-01,경기,용인시 처인구,전세가율,전세가율,72.9354
2022-02-01,경기,용인시 처인구,전세가율,전세가율,73.0133
2022-03-01,경기,용인시 처인구,전세가율,전세가율,72.9813
2022-04-01,경기,용인시 처인구,전세가율,전세가율,73.0265
2022-05-01,경기,용인시 처인구,전세가율,전세가율,72.5859
2022-06-01,경기,용인시 처인구,전세가율,전세가율,73.0457
2022-07-01,경기,용인시 처인구,전세가율,전세가율,73.1736
2022-08-01,경기,용인시 처인구,전세가율,전세가율,73.5133
2022-09-01,경기,용인시 처인구,전세가율,전세가율,73.6058
2022-10-01,경기,용인시 처인구,전세가율,전세가율,73.8239
2022-11-01,경기,용인시 처인구,전세가율,전세가율,74.9847
2022-12-01,경기,용인시 처인구,전세가율,전세가율,74.1752
2023-01-01,경기,용인시 처인구,전세가율,전세가율,73.9839
2023-02-01,경기,용인시 처인구,전세가율,전세가율,70.0775
2023-03-01,경기,용인시 처인구,전세가율,전세가율,70.5791
2023-04-01,경기,용인시 처인구,전세가율,전세가율,70.133
2023-05-01,경기,용인시 처인구,전세가율,전세가율,69.4053
2023-06-01,경기,용인시 처인구,전세가율,전세가율,69.2699
2023-07-01,경기,용인시 처인구,전세가율,전세가율,68.8026
2023-08-01,경기,용인시 처인구,전세가율,전세가율,68.5752
2023-09-01,경기,용인시 처인구,전세가율,전세가율,68.2837
2023-10-01,경기,용인시 처인구,전세가율,전세가율,68.3469
2023-11-01,경기,용인시 처인구,전세가율,전세가율,68.1668
2023-12-01,경기,용인시 처인구,전세가율,전세가율,68.3788
2024-01-01,경기,용인시 처인구,전세가율,전세가율,68.6479
2024-02-01,경기,용인시 처인구,전세가율,전세가율,68.8131
2024-03-01,경기,용인시 처인구,전세가율,전세가율,68.7565
2024-04-01,경기,용인시 처인구,전세가율,전세가율,68.7511
2024-05-01,경기,용인시 처인구,전세가율,전세가율,68.4511
2024-06-01,경기,용인시 처인구,전세가율,전세가율,68.268
2024-07-01,경기,용인시 처인구,전세가율,전세가율,68.1801
2024-08-01,경기,용인시 처인구,전세가율,전세가율,68.0901
2024-09-01,경기,용인시 처인구,전세가율,전세가율,68.0344
2024-10-01,경기,용인시 처인구,전세가율,전세가율,68.036
2024-11-01,경기,용인시 처인구,전세가율,전세가율,67.8613
2024-12-01,경기,용인시 처인구,전세가율,전세가율,67.8738
2025-01-01,경기,용인시 처인구,전세가율,전세가율,67.9348
2025-02-01,경기,용인시 처인구,전세가율,전세가율,68.0889
2025-03-01,경기,용인시 처인구,전세가율,전세가율,68.0846
2025-04-01,경기,용인시 처인구,전세가율,전세가율,67.8396
2025-05-01,경기,용인시 처인구,전세가율,전세가율,67.9741
2025-06-01,경기,용인시 처인구,전세가율,전세가율,68.2678
2025-07-01,경기,용인시 처인구,전세가율,전세가율,68.5347
2025-08-01,경기,용인시 처인구,전세가율,전세가율,68.7638
2025-09-01,경기,용인시 처인구,전세가율,전세가율,69.1289
2025-10-01,경기,용인시 처인구,전세가율,전세가율,69.3186
2025-11-01,경기,용인시 처인구,전세가율,전세가율,69.2328
2025-12-01,경기,용인시 처인구,전세가율,전세가율,68.9716
2026-01-01,경기,용인시 처인구,전세가율,전세가율,69.3972
2026-02-01,경기,용인시 처인구,전세가율,전세가율,69.6489
2026-03-01,경기,용인시 처인구,전세가율,전세가율,69.6533
2026-04-01,경기,용인시 처인구,전세가율,전세가율,69.8174
2026-05-01,경기,용인시 처인구,전세가율,전세가율,69.8519
2026-06-01,경기,용인시 처인구,전세가율,전세가율,69.9625
2013-04-01,경기,의왕시,전세가율,전세가율,61.7324
2013-05-01,경기,의왕시,전세가율,전세가율,62.3988
2013-06-01,경기,의왕시,전세가율,전세가율,62.6937
2013-07-01,경기,의왕시,전세가율,전세가율,63.7803
2013-08-01,경기,의왕시,전세가율,전세가율,64.4745
2013-09-01,경기,의왕시,전세가율,전세가율,65.9748
2013-10-01,경기,의왕시,전세가율,전세가율,68.0957
2013-11-01,경기,의왕시,전세가율,전세가율,69.5315
2013-12-01,경기,의왕시,전세가율,전세가율,70.1516
2014-01-01,경기,의왕시,전세가율,전세가율,70.609
2014-02-01,경기,의왕시,전세가율,전세가율,71.7152
2014-03-01,경기,의왕시,전세가율,전세가율,72.2543
2014-04-01,경기,의왕시,전세가율,전세가율,72.0559
2014-05-01,경기,의왕시,전세가율,전세가율,72.1468
2014-06-01,경기,의왕시,전세가율,전세가율,72.3129
2014-07-01,경기,의왕시,전세가율,전세가율,72.4227
2014-08-01,경기,의왕시,전세가율,전세가율,72.7154
2014-09-01,경기,의왕시,전세가율,전세가율,72.7412
2014-10-01,경기,의왕시,전세가율,전세가율,73.156
2014-11-01,경기,의왕시,전세가율,전세가율,73.3828
2014-12-01,경기,의왕시,전세가율,전세가율,73.4757
2015-01-01,경기,의왕시,전세가율,전세가율,74.355
2015-02-01,경기,의왕시,전세가율,전세가율,75.0012
2015-03-01,경기,의왕시,전세가율,전세가율,75.4308
2015-04-01,경기,의왕시,전세가율,전세가율,75.717
2015-05-01,경기,의왕시,전세가율,전세가율,76.4797
2015-06-01,경기,의왕시,전세가율,전세가율,76.9133
2015-07-01,경기,의왕시,전세가율,전세가율,77.6139
2015-08-01,경기,의왕시,전세가율,전세가율,78.1618
2015-09-01,경기,의왕시,전세가율,전세가율,79.4965
2015-10-01,경기,의왕시,전세가율,전세가율,80.2196
2015-11-01,경기,의왕시,전세가율,전세가율,81.0969
2015-12-01,경기,의왕시,전세가율,전세가율,81.5049
2016-01-01,경기,의왕시,전세가율,전세가율,82.5217
2016-02-01,경기,의왕시,전세가율,전세가율,82.5775
2016-03-01,경기,의왕시,전세가율,전세가율,82.5775
2016-04-01,경기,의왕시,전세가율,전세가율,83.782
2016-05-01,경기,의왕시,전세가율,전세가율,84.0035
2016-06-01,경기,의왕시,전세가율,전세가율,84.3856
2016-07-01,경기,의왕시,전세가율,전세가율,84.5422
2016-08-01,경기,의왕시,전세가율,전세가율,84.4158
2016-09-01,경기,의왕시,전세가율,전세가율,84.3013
2016-10-01,경기,의왕시,전세가율,전세가율,84.3185
2016-11-01,경기,의왕시,전세가율,전세가율,84.231
2016-12-01,경기,의왕시,전세가율,전세가율,84.2291
2017-01-01,경기,의왕시,전세가율,전세가율,84.2821
2017-02-01,경기,의왕시,전세가율,전세가율,84.2678
2017-03-01,경기,의왕시,전세가율,전세가율,84.6861
2017-04-01,경기,의왕시,전세가율,전세가율,84.748
2017-05-01,경기,의왕시,전세가율,전세가율,84.8461
2017-06-01,경기,의왕시,전세가율,전세가율,84.8317
2017-07-01,경기,의왕시,전세가율,전세가율,84.8075
2017-08-01,경기,의왕시,전세가율,전세가율,84.2354
2017-09-01,경기,의왕시,전세가율,전세가율,84.2568
2017-10-01,경기,의왕시,전세가율,전세가율,84.5759
2017-11-01,경기,의왕시,전세가율,전세가율,84.5045
2017-12-01,경기,의왕시,전세가율,전세가율,84.2226
2018-01-01,경기,의왕시,전세가율,전세가율,83.9332
2018-02-01,경기,의왕시,전세가율,전세가율,83.6829
2018-03-01,경기,의왕시,전세가율,전세가율,82.7494
2018-04-01,경기,의왕시,전세가율,전세가율,82.1213
2018-05-01,경기,의왕시,전세가율,전세가율,81.9093
2018-06-01,경기,의왕시,전세가율,전세가율,81.5486
2018-07-01,경기,의왕시,전세가율,전세가율,80.9319
2018-08-01,경기,의왕시,전세가율,전세가율,80.4659
2018-09-01,경기,의왕시,전세가율,전세가율,78.7502
2018-10-01,경기,의왕시,전세가율,전세가율,76.9646
2018-11-01,경기,의왕시,전세가율,전세가율,76.3226
2018-12-01,경기,의왕시,전세가율,전세가율,75.9809
2019-01-01,경기,의왕시,전세가율,전세가율,75.8139
2019-02-01,경기,의왕시,전세가율,전세가율,75.8139
2019-03-01,경기,의왕시,전세가율,전세가율,72.6249
2019-04-01,경기,의왕시,전세가율,전세가율,71.9072
2019-05-01,경기,의왕시,전세가율,전세가율,70.684
2019-06-01,경기,의왕시,전세가율,전세가율,70.5064
2019-07-01,경기,의왕시,전세가율,전세가율,70.2087
2019-08-01,경기,의왕시,전세가율,전세가율,70.6285
2019-09-01,경기,의왕시,전세가율,전세가율,71.3364
2019-10-01,경기,의왕시,전세가율,전세가율,72.1383
2019-11-01,경기,의왕시,전세가율,전세가율,72.1629
2019-12-01,경기,의왕시,전세가율,전세가율,71.4146
2020-01-01,경기,의왕시,전세가율,전세가율,70.6798
2020-02-01,경기,의왕시,전세가율,전세가율,70.1819
2020-03-01,경기,의왕시,전세가율,전세가율,70.1819
2020-04-01,경기,의왕시,전세가율,전세가율,68.498
2020-05-01,경기,의왕시,전세가율,전세가율,68.3287
2020-06-01,경기,의왕시,전세가율,전세가율,68.6651
2020-07-01,경기,의왕시,전세가율,전세가율,67.9172
2020-08-01,경기,의왕시,전세가율,전세가율,67.5821
2020-09-01,경기,의왕시,전세가율,전세가율,67.5821
2020-10-01,경기,의왕시,전세가율,전세가율,70.2222
2020-11-01,경기,의왕시,전세가율,전세가율,71.4786
2020-12-01,경기,의왕시,전세가율,전세가율,71.635
2021-01-01,경기,의왕시,전세가율,전세가율,71.3296
2021-02-01,경기,의왕시,전세가율,전세가율,69.0017
2021-03-01,경기,의왕시,전세가율,전세가율,66.3072
2021-04-01,경기,의왕시,전세가율,전세가율,64.7664
2021-05-01,경기,의왕시,전세가율,전세가율,64.2188
2021-06-01,경기,의왕시,전세가율,전세가율,63.7511
2021-07-01,경기,의왕시,전세가율,전세가율,63.0258
2021-08-01,경기,의왕시,전세가율,전세가율,61.7238
2021-09-01,경기,의왕시,전세가율,전세가율,61.1013
2021-10-01,경기,의왕시,전세가율,전세가율,60.739
2021-11-01,경기,의왕시,전세가율,전세가율,59.4595
2021-12-01,경기,의왕시,전세가율,전세가율,59.4466
2022-01-01,경기,의왕시,전세가율,전세가율,57.6731
2022-02-01,경기,의왕시,전세가율,전세가율,59.0539
2022-03-01,경기,의왕시,전세가율,전세가율,59.9295
2022-04-01,경기,의왕시,전세가율,전세가율,59.9276
2022-05-01,경기,의왕시,전세가율,전세가율,59.6974
2022-06-01,경기,의왕시,전세가율,전세가율,59.7733
2022-07-01,경기,의왕시,전세가율,전세가율,60.0494
2022-08-01,경기,의왕시,전세가율,전세가율,60.5613
2022-09-01,경기,의왕시,전세가율,전세가율,60.7274
2022-10-01,경기,의왕시,전세가율,전세가율,60.9116
2022-11-01,경기,의왕시,전세가율,전세가율,58.5333
2022-12-01,경기,의왕시,전세가율,전세가율,58.8774
2023-01-01,경기,의왕시,전세가율,전세가율,58.4877
2023-02-01,경기,의왕시,전세가율,전세가율,58.0996
2023-03-01,경기,의왕시,전세가율,전세가율,58.3
2023-04-01,경기,의왕시,전세가율,전세가율,59.0293
2023-05-01,경기,의왕시,전세가율,전세가율,59.0451
2023-06-01,경기,의왕시,전세가율,전세가율,59.0862
2023-07-01,경기,의왕시,전세가율,전세가율,58.9037
2023-08-01,경기,의왕시,전세가율,전세가율,59.1902
2023-09-01,경기,의왕시,전세가율,전세가율,59.4345
2023-10-01,경기,의왕시,전세가율,전세가율,59.5373
2023-11-01,경기,의왕시,전세가율,전세가율,59.4445
2023-12-01,경기,의왕시,전세가율,전세가율,60.2469
2024-01-01,경기,의왕시,전세가율,전세가율,60.5094
2024-02-01,경기,의왕시,전세가율,전세가율,60.6771
2024-03-01,경기,의왕시,전세가율,전세가율,61.1051
2024-04-01,경기,의왕시,전세가율,전세가율,61.2766
2024-05-01,경기,의왕시,전세가율,전세가율,61.866
2024-06-01,경기,의왕시,전세가율,전세가율,62.0267
2024-07-01,경기,의왕시,전세가율,전세가율,62.1319
2024-08-01,경기,의왕시,전세가율,전세가율,62.109
2024-09-01,경기,의왕시,전세가율,전세가율,61.9
2024-10-01,경기,의왕시,전세가율,전세가율,61.719
2024-11-01,경기,의왕시,전세가율,전세가율,61.8374
2024-12-01,경기,의왕시,전세가율,전세가율,61.8158
2025-01-01,경기,의왕시,전세가율,전세가율,61.8963
2025-02-01,경기,의왕시,전세가율,전세가율,61.8958
2025-03-01,경기,의왕시,전세가율,전세가율,62.0538
2025-04-01,경기,의왕시,전세가율,전세가율,62.0313
2025-05-01,경기,의왕시,전세가율,전세가율,62.2037
2025-06-01,경기,의왕시,전세가율,전세가율,62.1789
2025-07-01,경기,의왕시,전세가율,전세가율,62.401
2025-08-01,경기,의왕시,전세가율,전세가율,62.017
2025-09-01,경기,의왕시,전세가율,전세가율,61.9584
2025-10-01,경기,의왕시,전세가율,전세가율,61.8189
2025-11-01,경기,의왕시,전세가율,전세가율,61.8554
2025-12-01,경기,의왕시,전세가율,전세가율,61.6999
2026-01-01,경기,의왕시,전세가율,전세가율,61.7786
2026-02-01,경기,의왕시,전세가율,전세가율,61.7474
2026-03-01,경기,의왕시,전세가율,전세가율,61.7237
2026-04-01,경기,의왕시,전세가율,전세가율,61.8271
2026-05-01,경기,의왕시,전세가율,전세가율,62.0504
2026-06-01,경기,의왕시,전세가율,전세가율,62.0805
2013-04-01,경기,의정부시,전세가율,전세가율,57.7518
2013-05-01,경기,의정부시,전세가율,전세가율,59.2667
2013-06-01,경기,의정부시,전세가율,전세가율,59.3687
2013-07-01,경기,의정부시,전세가율,전세가율,59.7174
2013-08-01,경기,의정부시,전세가율,전세가율,60.2939
2013-09-01,경기,의정부시,전세가율,전세가율,60.8458
2013-10-01,경기,의정부시,전세가율,전세가율,61.243
2013-11-01,경기,의정부시,전세가율,전세가율,62.0197
2013-12-01,경기,의정부시,전세가율,전세가율,62.2213
2014-01-01,경기,의정부시,전세가율,전세가율,62.518
2014-02-01,경기,의정부시,전세가율,전세가율,64.6367
2014-03-01,경기,의정부시,전세가율,전세가율,65.548
2014-04-01,경기,의정부시,전세가율,전세가율,65.8063
2014-05-01,경기,의정부시,전세가율,전세가율,66.2401
2014-06-01,경기,의정부시,전세가율,전세가율,66.528
2014-07-01,경기,의정부시,전세가율,전세가율,67.0694
2014-08-01,경기,의정부시,전세가율,전세가율,67.5848
2014-09-01,경기,의정부시,전세가율,전세가율,67.8146
2014-10-01,경기,의정부시,전세가율,전세가율,68.3557
2014-11-01,경기,의정부시,전세가율,전세가율,68.8357
2014-12-01,경기,의정부시,전세가율,전세가율,69.26
2015-01-01,경기,의정부시,전세가율,전세가율,69.2787
2015-02-01,경기,의정부시,전세가율,전세가율,69.3724
2015-03-01,경기,의정부시,전세가율,전세가율,70.3564
2015-04-01,경기,의정부시,전세가율,전세가율,71.181
2015-05-01,경기,의정부시,전세가율,전세가율,71.1688
2015-06-01,경기,의정부시,전세가율,전세가율,71.7997
2015-07-01,경기,의정부시,전세가율,전세가율,71.8868
2015-08-01,경기,의정부시,전세가율,전세가율,72.1633
2015-09-01,경기,의정부시,전세가율,전세가율,73.3535
2015-10-01,경기,의정부시,전세가율,전세가율,73.9335
2015-11-01,경기,의정부시,전세가율,전세가율,75.8633
2015-12-01,경기,의정부시,전세가율,전세가율,76.4832
2016-01-01,경기,의정부시,전세가율,전세가율,77.7737
2016-02-01,경기,의정부시,전세가율,전세가율,78.8071
2016-03-01,경기,의정부시,전세가율,전세가율,78.8071
2016-04-01,경기,의정부시,전세가율,전세가율,80.0864
2016-05-01,경기,의정부시,전세가율,전세가율,81.1232
2016-06-01,경기,의정부시,전세가율,전세가율,81.3946
2016-07-01,경기,의정부시,전세가율,전세가율,81.8732
2016-08-01,경기,의정부시,전세가율,전세가율,81.6767
2016-09-01,경기,의정부시,전세가율,전세가율,81.9796
2016-10-01,경기,의정부시,전세가율,전세가율,81.8769
2016-11-01,경기,의정부시,전세가율,전세가율,82.1274
2016-12-01,경기,의정부시,전세가율,전세가율,82.1095
2017-01-01,경기,의정부시,전세가율,전세가율,82.4315
2017-02-01,경기,의정부시,전세가율,전세가율,82.3679
2017-03-01,경기,의정부시,전세가율,전세가율,82.3087
2017-04-01,경기,의정부시,전세가율,전세가율,82.3267
2017-05-01,경기,의정부시,전세가율,전세가율,82.2093
2017-06-01,경기,의정부시,전세가율,전세가율,82.2251
2017-07-01,경기,의정부시,전세가율,전세가율,82.1725
2017-08-01,경기,의정부시,전세가율,전세가율,81.7881
2017-09-01,경기,의정부시,전세가율,전세가율,81.5594
2017-10-01,경기,의정부시,전세가율,전세가율,81.5354
2017-11-01,경기,의정부시,전세가율,전세가율,81.1315
2017-12-01,경기,의정부시,전세가율,전세가율,80.5577
2018-01-01,경기,의정부시,전세가율,전세가율,80.3626
2018-02-01,경기,의정부시,전세가율,전세가율,80.3402
2018-03-01,경기,의정부시,전세가율,전세가율,80.4123
2018-04-01,경기,의정부시,전세가율,전세가율,80.9173
2018-05-01,경기,의정부시,전세가율,전세가율,80.7667
2018-06-01,경기,의정부시,전세가율,전세가율,80.5819
2018-07-01,경기,의정부시,전세가율,전세가율,80.4182
2018-08-01,경기,의정부시,전세가율,전세가율,80.2742
2018-09-01,경기,의정부시,전세가율,전세가율,80.348
2018-10-01,경기,의정부시,전세가율,전세가율,80.4367
2018-11-01,경기,의정부시,전세가율,전세가율,80.1926
2018-12-01,경기,의정부시,전세가율,전세가율,79.5043
2019-01-01,경기,의정부시,전세가율,전세가율,78.747
2019-02-01,경기,의정부시,전세가율,전세가율,78.747
2019-03-01,경기,의정부시,전세가율,전세가율,78.2184
2019-04-01,경기,의정부시,전세가율,전세가율,77.2507
2019-05-01,경기,의정부시,전세가율,전세가율,77.1773
2019-06-01,경기,의정부시,전세가율,전세가율,77.0333
2019-07-01,경기,의정부시,전세가율,전세가율,77.0076
2019-08-01,경기,의정부시,전세가율,전세가율,76.871
2019-09-01,경기,의정부시,전세가율,전세가율,76.993
2019-10-01,경기,의정부시,전세가율,전세가율,76.981
2019-11-01,경기,의정부시,전세가율,전세가율,77.1475
2019-12-01,경기,의정부시,전세가율,전세가율,76.7296
2020-01-01,경기,의정부시,전세가율,전세가율,76.7035
2020-02-01,경기,의정부시,전세가율,전세가율,76.9549
2020-03-01,경기,의정부시,전세가율,전세가율,76.9549
2020-04-01,경기,의정부시,전세가율,전세가율,76.8027
2020-05-01,경기,의정부시,전세가율,전세가율,76.6528
2020-06-01,경기,의정부시,전세가율,전세가율,76.5368
2020-07-01,경기,의정부시,전세가율,전세가율,75.7508
2020-08-01,경기,의정부시,전세가율,전세가율,73.9505
2020-09-01,경기,의정부시,전세가율,전세가율,73.9505
2020-10-01,경기,의정부시,전세가율,전세가율,74.3294
2020-11-01,경기,의정부시,전세가율,전세가율,75.0477
2020-12-01,경기,의정부시,전세가율,전세가율,72.9769
2021-01-01,경기,의정부시,전세가율,전세가율,72.5319
2021-02-01,경기,의정부시,전세가율,전세가율,72.1645
2021-03-01,경기,의정부시,전세가율,전세가율,69.9043
2021-04-01,경기,의정부시,전세가율,전세가율,67.4271
2021-05-01,경기,의정부시,전세가율,전세가율,66.7044
2021-06-01,경기,의정부시,전세가율,전세가율,67.5998
2021-07-01,경기,의정부시,전세가율,전세가율,67.5958
2021-08-01,경기,의정부시,전세가율,전세가율,68.2361
2021-09-01,경기,의정부시,전세가율,전세가율,68.6699
2021-10-01,경기,의정부시,전세가율,전세가율,68.3549
2021-11-01,경기,의정부시,전세가율,전세가율,69.018
2021-12-01,경기,의정부시,전세가율,전세가율,68.5963
2022-01-01,경기,의정부시,전세가율,전세가율,68.3228
2022-02-01,경기,의정부시,전세가율,전세가율,68.1336
2022-03-01,경기,의정부시,전세가율,전세가율,68.017
2022-04-01,경기,의정부시,전세가율,전세가율,67.8317
2022-05-01,경기,의정부시,전세가율,전세가율,67.4664
2022-06-01,경기,의정부시,전세가율,전세가율,67.4472
2022-07-01,경기,의정부시,전세가율,전세가율,67.3297
2022-08-01,경기,의정부시,전세가율,전세가율,67.3069
2022-09-01,경기,의정부시,전세가율,전세가율,66.9563
2022-10-01,경기,의정부시,전세가율,전세가율,66.5694
2022-11-01,경기,의정부시,전세가율,전세가율,68.4603
2022-12-01,경기,의정부시,전세가율,전세가율,67.7606
2023-01-01,경기,의정부시,전세가율,전세가율,66.9103
2023-02-01,경기,의정부시,전세가율,전세가율,66.4445
2023-03-01,경기,의정부시,전세가율,전세가율,66.5365
2023-04-01,경기,의정부시,전세가율,전세가율,66.3219
2023-05-01,경기,의정부시,전세가율,전세가율,65.887
2023-06-01,경기,의정부시,전세가율,전세가율,66.076
2023-07-01,경기,의정부시,전세가율,전세가율,66.1969
2023-08-01,경기,의정부시,전세가율,전세가율,65.9603
2023-09-01,경기,의정부시,전세가율,전세가율,66.0148
2023-10-01,경기,의정부시,전세가율,전세가율,66.0911
2023-11-01,경기,의정부시,전세가율,전세가율,66.2028
2023-12-01,경기,의정부시,전세가율,전세가율,66.3327
2024-01-01,경기,의정부시,전세가율,전세가율,66.3959
2024-02-01,경기,의정부시,전세가율,전세가율,66.5558
2024-03-01,경기,의정부시,전세가율,전세가율,67.0381
2024-04-01,경기,의정부시,전세가율,전세가율,67.4002
2024-05-01,경기,의정부시,전세가율,전세가율,67.9556
2024-06-01,경기,의정부시,전세가율,전세가율,68.2968
2024-07-01,경기,의정부시,전세가율,전세가율,68.5016
2024-08-01,경기,의정부시,전세가율,전세가율,68.7623
2024-09-01,경기,의정부시,전세가율,전세가율,68.8275
2024-10-01,경기,의정부시,전세가율,전세가율,68.8723
2024-11-01,경기,의정부시,전세가율,전세가율,69.0645
2024-12-01,경기,의정부시,전세가율,전세가율,69.1846
2025-01-01,경기,의정부시,전세가율,전세가율,69.843
2025-02-01,경기,의정부시,전세가율,전세가율,69.8862
2025-03-01,경기,의정부시,전세가율,전세가율,69.9061
2025-04-01,경기,의정부시,전세가율,전세가율,70.0189
2025-05-01,경기,의정부시,전세가율,전세가율,70.263
2025-06-01,경기,의정부시,전세가율,전세가율,70.5468
2025-07-01,경기,의정부시,전세가율,전세가율,70.5833
2025-08-01,경기,의정부시,전세가율,전세가율,70.6581
2025-09-01,경기,의정부시,전세가율,전세가율,70.9339
2025-10-01,경기,의정부시,전세가율,전세가율,71.0246
2025-11-01,경기,의정부시,전세가율,전세가율,71.3228
2025-12-01,경기,의정부시,전세가율,전세가율,71.6263
2026-01-01,경기,의정부시,전세가율,전세가율,71.7588
2026-02-01,경기,의정부시,전세가율,전세가율,71.9087
2026-03-01,경기,의정부시,전세가율,전세가율,72.2726
2026-04-01,경기,의정부시,전세가율,전세가율,72.6235
2026-05-01,경기,의정부시,전세가율,전세가율,72.8831
2026-06-01,경기,의정부시,전세가율,전세가율,73.0808
2013-04-01,경기,이천시,전세가율,전세가율,61.3053
2013-05-01,경기,이천시,전세가율,전세가율,62.0109
2013-06-01,경기,이천시,전세가율,전세가율,62.3861
2013-07-01,경기,이천시,전세가율,전세가율,62.4985
2013-08-01,경기,이천시,전세가율,전세가율,62.5964
2013-09-01,경기,이천시,전세가율,전세가율,62.852
2013-10-01,경기,이천시,전세가율,전세가율,62.8757
2013-11-01,경기,이천시,전세가율,전세가율,64.1296
2013-12-01,경기,이천시,전세가율,전세가율,64.2688
2014-01-01,경기,이천시,전세가율,전세가율,64.7036
2014-02-01,경기,이천시,전세가율,전세가율,65.0428
2014-03-01,경기,이천시,전세가율,전세가율,66.5525
2014-04-01,경기,이천시,전세가율,전세가율,67.4889
2014-05-01,경기,이천시,전세가율,전세가율,67.7285
2014-06-01,경기,이천시,전세가율,전세가율,67.879
2014-07-01,경기,이천시,전세가율,전세가율,67.9758
2014-08-01,경기,이천시,전세가율,전세가율,68.1425
2014-09-01,경기,이천시,전세가율,전세가율,68.3346
2014-10-01,경기,이천시,전세가율,전세가율,68.5032
2014-11-01,경기,이천시,전세가율,전세가율,69.8221
2014-12-01,경기,이천시,전세가율,전세가율,70.0907
2015-01-01,경기,이천시,전세가율,전세가율,70.2063
2015-02-01,경기,이천시,전세가율,전세가율,70.6299
2015-03-01,경기,이천시,전세가율,전세가율,70.7366
2015-04-01,경기,이천시,전세가율,전세가율,70.752
2015-05-01,경기,이천시,전세가율,전세가율,71.0218
2015-06-01,경기,이천시,전세가율,전세가율,70.7933
2015-07-01,경기,이천시,전세가율,전세가율,71.034
2015-08-01,경기,이천시,전세가율,전세가율,72.3925
2015-09-01,경기,이천시,전세가율,전세가율,73.3306
2015-10-01,경기,이천시,전세가율,전세가율,73.3439
2015-11-01,경기,이천시,전세가율,전세가율,73.5069
2015-12-01,경기,이천시,전세가율,전세가율,73.7466
2016-01-01,경기,이천시,전세가율,전세가율,73.5453
2016-02-01,경기,이천시,전세가율,전세가율,74.1135
2016-03-01,경기,이천시,전세가율,전세가율,74.1135
2016-04-01,경기,이천시,전세가율,전세가율,74.3663
2016-05-01,경기,이천시,전세가율,전세가율,75.2541
2016-06-01,경기,이천시,전세가율,전세가율,75.3441
2016-07-01,경기,이천시,전세가율,전세가율,75.245
2016-08-01,경기,이천시,전세가율,전세가율,75.0605
2016-09-01,경기,이천시,전세가율,전세가율,75.051
2016-10-01,경기,이천시,전세가율,전세가율,74.8772
2016-11-01,경기,이천시,전세가율,전세가율,74.7576
2016-12-01,경기,이천시,전세가율,전세가율,74.8513
2017-01-01,경기,이천시,전세가율,전세가율,74.8564
2017-02-01,경기,이천시,전세가율,전세가율,74.8346
2017-03-01,경기,이천시,전세가율,전세가율,74.5877
2017-04-01,경기,이천시,전세가율,전세가율,74.6403
2017-05-01,경기,이천시,전세가율,전세가율,75.0856
2017-06-01,경기,이천시,전세가율,전세가율,75.0336
2017-07-01,경기,이천시,전세가율,전세가율,74.8053
2017-08-01,경기,이천시,전세가율,전세가율,74.8498
2017-09-01,경기,이천시,전세가율,전세가율,74.8414
2017-10-01,경기,이천시,전세가율,전세가율,74.8321
2017-11-01,경기,이천시,전세가율,전세가율,74.7737
2017-12-01,경기,이천시,전세가율,전세가율,74.6702
2018-01-01,경기,이천시,전세가율,전세가율,74.8507
2018-02-01,경기,이천시,전세가율,전세가율,74.8507
2018-03-01,경기,이천시,전세가율,전세가율,75.0314
2018-04-01,경기,이천시,전세가율,전세가율,74.9692
2018-05-01,경기,이천시,전세가율,전세가율,75.1505
2018-06-01,경기,이천시,전세가율,전세가율,75.1556
2018-07-01,경기,이천시,전세가율,전세가율,75.2798
2018-08-01,경기,이천시,전세가율,전세가율,75.1046
2018-09-01,경기,이천시,전세가율,전세가율,75.2566
2018-10-01,경기,이천시,전세가율,전세가율,75.6052
2018-11-01,경기,이천시,전세가율,전세가율,75.5958
2018-12-01,경기,이천시,전세가율,전세가율,75.4244
2019-01-01,경기,이천시,전세가율,전세가율,75.5217
2019-02-01,경기,이천시,전세가율,전세가율,75.5217
2019-03-01,경기,이천시,전세가율,전세가율,75.6191
2019-04-01,경기,이천시,전세가율,전세가율,75.5808
2019-05-01,경기,이천시,전세가율,전세가율,75.7
2019-06-01,경기,이천시,전세가율,전세가율,75.7082
2019-07-01,경기,이천시,전세가율,전세가율,75.841
2019-08-01,경기,이천시,전세가율,전세가율,75.9026
2019-09-01,경기,이천시,전세가율,전세가율,76.1401
2019-10-01,경기,이천시,전세가율,전세가율,76.4914
2019-11-01,경기,이천시,전세가율,전세가율,77.5894
2019-12-01,경기,이천시,전세가율,전세가율,77.9711
2020-01-01,경기,이천시,전세가율,전세가율,78.1206
2020-02-01,경기,이천시,전세가율,전세가율,78.1137
2020-03-01,경기,이천시,전세가율,전세가율,78.1137
2020-04-01,경기,이천시,전세가율,전세가율,78.2905
2020-05-01,경기,이천시,전세가율,전세가율,78.1972
2020-06-01,경기,이천시,전세가율,전세가율,78.0253
2020-07-01,경기,이천시,전세가율,전세가율,78.0885
2020-08-01,경기,이천시,전세가율,전세가율,78.0014
2020-09-01,경기,이천시,전세가율,전세가율,78.0014
2020-10-01,경기,이천시,전세가율,전세가율,78.0786
2020-11-01,경기,이천시,전세가율,전세가율,78.3972
2020-12-01,경기,이천시,전세가율,전세가율,78.2906
2021-01-01,경기,이천시,전세가율,전세가율,78.1149
2021-02-01,경기,이천시,전세가율,전세가율,78.0273
2021-03-01,경기,이천시,전세가율,전세가율,77.8384
2021-04-01,경기,이천시,전세가율,전세가율,78.9832
2021-05-01,경기,이천시,전세가율,전세가율,79.1973
2021-06-01,경기,이천시,전세가율,전세가율,78.0037
2021-07-01,경기,이천시,전세가율,전세가율,78.2055
2021-08-01,경기,이천시,전세가율,전세가율,77.2075
2021-09-01,경기,이천시,전세가율,전세가율,75.9734
2021-10-01,경기,이천시,전세가율,전세가율,74.6758
2021-11-01,경기,이천시,전세가율,전세가율,73.9406
2021-12-01,경기,이천시,전세가율,전세가율,73.5257
2022-01-01,경기,이천시,전세가율,전세가율,73.1849
2022-02-01,경기,이천시,전세가율,전세가율,72.9935
2022-03-01,경기,이천시,전세가율,전세가율,72.8225
2022-04-01,경기,이천시,전세가율,전세가율,72.4607
2022-05-01,경기,이천시,전세가율,전세가율,71.8753
2022-06-01,경기,이천시,전세가율,전세가율,71.9383
2022-07-01,경기,이천시,전세가율,전세가율,72.5943
2022-08-01,경기,이천시,전세가율,전세가율,73.078
2022-09-01,경기,이천시,전세가율,전세가율,73.1929
2022-10-01,경기,이천시,전세가율,전세가율,73.6314
2022-11-01,경기,이천시,전세가율,전세가율,77.6216
2022-12-01,경기,이천시,전세가율,전세가율,77.6323
2023-01-01,경기,이천시,전세가율,전세가율,77.3666
2023-02-01,경기,이천시,전세가율,전세가율,76.8974
2023-03-01,경기,이천시,전세가율,전세가율,77.6245
2023-04-01,경기,이천시,전세가율,전세가율,77.9226
2023-05-01,경기,이천시,전세가율,전세가율,78.5589
2023-06-01,경기,이천시,전세가율,전세가율,78.5997
2023-07-01,경기,이천시,전세가율,전세가율,78.2659
2023-08-01,경기,이천시,전세가율,전세가율,77.7587
2023-09-01,경기,이천시,전세가율,전세가율,77.7076
2023-10-01,경기,이천시,전세가율,전세가율,77.3915
2023-11-01,경기,이천시,전세가율,전세가율,77.3854
2023-12-01,경기,이천시,전세가율,전세가율,77.412
2024-01-01,경기,이천시,전세가율,전세가율,77.5483
2024-02-01,경기,이천시,전세가율,전세가율,77.5069
2024-03-01,경기,이천시,전세가율,전세가율,77.7815
2024-04-01,경기,이천시,전세가율,전세가율,77.9994
2024-05-01,경기,이천시,전세가율,전세가율,78.0956
2024-06-01,경기,이천시,전세가율,전세가율,78.1543
2024-07-01,경기,이천시,전세가율,전세가율,78.4679
2024-08-01,경기,이천시,전세가율,전세가율,78.9391
2024-09-01,경기,이천시,전세가율,전세가율,78.9921
2024-10-01,경기,이천시,전세가율,전세가율,79.0688
2024-11-01,경기,이천시,전세가율,전세가율,79.0285
2024-12-01,경기,이천시,전세가율,전세가율,78.9402
2025-01-01,경기,이천시,전세가율,전세가율,78.9716
2025-02-01,경기,이천시,전세가율,전세가율,79.3068
2025-03-01,경기,이천시,전세가율,전세가율,79.992
2025-04-01,경기,이천시,전세가율,전세가율,80.1365
2025-05-01,경기,이천시,전세가율,전세가율,80.419
2025-06-01,경기,이천시,전세가율,전세가율,80.406
2025-07-01,경기,이천시,전세가율,전세가율,80.8165
2025-08-01,경기,이천시,전세가율,전세가율,80.8833
2025-09-01,경기,이천시,전세가율,전세가율,81.1255
2025-10-01,경기,이천시,전세가율,전세가율,81.2322
2025-11-01,경기,이천시,전세가율,전세가율,81.5251
2025-12-01,경기,이천시,전세가율,전세가율,81.5244
2026-01-01,경기,이천시,전세가율,전세가율,81.718
2026-02-01,경기,이천시,전세가율,전세가율,81.8141
2026-03-01,경기,이천시,전세가율,전세가율,81.9261
2026-04-01,경기,이천시,전세가율,전세가율,82.294
2026-05-01,경기,이천시,전세가율,전세가율,83.3098
2026-06-01,경기,이천시,전세가율,전세가율,83.9454
2013-04-01,경기,파주시,전세가율,전세가율,49.3192
2013-05-01,경기,파주시,전세가율,전세가율,49.861
2013-06-01,경기,파주시,전세가율,전세가율,51.8073
2013-07-01,경기,파주시,전세가율,전세가율,52.3823
2013-08-01,경기,파주시,전세가율,전세가율,53.4771
2013-09-01,경기,파주시,전세가율,전세가율,54.9526
2013-10-01,경기,파주시,전세가율,전세가율,56.1806
2013-11-01,경기,파주시,전세가율,전세가율,56.913
2013-12-01,경기,파주시,전세가율,전세가율,57.7072
2014-01-01,경기,파주시,전세가율,전세가율,58.383
2014-02-01,경기,파주시,전세가율,전세가율,59.018
2014-03-01,경기,파주시,전세가율,전세가율,59.3548
2014-04-01,경기,파주시,전세가율,전세가율,60.1845
2014-05-01,경기,파주시,전세가율,전세가율,60.4809
2014-06-01,경기,파주시,전세가율,전세가율,60.6381
2014-07-01,경기,파주시,전세가율,전세가율,61.3173
2014-08-01,경기,파주시,전세가율,전세가율,61.276
2014-09-01,경기,파주시,전세가율,전세가율,61.5525
2014-10-01,경기,파주시,전세가율,전세가율,61.958
2014-11-01,경기,파주시,전세가율,전세가율,62.2572
2014-12-01,경기,파주시,전세가율,전세가율,62.3701
2015-01-01,경기,파주시,전세가율,전세가율,62.551
2015-02-01,경기,파주시,전세가율,전세가율,63.0265
2015-03-01,경기,파주시,전세가율,전세가율,64.3741
2015-04-01,경기,파주시,전세가율,전세가율,65.3058
2015-05-01,경기,파주시,전세가율,전세가율,66.3196
2015-06-01,경기,파주시,전세가율,전세가율,66.6293
2015-07-01,경기,파주시,전세가율,전세가율,67.9355
2015-08-01,경기,파주시,전세가율,전세가율,68.4513
2015-09-01,경기,파주시,전세가율,전세가율,68.9247
2015-10-01,경기,파주시,전세가율,전세가율,69.116
2015-11-01,경기,파주시,전세가율,전세가율,71.5535
2015-12-01,경기,파주시,전세가율,전세가율,73.4403
2016-01-01,경기,파주시,전세가율,전세가율,75.5499
2016-02-01,경기,파주시,전세가율,전세가율,77.051
2016-03-01,경기,파주시,전세가율,전세가율,77.051
2016-04-01,경기,파주시,전세가율,전세가율,78.9411
2016-05-01,경기,파주시,전세가율,전세가율,80.7385
2016-06-01,경기,파주시,전세가율,전세가율,81.3214
2016-07-01,경기,파주시,전세가율,전세가율,81.2891
2016-08-01,경기,파주시,전세가율,전세가율,81.0008
2016-09-01,경기,파주시,전세가율,전세가율,81.0215
2016-10-01,경기,파주시,전세가율,전세가율,80.6634
2016-11-01,경기,파주시,전세가율,전세가율,80.5619
2016-12-01,경기,파주시,전세가율,전세가율,80.3237
2017-01-01,경기,파주시,전세가율,전세가율,80.2951
2017-02-01,경기,파주시,전세가율,전세가율,80.8147
2017-03-01,경기,파주시,전세가율,전세가율,80.7095
2017-04-01,경기,파주시,전세가율,전세가율,80.785
2017-05-01,경기,파주시,전세가율,전세가율,81.3987
2017-06-01,경기,파주시,전세가율,전세가율,81.6561
2017-07-01,경기,파주시,전세가율,전세가율,81.1502
2017-08-01,경기,파주시,전세가율,전세가율,81.0461
2017-09-01,경기,파주시,전세가율,전세가율,81.1333
2017-10-01,경기,파주시,전세가율,전세가율,80.9822
2017-11-01,경기,파주시,전세가율,전세가율,80.5914
2017-12-01,경기,파주시,전세가율,전세가율,79.9194
2018-01-01,경기,파주시,전세가율,전세가율,79.7516
2018-02-01,경기,파주시,전세가율,전세가율,79.4465
2018-03-01,경기,파주시,전세가율,전세가율,79.4477
2018-04-01,경기,파주시,전세가율,전세가율,79.2345
2018-05-01,경기,파주시,전세가율,전세가율,79.149
2018-06-01,경기,파주시,전세가율,전세가율,78.7041
2018-07-01,경기,파주시,전세가율,전세가율,77.6321
2018-08-01,경기,파주시,전세가율,전세가율,77.1361
2018-09-01,경기,파주시,전세가율,전세가율,77.1497
2018-10-01,경기,파주시,전세가율,전세가율,76.8877
2018-11-01,경기,파주시,전세가율,전세가율,76.7367
2018-12-01,경기,파주시,전세가율,전세가율,76.6541
2019-01-01,경기,파주시,전세가율,전세가율,77.0219
2019-02-01,경기,파주시,전세가율,전세가율,77.0219
2019-03-01,경기,파주시,전세가율,전세가율,76.638
2019-04-01,경기,파주시,전세가율,전세가율,76.5483
2019-05-01,경기,파주시,전세가율,전세가율,76.7063
2019-06-01,경기,파주시,전세가율,전세가율,76.7495
2019-07-01,경기,파주시,전세가율,전세가율,76.9906
2019-08-01,경기,파주시,전세가율,전세가율,77.027
2019-09-01,경기,파주시,전세가율,전세가율,77.3444
2019-10-01,경기,파주시,전세가율,전세가율,77.5925
2019-11-01,경기,파주시,전세가율,전세가율,77.886
2019-12-01,경기,파주시,전세가율,전세가율,77.8933
2020-01-01,경기,파주시,전세가율,전세가율,77.8329
2020-02-01,경기,파주시,전세가율,전세가율,77.902
2020-03-01,경기,파주시,전세가율,전세가율,77.902
2020-04-01,경기,파주시,전세가율,전세가율,78.3885
2020-05-01,경기,파주시,전세가율,전세가율,78.5062
2020-06-01,경기,파주시,전세가율,전세가율,78.4672
2020-07-01,경기,파주시,전세가율,전세가율,77.8045
2020-08-01,경기,파주시,전세가율,전세가율,77.1177
2020-09-01,경기,파주시,전세가율,전세가율,77.1177
2020-10-01,경기,파주시,전세가율,전세가율,76.2232
2020-11-01,경기,파주시,전세가율,전세가율,76.2072
2020-12-01,경기,파주시,전세가율,전세가율,74.4826
2021-01-01,경기,파주시,전세가율,전세가율,73.3067
2021-02-01,경기,파주시,전세가율,전세가율,73.5215
2021-03-01,경기,파주시,전세가율,전세가율,73.1967
2021-04-01,경기,파주시,전세가율,전세가율,73.3797
2021-05-01,경기,파주시,전세가율,전세가율,73.4161
2021-06-01,경기,파주시,전세가율,전세가율,73.3087
2021-07-01,경기,파주시,전세가율,전세가율,72.7728
2021-08-01,경기,파주시,전세가율,전세가율,72.5461
2021-09-01,경기,파주시,전세가율,전세가율,71.8014
2021-10-01,경기,파주시,전세가율,전세가율,71.802
2021-11-01,경기,파주시,전세가율,전세가율,72.2954
2021-12-01,경기,파주시,전세가율,전세가율,72.4132
2022-01-01,경기,파주시,전세가율,전세가율,73.0123
2022-02-01,경기,파주시,전세가율,전세가율,72.917
2022-03-01,경기,파주시,전세가율,전세가율,73.0668
2022-04-01,경기,파주시,전세가율,전세가율,73.265
2022-05-01,경기,파주시,전세가율,전세가율,73.5071
2022-06-01,경기,파주시,전세가율,전세가율,73.9104
2022-07-01,경기,파주시,전세가율,전세가율,73.6584
2022-08-01,경기,파주시,전세가율,전세가율,73.2919
2022-09-01,경기,파주시,전세가율,전세가율,73.3226
2022-10-01,경기,파주시,전세가율,전세가율,73.1549
2022-11-01,경기,파주시,전세가율,전세가율,72.9319
2022-12-01,경기,파주시,전세가율,전세가율,71.7435
2023-01-01,경기,파주시,전세가율,전세가율,71.2276
2023-02-01,경기,파주시,전세가율,전세가율,70.9353
2023-03-01,경기,파주시,전세가율,전세가율,70.2244
2023-04-01,경기,파주시,전세가율,전세가율,70.274
2023-05-01,경기,파주시,전세가율,전세가율,70.4806
2023-06-01,경기,파주시,전세가율,전세가율,70.545
2023-07-01,경기,파주시,전세가율,전세가율,70.7165
2023-08-01,경기,파주시,전세가율,전세가율,70.6435
2023-09-01,경기,파주시,전세가율,전세가율,70.4676
2023-10-01,경기,파주시,전세가율,전세가율,70.6529
2023-11-01,경기,파주시,전세가율,전세가율,70.7683
2023-12-01,경기,파주시,전세가율,전세가율,70.6496
2024-01-01,경기,파주시,전세가율,전세가율,70.6161
2024-02-01,경기,파주시,전세가율,전세가율,70.5854
2024-03-01,경기,파주시,전세가율,전세가율,70.593
2024-04-01,경기,파주시,전세가율,전세가율,70.5085
2024-05-01,경기,파주시,전세가율,전세가율,70.2519
2024-06-01,경기,파주시,전세가율,전세가율,70.0946
2024-07-01,경기,파주시,전세가율,전세가율,70.1479
2024-08-01,경기,파주시,전세가율,전세가율,70.2862
2024-09-01,경기,파주시,전세가율,전세가율,70.4025
2024-10-01,경기,파주시,전세가율,전세가율,70.5166
2024-11-01,경기,파주시,전세가율,전세가율,70.606
2024-12-01,경기,파주시,전세가율,전세가율,70.6294
2025-01-01,경기,파주시,전세가율,전세가율,70.9887
2025-02-01,경기,파주시,전세가율,전세가율,71.04
2025-03-01,경기,파주시,전세가율,전세가율,71.0237
2025-04-01,경기,파주시,전세가율,전세가율,71.117
2025-05-01,경기,파주시,전세가율,전세가율,71.157
2025-06-01,경기,파주시,전세가율,전세가율,71.1673
2025-07-01,경기,파주시,전세가율,전세가율,71.2047
2025-08-01,경기,파주시,전세가율,전세가율,71.4274
2025-09-01,경기,파주시,전세가율,전세가율,71.5236
2025-10-01,경기,파주시,전세가율,전세가율,71.8856
2025-11-01,경기,파주시,전세가율,전세가율,72.1837
2025-12-01,경기,파주시,전세가율,전세가율,72.371
2026-01-01,경기,파주시,전세가율,전세가율,72.6315
2026-02-01,경기,파주시,전세가율,전세가율,72.809
2026-03-01,경기,파주시,전세가율,전세가율,72.9433
2026-04-01,경기,파주시,전세가율,전세가율,73.0713
2026-05-01,경기,파주시,전세가율,전세가율,73.2885
2026-06-01,경기,파주시,전세가율,전세가율,73.4799
2013-04-01,경기,평택시,전세가율,전세가율,62.8539
2013-05-01,경기,평택시,전세가율,전세가율,63.1305
2013-06-01,경기,평택시,전세가율,전세가율,63.4906
2013-07-01,경기,평택시,전세가율,전세가율,63.7445
2013-08-01,경기,평택시,전세가율,전세가율,63.9527
2013-09-01,경기,평택시,전세가율,전세가율,64.1059
2013-10-01,경기,평택시,전세가율,전세가율,64.3198
2013-11-01,경기,평택시,전세가율,전세가율,64.5824
2013-12-01,경기,평택시,전세가율,전세가율,64.6444
2014-01-01,경기,평택시,전세가율,전세가율,65.1836
2014-02-01,경기,평택시,전세가율,전세가율,65.4656
2014-03-01,경기,평택시,전세가율,전세가율,65.7693
2014-04-01,경기,평택시,전세가율,전세가율,66.3785
2014-05-01,경기,평택시,전세가율,전세가율,66.4449
2014-06-01,경기,평택시,전세가율,전세가율,66.465
2014-07-01,경기,평택시,전세가율,전세가율,66.5198
2014-08-01,경기,평택시,전세가율,전세가율,66.4926
2014-09-01,경기,평택시,전세가율,전세가율,66.6822
2014-10-01,경기,평택시,전세가율,전세가율,67.2277
2014-11-01,경기,평택시,전세가율,전세가율,67.3926
2014-12-01,경기,평택시,전세가율,전세가율,67.5706
2015-01-01,경기,평택시,전세가율,전세가율,67.497
2015-02-01,경기,평택시,전세가율,전세가율,67.5727
2015-03-01,경기,평택시,전세가율,전세가율,67.6503
2015-04-01,경기,평택시,전세가율,전세가율,67.6747
2015-05-01,경기,평택시,전세가율,전세가율,67.7566
2015-06-01,경기,평택시,전세가율,전세가율,68.1728
2015-07-01,경기,평택시,전세가율,전세가율,68.2851
2015-08-01,경기,평택시,전세가율,전세가율,68.4785
2015-09-01,경기,평택시,전세가율,전세가율,70.4254
2015-10-01,경기,평택시,전세가율,전세가율,70.3543
2015-11-01,경기,평택시,전세가율,전세가율,70.6176
2015-12-01,경기,평택시,전세가율,전세가율,70.681
2016-01-01,경기,평택시,전세가율,전세가율,71.3485
2016-02-01,경기,평택시,전세가율,전세가율,71.3042
2016-03-01,경기,평택시,전세가율,전세가율,71.3042
2016-04-01,경기,평택시,전세가율,전세가율,70.9977
2016-05-01,경기,평택시,전세가율,전세가율,70.8996
2016-06-01,경기,평택시,전세가율,전세가율,70.9157
2016-07-01,경기,평택시,전세가율,전세가율,71.1536
2016-08-01,경기,평택시,전세가율,전세가율,71.5639
2016-09-01,경기,평택시,전세가율,전세가율,71.4268
2016-10-01,경기,평택시,전세가율,전세가율,71.3532
2016-11-01,경기,평택시,전세가율,전세가율,72.1621
2016-12-01,경기,평택시,전세가율,전세가율,72.3087
2017-01-01,경기,평택시,전세가율,전세가율,72.4073
2017-02-01,경기,평택시,전세가율,전세가율,72.2809
2017-03-01,경기,평택시,전세가율,전세가율,72.0857
2017-04-01,경기,평택시,전세가율,전세가율,72.1641
2017-05-01,경기,평택시,전세가율,전세가율,72.215
2017-06-01,경기,평택시,전세가율,전세가율,72.1631
2017-07-01,경기,평택시,전세가율,전세가율,71.9458
2017-08-01,경기,평택시,전세가율,전세가율,72.079
2017-09-01,경기,평택시,전세가율,전세가율,72.228
2017-10-01,경기,평택시,전세가율,전세가율,72.2594
2017-11-01,경기,평택시,전세가율,전세가율,72.6301
2017-12-01,경기,평택시,전세가율,전세가율,72.5887
2018-01-01,경기,평택시,전세가율,전세가율,72.7998
2018-02-01,경기,평택시,전세가율,전세가율,72.1326
2018-03-01,경기,평택시,전세가율,전세가율,71.9119
2018-04-01,경기,평택시,전세가율,전세가율,71.9291
2018-05-01,경기,평택시,전세가율,전세가율,71.9983
2018-06-01,경기,평택시,전세가율,전세가율,72.0433
2018-07-01,경기,평택시,전세가율,전세가율,71.0016
2018-08-01,경기,평택시,전세가율,전세가율,70.82
2018-09-01,경기,평택시,전세가율,전세가율,70.7184
2018-10-01,경기,평택시,전세가율,전세가율,70.2368
2018-11-01,경기,평택시,전세가율,전세가율,70.6054
2018-12-01,경기,평택시,전세가율,전세가율,70.1637
2019-01-01,경기,평택시,전세가율,전세가율,69.6568
2019-02-01,경기,평택시,전세가율,전세가율,69.6568
2019-03-01,경기,평택시,전세가율,전세가율,69.5606
2019-04-01,경기,평택시,전세가율,전세가율,69.5561
2019-05-01,경기,평택시,전세가율,전세가율,69.6216
2019-06-01,경기,평택시,전세가율,전세가율,70.0111
2019-07-01,경기,평택시,전세가율,전세가율,70.215
2019-08-01,경기,평택시,전세가율,전세가율,70.4083
2019-09-01,경기,평택시,전세가율,전세가율,70.6105
2019-10-01,경기,평택시,전세가율,전세가율,70.7303
2019-11-01,경기,평택시,전세가율,전세가율,71.2098
2019-12-01,경기,평택시,전세가율,전세가율,71.262
2020-01-01,경기,평택시,전세가율,전세가율,71.5258
2020-02-01,경기,평택시,전세가율,전세가율,71.65
2020-03-01,경기,평택시,전세가율,전세가율,71.65
2020-04-01,경기,평택시,전세가율,전세가율,71.6936
2020-05-01,경기,평택시,전세가율,전세가율,71.5137
2020-06-01,경기,평택시,전세가율,전세가율,71.5352
2020-07-01,경기,평택시,전세가율,전세가율,71.8405
2020-08-01,경기,평택시,전세가율,전세가율,72.6467
2020-09-01,경기,평택시,전세가율,전세가율,72.6467
2020-10-01,경기,평택시,전세가율,전세가율,74.9711
2020-11-01,경기,평택시,전세가율,전세가율,76.2736
2020-12-01,경기,평택시,전세가율,전세가율,77.3001
2021-01-01,경기,평택시,전세가율,전세가율,77.488
2021-02-01,경기,평택시,전세가율,전세가율,77.1267
2021-03-01,경기,평택시,전세가율,전세가율,77.7134
2021-04-01,경기,평택시,전세가율,전세가율,77.3889
2021-05-01,경기,평택시,전세가율,전세가율,76.8351
2021-06-01,경기,평택시,전세가율,전세가율,75.7567
2021-07-01,경기,평택시,전세가율,전세가율,74.2145
2021-08-01,경기,평택시,전세가율,전세가율,73.6074
2021-09-01,경기,평택시,전세가율,전세가율,72.1592
2021-10-01,경기,평택시,전세가율,전세가율,71.4646
2021-11-01,경기,평택시,전세가율,전세가율,70.3295
2021-12-01,경기,평택시,전세가율,전세가율,69.8562
2022-01-01,경기,평택시,전세가율,전세가율,70.0103
2022-02-01,경기,평택시,전세가율,전세가율,70.0177
2022-03-01,경기,평택시,전세가율,전세가율,70.111
2022-04-01,경기,평택시,전세가율,전세가율,70.3425
2022-05-01,경기,평택시,전세가율,전세가율,70.4729
2022-06-01,경기,평택시,전세가율,전세가율,70.9902
2022-07-01,경기,평택시,전세가율,전세가율,71.7629
2022-08-01,경기,평택시,전세가율,전세가율,72.0324
2022-09-01,경기,평택시,전세가율,전세가율,72.2901
2022-10-01,경기,평택시,전세가율,전세가율,73.5485
2022-11-01,경기,평택시,전세가율,전세가율,70.7555
2022-12-01,경기,평택시,전세가율,전세가율,70.4388
2023-01-01,경기,평택시,전세가율,전세가율,69.7778
2023-02-01,경기,평택시,전세가율,전세가율,69.0384
2023-03-01,경기,평택시,전세가율,전세가율,68.3736
2023-04-01,경기,평택시,전세가율,전세가율,68.4515
2023-05-01,경기,평택시,전세가율,전세가율,68.6844
2023-06-01,경기,평택시,전세가율,전세가율,68.5635
2023-07-01,경기,평택시,전세가율,전세가율,68.5516
2023-08-01,경기,평택시,전세가율,전세가율,67.9555
2023-09-01,경기,평택시,전세가율,전세가율,67.9957
2023-10-01,경기,평택시,전세가율,전세가율,67.4527
2023-11-01,경기,평택시,전세가율,전세가율,67.7232
2023-12-01,경기,평택시,전세가율,전세가율,67.762
2024-01-01,경기,평택시,전세가율,전세가율,67.8183
2024-02-01,경기,평택시,전세가율,전세가율,67.8422
2024-03-01,경기,평택시,전세가율,전세가율,67.7854
2024-04-01,경기,평택시,전세가율,전세가율,67.7803
2024-05-01,경기,평택시,전세가율,전세가율,67.6671
2024-06-01,경기,평택시,전세가율,전세가율,67.7511
2024-07-01,경기,평택시,전세가율,전세가율,67.8774
2024-08-01,경기,평택시,전세가율,전세가율,67.9793
2024-09-01,경기,평택시,전세가율,전세가율,67.982
2024-10-01,경기,평택시,전세가율,전세가율,68.0144
2024-11-01,경기,평택시,전세가율,전세가율,68.3059
2024-12-01,경기,평택시,전세가율,전세가율,68.4436
2025-01-01,경기,평택시,전세가율,전세가율,68.5704
2025-02-01,경기,평택시,전세가율,전세가율,68.8756
2025-03-01,경기,평택시,전세가율,전세가율,69.2243
2025-04-01,경기,평택시,전세가율,전세가율,69.4103
2025-05-01,경기,평택시,전세가율,전세가율,69.2359
2025-06-01,경기,평택시,전세가율,전세가율,69.4641
2025-07-01,경기,평택시,전세가율,전세가율,69.5054
2025-08-01,경기,평택시,전세가율,전세가율,69.6455
2025-09-01,경기,평택시,전세가율,전세가율,69.8741
2025-10-01,경기,평택시,전세가율,전세가율,70.1321
2025-11-01,경기,평택시,전세가율,전세가율,70.4643
2025-12-01,경기,평택시,전세가율,전세가율,70.509
2026-01-01,경기,평택시,전세가율,전세가율,70.5948
2026-02-01,경기,평택시,전세가율,전세가율,70.8815
2026-03-01,경기,평택시,전세가율,전세가율,71.5884
2026-04-01,경기,평택시,전세가율,전세가율,72.109
2026-05-01,경기,평택시,전세가율,전세가율,72.4172
2026-06-01,경기,평택시,전세가율,전세가율,72.9693
2022-11-01,경기,포천시,전세가율,전세가율,77.0963
2022-12-01,경기,포천시,전세가율,전세가율,76.4633
2023-01-01,경기,포천시,전세가율,전세가율,75.7608
2023-02-01,경기,포천시,전세가율,전세가율,74.0506
2023-03-01,경기,포천시,전세가율,전세가율,73.7563
2023-04-01,경기,포천시,전세가율,전세가율,74.1067
2023-05-01,경기,포천시,전세가율,전세가율,74.6063
2023-06-01,경기,포천시,전세가율,전세가율,74.8702
2023-07-01,경기,포천시,전세가율,전세가율,74.3062
2023-08-01,경기,포천시,전세가율,전세가율,73.7009
2023-09-01,경기,포천시,전세가율,전세가율,73.8525
2023-10-01,경기,포천시,전세가율,전세가율,73.8158
2023-11-01,경기,포천시,전세가율,전세가율,74.0468
2023-12-01,경기,포천시,전세가율,전세가율,74.1188
2024-01-01,경기,포천시,전세가율,전세가율,74.0198
2024-02-01,경기,포천시,전세가율,전세가율,74.0454
2024-03-01,경기,포천시,전세가율,전세가율,74.0502
2024-04-01,경기,포천시,전세가율,전세가율,74.2636
2024-05-01,경기,포천시,전세가율,전세가율,74.2596
2024-06-01,경기,포천시,전세가율,전세가율,74.5445
2024-07-01,경기,포천시,전세가율,전세가율,74.2133
2024-08-01,경기,포천시,전세가율,전세가율,74.2372
2024-09-01,경기,포천시,전세가율,전세가율,73.9227
2024-10-01,경기,포천시,전세가율,전세가율,73.9411
2024-11-01,경기,포천시,전세가율,전세가율,73.5952
2024-12-01,경기,포천시,전세가율,전세가율,73.4448
2025-01-01,경기,포천시,전세가율,전세가율,72.8377
2025-02-01,경기,포천시,전세가율,전세가율,73.3686
2025-03-01,경기,포천시,전세가율,전세가율,72.9634
2025-04-01,경기,포천시,전세가율,전세가율,72.7104
2025-05-01,경기,포천시,전세가율,전세가율,72.6785
2025-06-01,경기,포천시,전세가율,전세가율,73.0772
2025-07-01,경기,포천시,전세가율,전세가율,72.9137
2025-08-01,경기,포천시,전세가율,전세가율,72.9881
2025-09-01,경기,포천시,전세가율,전세가율,73.2946
2025-10-01,경기,포천시,전세가율,전세가율,73.3406
2025-11-01,경기,포천시,전세가율,전세가율,73.3024
2025-12-01,경기,포천시,전세가율,전세가율,73.3674
2026-01-01,경기,포천시,전세가율,전세가율,73.4408
2026-02-01,경기,포천시,전세가율,전세가율,73.9872
2026-03-01,경기,포천시,전세가율,전세가율,73.971
2026-04-01,경기,포천시,전세가율,전세가율,74.0764
2026-05-01,경기,포천시,전세가율,전세가율,74.2146
2026-06-01,경기,포천시,전세가율,전세가율,74.3213
2013-04-01,경기,하남시,전세가율,전세가율,60.2837
2013-05-01,경기,하남시,전세가율,전세가율,60.3168
2013-06-01,경기,하남시,전세가율,전세가율,60.3636
2013-07-01,경기,하남시,전세가율,전세가율,60.6187
2013-08-01,경기,하남시,전세가율,전세가율,61.1554
2013-09-01,경기,하남시,전세가율,전세가율,62.2059
2013-10-01,경기,하남시,전세가율,전세가율,62.4338
2013-11-01,경기,하남시,전세가율,전세가율,63.1804
2013-12-01,경기,하남시,전세가율,전세가율,63.5598
2014-01-01,경기,하남시,전세가율,전세가율,63.6396
2014-02-01,경기,하남시,전세가율,전세가율,64.9449
2014-03-01,경기,하남시,전세가율,전세가율,67.7146
2014-04-01,경기,하남시,전세가율,전세가율,68.2906
2014-05-01,경기,하남시,전세가율,전세가율,68.3074
2014-06-01,경기,하남시,전세가율,전세가율,68.6498
2014-07-01,경기,하남시,전세가율,전세가율,68.7962
2014-08-01,경기,하남시,전세가율,전세가율,69.2071
2014-09-01,경기,하남시,전세가율,전세가율,69.9102
2014-10-01,경기,하남시,전세가율,전세가율,70.5472
2014-11-01,경기,하남시,전세가율,전세가율,70.6481
2014-12-01,경기,하남시,전세가율,전세가율,70.8855
2015-01-01,경기,하남시,전세가율,전세가율,71.2122
2015-02-01,경기,하남시,전세가율,전세가율,73.0016
2015-03-01,경기,하남시,전세가율,전세가율,74.4498
2015-04-01,경기,하남시,전세가율,전세가율,76.5552
2015-05-01,경기,하남시,전세가율,전세가율,76.8391
2015-06-01,경기,하남시,전세가율,전세가율,77.1841
2015-07-01,경기,하남시,전세가율,전세가율,77.3323
2015-08-01,경기,하남시,전세가율,전세가율,77.1556
2015-09-01,경기,하남시,전세가율,전세가율,77.5737
2015-10-01,경기,하남시,전세가율,전세가율,78.1378
2015-11-01,경기,하남시,전세가율,전세가율,78.9149
2015-12-01,경기,하남시,전세가율,전세가율,79.0623
2016-01-01,경기,하남시,전세가율,전세가율,78.5196
2016-02-01,경기,하남시,전세가율,전세가율,79.1546
2016-03-01,경기,하남시,전세가율,전세가율,79.1546
2016-04-01,경기,하남시,전세가율,전세가율,78.3535
2016-05-01,경기,하남시,전세가율,전세가율,77.6881
2016-06-01,경기,하남시,전세가율,전세가율,76.9185
2016-07-01,경기,하남시,전세가율,전세가율,76.3559
2016-08-01,경기,하남시,전세가율,전세가율,75.6084
2016-09-01,경기,하남시,전세가율,전세가율,75.4118
2016-10-01,경기,하남시,전세가율,전세가율,75.0854
2016-11-01,경기,하남시,전세가율,전세가율,75.3518
2016-12-01,경기,하남시,전세가율,전세가율,75.8046
2017-01-01,경기,하남시,전세가율,전세가율,75.8273
2017-02-01,경기,하남시,전세가율,전세가율,75.6544
2017-03-01,경기,하남시,전세가율,전세가율,76.0028
2017-04-01,경기,하남시,전세가율,전세가율,75.97
2017-05-01,경기,하남시,전세가율,전세가율,76.3589
2017-06-01,경기,하남시,전세가율,전세가율,76.7978
2017-07-01,경기,하남시,전세가율,전세가율,77.1814
2017-08-01,경기,하남시,전세가율,전세가율,76.8099
2017-09-01,경기,하남시,전세가율,전세가율,76.266
2017-10-01,경기,하남시,전세가율,전세가율,75.8636
2017-11-01,경기,하남시,전세가율,전세가율,75.598
2017-12-01,경기,하남시,전세가율,전세가율,75.534
2018-01-01,경기,하남시,전세가율,전세가율,74.8847
2018-02-01,경기,하남시,전세가율,전세가율,74.9276
2018-03-01,경기,하남시,전세가율,전세가율,73.7999
2018-04-01,경기,하남시,전세가율,전세가율,73.6218
2018-05-01,경기,하남시,전세가율,전세가율,73.2129
2018-06-01,경기,하남시,전세가율,전세가율,72.6986
2018-07-01,경기,하남시,전세가율,전세가율,72.2278
2018-08-01,경기,하남시,전세가율,전세가율,70.7187
2018-09-01,경기,하남시,전세가율,전세가율,68.8153
2018-10-01,경기,하남시,전세가율,전세가율,67.6613
2018-11-01,경기,하남시,전세가율,전세가율,66.2636
2018-12-01,경기,하남시,전세가율,전세가율,65.4669
2019-01-01,경기,하남시,전세가율,전세가율,65.15
2019-02-01,경기,하남시,전세가율,전세가율,65.15
2019-03-01,경기,하남시,전세가율,전세가율,64.2723
2019-04-01,경기,하남시,전세가율,전세가율,64.1425
2019-05-01,경기,하남시,전세가율,전세가율,64.1596
2019-06-01,경기,하남시,전세가율,전세가율,63.9901
2019-07-01,경기,하남시,전세가율,전세가율,64.082
2019-08-01,경기,하남시,전세가율,전세가율,64.0154
2019-09-01,경기,하남시,전세가율,전세가율,64.1998
2019-10-01,경기,하남시,전세가율,전세가율,64.24
2019-11-01,경기,하남시,전세가율,전세가율,64.8312
2019-12-01,경기,하남시,전세가율,전세가율,65.1726
2020-01-01,경기,하남시,전세가율,전세가율,64.5365
2020-02-01,경기,하남시,전세가율,전세가율,61.8414
2020-03-01,경기,하남시,전세가율,전세가율,61.8414
2020-04-01,경기,하남시,전세가율,전세가율,60.96
2020-05-01,경기,하남시,전세가율,전세가율,61.4378
2020-06-01,경기,하남시,전세가율,전세가율,63.8273
2020-07-01,경기,하남시,전세가율,전세가율,65.7272
2020-08-01,경기,하남시,전세가율,전세가율,66.0313
2020-09-01,경기,하남시,전세가율,전세가율,66.0313
2020-10-01,경기,하남시,전세가율,전세가율,69.29
2020-11-01,경기,하남시,전세가율,전세가율,69.965
2020-12-01,경기,하남시,전세가율,전세가율,70.5785
2021-01-01,경기,하남시,전세가율,전세가율,72.0159
2021-02-01,경기,하남시,전세가율,전세가율,70.4343
2021-03-01,경기,하남시,전세가율,전세가율,68.167
2021-04-01,경기,하남시,전세가율,전세가율,67.4216
2021-05-01,경기,하남시,전세가율,전세가율,66.9759
2021-06-01,경기,하남시,전세가율,전세가율,66.5156
2021-07-01,경기,하남시,전세가율,전세가율,66.226
2021-08-01,경기,하남시,전세가율,전세가율,65.841
2021-09-01,경기,하남시,전세가율,전세가율,65.7808
2021-10-01,경기,하남시,전세가율,전세가율,65.4992
2021-11-01,경기,하남시,전세가율,전세가율,65.2765
2021-12-01,경기,하남시,전세가율,전세가율,65.2287
2022-01-01,경기,하남시,전세가율,전세가율,61.9296
2022-02-01,경기,하남시,전세가율,전세가율,65.2085
2022-03-01,경기,하남시,전세가율,전세가율,65.2835
2022-04-01,경기,하남시,전세가율,전세가율,65.3153
2022-05-01,경기,하남시,전세가율,전세가율,65.2041
2022-06-01,경기,하남시,전세가율,전세가율,65.3932
2022-07-01,경기,하남시,전세가율,전세가율,65.4045
2022-08-01,경기,하남시,전세가율,전세가율,65.141
2022-09-01,경기,하남시,전세가율,전세가율,65.1618
2022-10-01,경기,하남시,전세가율,전세가율,64.6545
2022-11-01,경기,하남시,전세가율,전세가율,59.715
2022-12-01,경기,하남시,전세가율,전세가율,58.2003
2023-01-01,경기,하남시,전세가율,전세가율,57.162
2023-02-01,경기,하남시,전세가율,전세가율,56.259
2023-03-01,경기,하남시,전세가율,전세가율,56.6086
2023-04-01,경기,하남시,전세가율,전세가율,56.723
2023-05-01,경기,하남시,전세가율,전세가율,56.92
2023-06-01,경기,하남시,전세가율,전세가율,57.2667
2023-07-01,경기,하남시,전세가율,전세가율,57.9327
2023-08-01,경기,하남시,전세가율,전세가율,58.2128
2023-09-01,경기,하남시,전세가율,전세가율,58.9325
2023-10-01,경기,하남시,전세가율,전세가율,59.7966
2023-11-01,경기,하남시,전세가율,전세가율,59.836
2023-12-01,경기,하남시,전세가율,전세가율,60.0477
2024-01-01,경기,하남시,전세가율,전세가율,60.1517
2024-02-01,경기,하남시,전세가율,전세가율,60.3787
2024-03-01,경기,하남시,전세가율,전세가율,60.7148
2024-04-01,경기,하남시,전세가율,전세가율,60.7639
2024-05-01,경기,하남시,전세가율,전세가율,60.7788
2024-06-01,경기,하남시,전세가율,전세가율,60.7115
2024-07-01,경기,하남시,전세가율,전세가율,60.6212
2024-08-01,경기,하남시,전세가율,전세가율,60.2739
2024-09-01,경기,하남시,전세가율,전세가율,59.9984
2024-10-01,경기,하남시,전세가율,전세가율,60.1636
2024-11-01,경기,하남시,전세가율,전세가율,60.3319
2024-12-01,경기,하남시,전세가율,전세가율,60.3767
2025-01-01,경기,하남시,전세가율,전세가율,60.3397
2025-02-01,경기,하남시,전세가율,전세가율,60.4831
2025-03-01,경기,하남시,전세가율,전세가율,60.5752
2025-04-01,경기,하남시,전세가율,전세가율,60.7062
2025-05-01,경기,하남시,전세가율,전세가율,60.8389
2025-06-01,경기,하남시,전세가율,전세가율,60.8786
2025-07-01,경기,하남시,전세가율,전세가율,60.8697
2025-08-01,경기,하남시,전세가율,전세가율,61.081
2025-09-01,경기,하남시,전세가율,전세가율,61.1953
2025-10-01,경기,하남시,전세가율,전세가율,61.0979
2025-11-01,경기,하남시,전세가율,전세가율,60.9581
2025-12-01,경기,하남시,전세가율,전세가율,61.5263
2026-01-01,경기,하남시,전세가율,전세가율,61.2933
2026-02-01,경기,하남시,전세가율,전세가율,60.5769
2026-03-01,경기,하남시,전세가율,전세가율,60.1588
2026-04-01,경기,하남시,전세가율,전세가율,59.8914
2026-05-01,경기,하남시,전세가율,전세가율,59.6276
2026-06-01,경기,하남시,전세가율,전세가율,59.5784
2013-04-01,경기,화성시,전세가율,전세가율,62.3085
2013-05-01,경기,화성시,전세가율,전세가율,62.5851
2013-06-01,경기,화성시,전세가율,전세가율,62.9014
2013-07-01,경기,화성시,전세가율,전세가율,63.685
2013-08-01,경기,화성시,전세가율,전세가율,64.3166
2013-09-01,경기,화성시,전세가율,전세가율,64.7532
2013-10-01,경기,화성시,전세가율,전세가율,65.7197
2013-11-01,경기,화성시,전세가율,전세가율,66.2025
2013-12-01,경기,화성시,전세가율,전세가율,66.648
2014-01-01,경기,화성시,전세가율,전세가율,67.3768
2014-02-01,경기,화성시,전세가율,전세가율,68.3226
2014-03-01,경기,화성시,전세가율,전세가율,69.0381
2014-04-01,경기,화성시,전세가율,전세가율,71.6528
2014-05-01,경기,화성시,전세가율,전세가율,72.4703
2014-06-01,경기,화성시,전세가율,전세가율,73.5946
2014-07-01,경기,화성시,전세가율,전세가율,74.1609
2014-08-01,경기,화성시,전세가율,전세가율,75.0562
2014-09-01,경기,화성시,전세가율,전세가율,75.7606
2014-10-01,경기,화성시,전세가율,전세가율,76.7519
2014-11-01,경기,화성시,전세가율,전세가율,77.6477
2014-12-01,경기,화성시,전세가율,전세가율,78.1358
2015-01-01,경기,화성시,전세가율,전세가율,78.0228
2015-02-01,경기,화성시,전세가율,전세가율,77.8837
2015-03-01,경기,화성시,전세가율,전세가율,77.5351
2015-04-01,경기,화성시,전세가율,전세가율,77.2648
2015-05-01,경기,화성시,전세가율,전세가율,77.153
2015-06-01,경기,화성시,전세가율,전세가율,77.0729
2015-07-01,경기,화성시,전세가율,전세가율,77.1874
2015-08-01,경기,화성시,전세가율,전세가율,77.3511
2015-09-01,경기,화성시,전세가율,전세가율,77.4983
2015-10-01,경기,화성시,전세가율,전세가율,77.9676
2015-11-01,경기,화성시,전세가율,전세가율,77.9648
2015-12-01,경기,화성시,전세가율,전세가율,77.8212
2016-01-01,경기,화성시,전세가율,전세가율,75.3175
2016-02-01,경기,화성시,전세가율,전세가율,76.0364
2016-03-01,경기,화성시,전세가율,전세가율,76.0364
2016-04-01,경기,화성시,전세가율,전세가율,76.8222
2016-05-01,경기,화성시,전세가율,전세가율,77.275
2016-06-01,경기,화성시,전세가율,전세가율,77.6732
2016-07-01,경기,화성시,전세가율,전세가율,77.9851
2016-08-01,경기,화성시,전세가율,전세가율,78.6294
2016-09-01,경기,화성시,전세가율,전세가율,78.3293
2016-10-01,경기,화성시,전세가율,전세가율,78.1456
2016-11-01,경기,화성시,전세가율,전세가율,78.4931
2016-12-01,경기,화성시,전세가율,전세가율,78.8185
2017-01-01,경기,화성시,전세가율,전세가율,78.8701
2017-02-01,경기,화성시,전세가율,전세가율,78.9135
2017-03-01,경기,화성시,전세가율,전세가율,79.0121
2017-04-01,경기,화성시,전세가율,전세가율,78.7854
2017-05-01,경기,화성시,전세가율,전세가율,78.8364
2017-06-01,경기,화성시,전세가율,전세가율,78.4288
2017-07-01,경기,화성시,전세가율,전세가율,78.1421
2017-08-01,경기,화성시,전세가율,전세가율,77.9071
2017-09-01,경기,화성시,전세가율,전세가율,77.3836
2017-10-01,경기,화성시,전세가율,전세가율,77.2415
2017-11-01,경기,화성시,전세가율,전세가율,77.0536
2017-12-01,경기,화성시,전세가율,전세가율,76.8087
2018-01-01,경기,화성시,전세가율,전세가율,76.2443
2018-02-01,경기,화성시,전세가율,전세가율,76.0858
2018-03-01,경기,화성시,전세가율,전세가율,74.8351
2018-04-01,경기,화성시,전세가율,전세가율,74.3904
2018-05-01,경기,화성시,전세가율,전세가율,73.9972
2018-06-01,경기,화성시,전세가율,전세가율,73.5753
2018-07-01,경기,화성시,전세가율,전세가율,72.9696
2018-08-01,경기,화성시,전세가율,전세가율,72.845
2018-09-01,경기,화성시,전세가율,전세가율,71.8374
2018-10-01,경기,화성시,전세가율,전세가율,71.4328
2018-11-01,경기,화성시,전세가율,전세가율,71.3946
2018-12-01,경기,화성시,전세가율,전세가율,71.1162
2019-01-01,경기,화성시,전세가율,전세가율,71.2489
2019-02-01,경기,화성시,전세가율,전세가율,71.2489
2019-03-01,경기,화성시,전세가율,전세가율,70.5873
2019-04-01,경기,화성시,전세가율,전세가율,70.4754
2019-05-01,경기,화성시,전세가율,전세가율,70.217
2019-06-01,경기,화성시,전세가율,전세가율,69.9524
2019-07-01,경기,화성시,전세가율,전세가율,69.5766
2019-08-01,경기,화성시,전세가율,전세가율,69.6654
2019-09-01,경기,화성시,전세가율,전세가율,70.4621
2019-10-01,경기,화성시,전세가율,전세가율,70.9426
2019-11-01,경기,화성시,전세가율,전세가율,71.4938
2019-12-01,경기,화성시,전세가율,전세가율,71.4434
2020-01-01,경기,화성시,전세가율,전세가율,71.3478
2020-02-01,경기,화성시,전세가율,전세가율,69.5256
2020-03-01,경기,화성시,전세가율,전세가율,69.5256
2020-04-01,경기,화성시,전세가율,전세가율,65.2449
2020-05-01,경기,화성시,전세가율,전세가율,65.3527
2020-06-01,경기,화성시,전세가율,전세가율,65.0467
2020-07-01,경기,화성시,전세가율,전세가율,65.407
2020-08-01,경기,화성시,전세가율,전세가율,68.3195
2020-09-01,경기,화성시,전세가율,전세가율,68.3195
2020-10-01,경기,화성시,전세가율,전세가율,73.0026
2020-11-01,경기,화성시,전세가율,전세가율,77.9749
2020-12-01,경기,화성시,전세가율,전세가율,77.1928
2021-01-01,경기,화성시,전세가율,전세가율,76.4088
2021-02-01,경기,화성시,전세가율,전세가율,75.4255
2021-03-01,경기,화성시,전세가율,전세가율,73.867
2021-04-01,경기,화성시,전세가율,전세가율,72.1985
2021-05-01,경기,화성시,전세가율,전세가율,70.9505
2021-06-01,경기,화성시,전세가율,전세가율,69.5979
2021-07-01,경기,화성시,전세가율,전세가율,68.9583
2021-08-01,경기,화성시,전세가율,전세가율,67.5413
2021-09-01,경기,화성시,전세가율,전세가율,65.0984
2021-10-01,경기,화성시,전세가율,전세가율,64.0967
2021-11-01,경기,화성시,전세가율,전세가율,63.5793
2021-12-01,경기,화성시,전세가율,전세가율,63.562
2022-01-01,경기,화성시,전세가율,전세가율,64.4425
2022-02-01,경기,화성시,전세가율,전세가율,64.8465
2022-03-01,경기,화성시,전세가율,전세가율,64.9193
2022-04-01,경기,화성시,전세가율,전세가율,64.9107
2022-05-01,경기,화성시,전세가율,전세가율,65.0008
2022-06-01,경기,화성시,전세가율,전세가율,65.3383
2022-07-01,경기,화성시,전세가율,전세가율,65.6371
2022-08-01,경기,화성시,전세가율,전세가율,66.1679
2022-09-01,경기,화성시,전세가율,전세가율,66.5653
2022-10-01,경기,화성시,전세가율,전세가율,66.8119
2022-11-01,경기,화성시,전세가율,전세가율,64.1486
2022-12-01,경기,화성시,전세가율,전세가율,63.0091
2023-01-01,경기,화성시,전세가율,전세가율,61.2468
2023-02-01,경기,화성시,전세가율,전세가율,58.2176
2023-03-01,경기,화성시,전세가율,전세가율,58.4264
2023-04-01,경기,화성시,전세가율,전세가율,59.3294
2023-05-01,경기,화성시,전세가율,전세가율,59.1512
2023-06-01,경기,화성시,전세가율,전세가율,59.1266
2023-07-01,경기,화성시,전세가율,전세가율,59.3139
2023-08-01,경기,화성시,전세가율,전세가율,59.804
2023-09-01,경기,화성시,전세가율,전세가율,60.6524
2023-10-01,경기,화성시,전세가율,전세가율,61.397
2023-11-01,경기,화성시,전세가율,전세가율,62.1187
2023-12-01,경기,화성시,전세가율,전세가율,62.661
2024-01-01,경기,화성시,전세가율,전세가율,62.87
2024-02-01,경기,화성시,전세가율,전세가율,62.9912
2024-03-01,경기,화성시,전세가율,전세가율,63.1229
2024-04-01,경기,화성시,전세가율,전세가율,63.2541
2024-05-01,경기,화성시,전세가율,전세가율,63.4121
2024-06-01,경기,화성시,전세가율,전세가율,63.5039
2024-07-01,경기,화성시,전세가율,전세가율,63.5304
2024-08-01,경기,화성시,전세가율,전세가율,63.4466
2024-09-01,경기,화성시,전세가율,전세가율,63.4593
2024-10-01,경기,화성시,전세가율,전세가율,63.6083
2024-11-01,경기,화성시,전세가율,전세가율,63.7757
2024-12-01,경기,화성시,전세가율,전세가율,64.0058
2025-01-01,경기,화성시,전세가율,전세가율,64.1387
2025-02-01,경기,화성시,전세가율,전세가율,64.2242
2025-03-01,경기,화성시,전세가율,전세가율,64.2891
2025-04-01,경기,화성시,전세가율,전세가율,64.2917
2025-05-01,경기,화성시,전세가율,전세가율,64.3405
2025-06-01,경기,화성시,전세가율,전세가율,64.2956
2025-07-01,경기,화성시,전세가율,전세가율,64.3277
2025-08-01,경기,화성시,전세가율,전세가율,64.2889
2025-09-01,경기,화성시,전세가율,전세가율,64.2877
2025-10-01,경기,화성시,전세가율,전세가율,64.3301
2025-11-01,경기,화성시,전세가율,전세가율,64.3499
2025-12-01,경기,화성시,전세가율,전세가율,64.4291
2026-01-01,경기,화성시,전세가율,전세가율,64.6701
2026-02-01,경기,화성시,전세가율,전세가율,64.7084
2026-03-01,경기,화성시,전세가율,전세가율,64.832
2026-04-01,경기,화성시,전세가율,전세가율,65.0418
2026-05-01,경기,화성시,전세가율,전세가율,65.443
2026-06-01,경기,화성시,전세가율,전세가율,65.1692
2026-02-01,경기,화성시 동탄구,전세가율,전세가율,58.3781
2026-03-01,경기,화성시 동탄구,전세가율,전세가율,58.2883
2026-04-01,경기,화성시 동탄구,전세가율,전세가율,58.4238
2026-05-01,경기,화성시 동탄구,전세가율,전세가율,58.8478
2026-06-01,경기,화성시 동탄구,전세가율,전세가율,58.0017
2026-02-01,경기,화성시 만세구,전세가율,전세가율,69.4138
2026-03-01,경기,화성시 만세구,전세가율,전세가율,69.7409
2026-04-01,경기,화성시 만세구,전세가율,전세가율,69.904
2026-05-01,경기,화성시 만세구,전세가율,전세가율,70.5998
2026-06-01,경기,화성시 만세구,전세가율,전세가율,70.8474
2026-02-01,경기,화성시 병점구,전세가율,전세가율,70.4379
2026-03-01,경기,화성시 병점구,전세가율,전세가율,70.6808
2026-04-01,경기,화성시 병점구,전세가율,전세가율,71.1911
2026-05-01,경기,화성시 병점구,전세가율,전세가율,71.4712
2026-06-01,경기,화성시 병점구,전세가율,전세가율,71.7917
2026-02-01,경기,화성시 효행구,전세가율,전세가율,69.6146
2026-03-01,경기,화성시 효행구,전세가율,전세가율,69.8534
2026-04-01,경기,화성시 효행구,전세가율,전세가율,69.8274
2026-05-01,경기,화성시 효행구,전세가율,전세가율,69.8943
2026-06-01,경기,화성시 효행구,전세가율,전세가율,69.7767
